timestamp,ueImsiComplete,numActiveUes,DRB.EstabSucc.5QI.UEID (numDrb),DRB.RelActNbr.5QI.UEID (0),L3 serving Id(m_cellId),UE (imsi),L3 serving SINR,L3 serving SINR 3gpp,L3 neigh Id 1 (cellId),L3 neigh SINR 1,L3 neigh SINR 3gpp 1 (convertedSinr),L3 neigh Id 2 (cellId),L3 neigh SINR 2,L3 neigh SINR 3gpp 2 (convertedSinr),L3 neigh Id 3 (cellId),L3 neigh SINR 3,L3 neigh SINR 3gpp 3 (convertedSinr),L3 neigh Id 4 (cellId),L3 neigh SINR 4,L3 neigh SINR 3gpp 4 (convertedSinr),L3 neigh Id 5 (cellId),L3 neigh SINR 5,L3 neigh SINR 3gpp 5 (convertedSinr),L3 neigh Id 6 (cellId),L3 neigh SINR 6,L3 neigh SINR 3gpp 6 (convertedSinr),L3 neigh Id 7 (cellId),L3 neigh SINR 7,L3 neigh SINR 3gpp 7 (convertedSinr),L3 neigh Id 8 (cellId),L3 neigh SINR 8,L3 neigh SINR 3gpp 8 (convertedSinr)
1732482132571,00001,12,0,0,2,1,28.401624,104.000000,,,,,,,,,,,,,,,,,,,,,,,,
1732482132571,00002,12,0,0,2,2,21.418893,90.000000,,,,,,,,,,,,,,,,,,,,,,,,
1732482132571,00003,12,0,0,2,3,16.154941,79.000000,,,,,,,,,,,,,,,,,,,,,,,,
1732482132571,00004,12,0,0,2,4,12.069065,71.000000,,,,,,,,,,,,,,,,,,,,,,,,
1732482132571,00005,12,0,0,2,5,25.649310,98.000000,,,,,,,,,,,,,,,,,,,,,,,,
1732482132571,00006,12,0,0,2,6,22.837873,92.000000,,,,,,,,,,,,,,,,,,,,,,,,
1732482132571,00007,12,0,0,2,7,14.946007,76.000000,,,,,,,,,,,,,,,,,,,,,,,,
1732482132571,00008,12,0,0,2,8,15.226635,77.000000,,,,,,,,,,,,,,,,,,,,,,,,
1732482132571,00009,12,0,0,2,9,18.955624,85.000000,,,,,,,,,,,,,,,,,,,,,,,,
1732482132571,00010,12,0,0,2,10,21.453524,90.000000,,,,,,,,,,,,,,,,,,,,,,,,
1732482132571,00011,12,0,0,2,11,17.644766,82.000000,,,,,,,,,,,,,,,,,,,,,,,,
1732482132571,00012,12,0,0,2,12,23.385422,94.000000,,,,,,,,,,,,,,,,,,,,,,,,
1732482132671,00001,12,0,0,2,1,31.572632,110.000000,,,,,,,,,,,,,,,,,,,,,,,,
1732482132671,00002,12,0,0,2,2,19.183951,85.000000,,,,,,,,,,,,,,,,,,,,,,,,
1732482132671,00003,12,0,0,2,3,15.997152,79.000000,,,,,,,,,,,,,,,,,,,,,,,,
1732482132671,00004,12,0,0,2,4,11.894849,70.000000,,,,,,,,,,,,,,,,,,,,,,,,
1732482132671,00005,12,0,0,2,5,26.375529,100.000000,,,,,,,,,,,,,,,,,,,,,,,,
1732482132671,00006,12,0,0,2,6,17.482616,82.000000,,,,,,,,,,,,,,,,,,,,,,,,
1732482132671,00007,12,0,0,2,7,14.473758,76.000000,,,,,,,,,,,,,,,,,,,,,,,,
1732482132671,00008,12,0,0,2,8,11.078276,69.000000,,,,,,,,,,,,,,,,,,,,,,,,
1732482132671,00009,12,0,0,2,9,18.226104,83.000000,,,,,,,,,,,,,,,,,,,,,,,,
1732482132671,00010,12,0,0,2,10,20.602013,88.000000,,,,,,,,,,,,,,,,,,,,,,,,
1732482132671,00011,12,0,0,2,11,19.495521,86.000000,,,,,,,,,,,,,,,,,,,,,,,,
1732482132671,00012,12,0,0,2,12,24.235252,95.000000,,,,,,,,,,,,,,,,,,,,,,,,
1732482132771,00001,12,0,0,2,1,28.740539,104.000000,,,,,,,,,,,,,,,,,,,,,,,,
1732482132771,00002,12,0,0,2,2,19.042510,85.000000,,,,,,,,,,,,,,,,,,,,,,,,
1732482132771,00003,12,0,0,2,3,17.929199,83.000000,,,,,,,,,,,,,,,,,,,,,,,,
1732482132771,00004,12,0,0,2,4,11.489066,70.000000,,,,,,,,,,,,,,,,,,,,,,,,
1732482132771,00005,12,0,0,2,5,25.617706,98.000000,,,,,,,,,,,,,,,,,,,,,,,,
1732482132771,00006,12,0,0,2,6,20.088271,87.000000,,,,,,,,,,,,,,,,,,,,,,,,
1732482132771,00007,12,0,0,2,7,12.440639,71.000000,,,,,,,,,,,,,,,,,,,,,,,,
1732482132771,00008,12,0,0,2,8,15.711498,78.000000,,,,,,,,,,,,,,,,,,,,,,,,
1732482132771,00009,12,0,0,2,9,18.832247,84.000000,,,,,,,,,,,,,,,,,,,,,,,,
1732482132771,00010,12,0,0,2,10,20.791726,88.000000,,,,,,,,,,,,,,,,,,,,,,,,
1732482132771,00011,12,0,0,2,11,18.032467,83.000000,,,,,,,,,,,,,,,,,,,,,,,,
1732482132771,00012,12,0,0,2,12,23.903890,95.000000,,,,,,,,,,,,,,,,,,,,,,,,
1732482132871,00001,12,0,0,2,1,29.819210,106.000000,,,,,,,,,,,,,,,,,,,,,,,,
1732482132871,00002,12,0,0,2,2,18.976807,85.000000,,,,,,,,,,,,,,,,,,,,,,,,
1732482132871,00003,12,0,0,2,3,16.801428,80.000000,,,,,,,,,,,,,,,,,,,,,,,,
1732482132871,00004,12,0,0,2,4,10.118457,67.000000,,,,,,,,,,,,,,,,,,,,,,,,
1732482132871,00005,12,0,0,2,5,26.017600,99.000000,,,,,,,,,,,,,,,,,,,,,,,,
1732482132871,00006,12,0,0,2,6,21.917863,91.000000,,,,,,,,,,,,,,,,,,,,,,,,
1732482132871,00007,12,0,0,2,7,13.349013,73.000000,,,,,,,,,,,,,,,,,,,,,,,,
1732482132871,00008,12,0,0,2,8,15.440520,77.000000,,,,,,,,,,,,,,,,,,,,,,,,
1732482132871,00009,12,0,0,2,9,19.679367,86.000000,,,,,,,,,,,,,,,,,,,,,,,,
1732482132871,00010,12,0,0,2,10,23.311096,93.000000,,,,,,,,,,,,,,,,,,,,,,,,
1732482132871,00011,12,0,0,2,11,17.734756,82.000000,,,,,,,,,,,,,,,,,,,,,,,,
1732482132871,00012,12,0,0,2,12,24.760130,96.000000,,,,,,,,,,,,,,,,,,,,,,,,
1732482132971,00001,12,0,0,2,1,29.722258,106.000000,,,,,,,,,,,,,,,,,,,,,,,,
1732482132971,00002,12,0,0,2,2,19.348884,85.000000,,,,,,,,,,,,,,,,,,,,,,,,
1732482132971,00003,12,0,0,2,3,16.765703,80.000000,,,,,,,,,,,,,,,,,,,,,,,,
1732482132971,00004,12,0,0,2,4,11.410177,69.000000,,,,,,,,,,,,,,,,,,,,,,,,
1732482132971,00005,12,0,0,2,5,26.165911,99.000000,,,,,,,,,,,,,,,,,,,,,,,,
1732482132971,00006,12,0,0,2,6,20.211218,87.000000,,,,,,,,,,,,,,,,,,,,,,,,
1732482132971,00007,12,0,0,2,7,14.407175,75.000000,,,,,,,,,,,,,,,,,,,,,,,,
1732482132971,00008,12,0,0,2,8,15.442855,77.000000,,,,,,,,,,,,,,,,,,,,,,,,
1732482132971,00009,12,0,0,2,9,18.556538,84.000000,,,,,,,,,,,,,,,,,,,,,,,,
1732482132971,00010,12,0,0,2,10,21.904766,91.000000,,,,,,,,,,,,,,,,,,,,,,,,
1732482132971,00011,12,0,0,2,11,19.255947,85.000000,,,,,,,,,,,,,,,,,,,,,,,,
1732482132971,00012,12,0,0,2,12,26.437833,100.000000,,,,,,,,,,,,,,,,,,,,,,,,
1732482133071,00001,12,0,0,2,1,30.501274,108.000000,,,,,,,,,,,,,,,,,,,,,,,,
1732482133071,00002,12,0,0,2,2,20.971902,89.000000,,,,,,,,,,,,,,,,,,,,,,,,
1732482133071,00003,12,0,0,2,3,16.583954,80.000000,,,,,,,,,,,,,,,,,,,,,,,,
1732482133071,00004,12,0,0,2,4,9.212955,65.000000,,,,,,,,,,,,,,,,,,,,,,,,
1732482133071,00005,12,0,0,2,5,27.443642,102.000000,,,,,,,,,,,,,,,,,,,,,,,,
1732482133071,00006,12,0,0,2,6,18.993757,85.000000,,,,,,,,,,,,,,,,,,,,,,,,
1732482133071,00007,12,0,0,2,7,14.375614,75.000000,,,,,,,,,,,,,,,,,,,,,,,,
1732482133071,00008,12,0,0,2,8,15.023406,77.000000,,,,,,,,,,,,,,,,,,,,,,,,
1732482133071,00009,12,0,0,2,9,20.149589,87.000000,,,,,,,,,,,,,,,,,,,,,,,,
1732482133071,00010,12,0,0,2,10,22.625870,92.000000,,,,,,,,,,,,,,,,,,,,,,,,
1732482133071,00011,12,0,0,2,11,17.829675,82.000000,,,,,,,,,,,,,,,,,,,,,,,,
1732482133071,00012,12,0,0,2,12,24.901080,97.000000,,,,,,,,,,,,,,,,,,,,,,,,
1732482133171,00001,12,0,0,2,1,29.647348,106.000000,,,,,,,,,,,,,,,,,,,,,,,,
1732482133171,00002,12,0,0,2,2,19.883087,86.000000,,,,,,,,,,,,,,,,,,,,,,,,
1732482133171,00003,12,0,0,2,3,18.148348,83.000000,,,,,,,,,,,,,,,,,,,,,,,,
1732482133171,00004,12,0,0,2,4,12.021030,71.000000,,,,,,,,,,,,,,,,,,,,,,,,
1732482133171,00005,12,0,0,2,5,25.301014,97.000000,,,,,,,,,,,,,,,,,,,,,,,,
1732482133171,00006,12,0,0,2,6,23.355002,93.000000,,,,,,,,,,,,,,,,,,,,,,,,
1732482133171,00007,12,0,0,2,7,13.802826,74.000000,,,,,,,,,,,,,,,,,,,,,,,,
1732482133171,00008,12,0,0,2,8,16.554526,80.000000,,,,,,,,,,,,,,,,,,,,,,,,
1732482133171,00009,12,0,0,2,9,18.944475,85.000000,,,,,,,,,,,,,,,,,,,,,,,,
1732482133171,00010,12,0,0,2,10,19.891066,86.000000,,,,,,,,,,,,,,,,,,,,,,,,
1732482133171,00011,12,0,0,2,11,19.278747,85.000000,,,,,,,,,,,,,,,,,,,,,,,,
1732482133171,00012,12,0,0,2,12,25.219016,97.000000,,,,,,,,,,,,,,,,,,,,,,,,
1732482133271,00001,12,0,0,2,1,29.625522,106.000000,,,,,,,,,,,,,,,,,,,,,,,,
1732482133271,00002,12,0,0,2,2,19.066017,85.000000,,,,,,,,,,,,,,,,,,,,,,,,
1732482133271,00003,12,0,0,2,3,17.029984,81.000000,,,,,,,,,,,,,,,,,,,,,,,,
1732482133271,00004,12,0,0,2,4,10.863185,68.000000,,,,,,,,,,,,,,,,,,,,,,,,
1732482133271,00005,12,0,0,2,5,25.910704,99.000000,,,,,,,,,,,,,,,,,,,,,,,,
1732482133271,00006,12,0,0,2,6,20.539035,88.000000,,,,,,,,,,,,,,,,,,,,,,,,
1732482133271,00007,12,0,0,2,7,14.065150,75.000000,,,,,,,,,,,,,,,,,,,,,,,,
1732482133271,00008,12,0,0,2,8,14.107287,75.000000,,,,,,,,,,,,,,,,,,,,,,,,
1732482133271,00009,12,0,0,2,9,18.978331,85.000000,,,,,,,,,,,,,,,,,,,,,,,,
1732482133271,00010,12,0,0,2,10,21.266771,89.000000,,,,,,,,,,,,,,,,,,,,,,,,
1732482133271,00011,12,0,0,2,11,19.443365,86.000000,,,,,,,,,,,,,,,,,,,,,,,,
1732482133271,00012,12,0,0,2,12,24.067313,95.000000,,,,,,,,,,,,,,,,,,,,,,,,
1732482133371,00001,12,0,0,2,1,31.484645,110.000000,,,,,,,,,,,,,,,,,,,,,,,,
1732482133371,00002,12,0,0,2,2,18.409399,83.000000,,,,,,,,,,,,,,,,,,,,,,,,
1732482133371,00003,12,0,0,2,3,16.210689,79.000000,,,,,,,,,,,,,,,,,,,,,,,,
1732482133371,00004,12,0,0,2,4,10.507037,68.000000,,,,,,,,,,,,,,,,,,,,,,,,
1732482133371,00005,12,0,0,2,5,23.375797,93.000000,,,,,,,,,,,,,,,,,,,,,,,,
1732482133371,00006,12,0,0,2,6,23.587045,94.000000,,,,,,,,,,,,,,,,,,,,,,,,
1732482133371,00007,12,0,0,2,7,14.154474,75.000000,,,,,,,,,,,,,,,,,,,,,,,,
1732482133371,00008,12,0,0,2,8,15.317127,77.000000,,,,,,,,,,,,,,,,,,,,,,,,
1732482133371,00009,12,0,0,2,9,18.839267,84.000000,,,,,,,,,,,,,,,,,,,,,,,,
1732482133371,00010,12,0,0,2,10,23.829721,94.000000,,,,,,,,,,,,,,,,,,,,,,,,
1732482133371,00011,12,0,0,2,11,19.363393,85.000000,,,,,,,,,,,,,,,,,,,,,,,,
1732482133371,00012,12,0,0,2,12,25.232424,97.000000,,,,,,,,,,,,,,,,,,,,,,,,
1732482133471,00001,12,0,0,2,1,27.706519,102.000000,,,,,,,,,,,,,,,,,,,,,,,,
1732482133471,00002,12,0,0,2,2,18.104138,83.000000,,,,,,,,,,,,,,,,,,,,,,,,
1732482133471,00003,12,0,0,2,3,15.849128,78.000000,,,,,,,,,,,,,,,,,,,,,,,,
1732482133471,00004,12,0,0,2,4,11.687527,70.000000,,,,,,,,,,,,,,,,,,,,,,,,
1732482133471,00005,12,0,0,2,5,18.795996,84.000000,,,,,,,,,,,,,,,,,,,,,,,,
1732482133471,00006,12,0,0,2,6,18.921884,85.000000,,,,,,,,,,,,,,,,,,,,,,,,
1732482133471,00007,12,0,0,2,7,11.840229,70.000000,,,,,,,,,,,,,,,,,,,,,,,,
1732482133471,00008,12,0,0,2,8,14.625777,76.000000,,,,,,,,,,,,,,,,,,,,,,,,
1732482133471,00009,12,0,0,2,9,18.334758,83.000000,,,,,,,,,,,,,,,,,,,,,,,,
1732482133471,00010,12,0,0,2,10,22.096227,91.000000,,,,,,,,,,,,,,,,,,,,,,,,
1732482133471,00011,12,0,0,2,11,11.889444,70.000000,,,,,,,,,,,,,,,,,,,,,,,,
1732482133471,00012,12,0,0,2,12,24.050780,95.000000,,,,,,,,,,,,,,,,,,,,,,,,
1732482133571,00001,12,0,0,2,1,29.552057,106.000000,,,,,,,,,,,,,,,,,,,,,,,,
1732482133571,00002,12,0,0,2,2,20.557324,88.000000,,,,,,,,,,,,,,,,,,,,,,,,
1732482133571,00003,12,0,0,2,3,16.216419,79.000000,,,,,,,,,,,,,,,,,,,,,,,,
1732482133571,00004,12,0,0,2,4,11.209350,69.000000,,,,,,,,,,,,,,,,,,,,,,,,
1732482133571,00005,12,0,0,2,5,24.066266,95.000000,,,,,,,,,,,,,,,,,,,,,,,,
1732482133571,00006,12,0,0,2,6,23.098426,93.000000,,,,,,,,,,,,,,,,,,,,,,,,
1732482133571,00007,12,0,0,2,7,13.936375,74.000000,,,,,,,,,,,,,,,,,,,,,,,,
1732482133571,00008,12,0,0,2,8,16.730072,80.000000,,,,,,,,,,,,,,,,,,,,,,,,
1732482133571,00009,12,0,0,2,9,18.852544,84.000000,,,,,,,,,,,,,,,,,,,,,,,,
1732482133571,00010,12,0,0,2,10,21.479152,90.000000,,,,,,,,,,,,,,,,,,,,,,,,
1732482133571,00011,12,0,0,2,11,16.704156,80.000000,,,,,,,,,,,,,,,,,,,,,,,,
1732482133571,00012,12,0,0,2,12,25.414008,98.000000,,,,,,,,,,,,,,,,,,,,,,,,
1732482133671,00001,12,0,0,2,1,31.130156,109.000000,,,,,,,,,,,,,,,,,,,,,,,,
1732482133671,00002,12,0,0,2,2,20.119532,87.000000,,,,,,,,,,,,,,,,,,,,,,,,
1732482133671,00003,12,0,0,2,3,16.068104,79.000000,,,,,,,,,,,,,,,,,,,,,,,,
1732482133671,00004,12,0,0,2,4,12.047257,71.000000,,,,,,,,,,,,,,,,,,,,,,,,
1732482133671,00005,12,0,0,2,5,24.999593,97.000000,,,,,,,,,,,,,,,,,,,,,,,,
1732482133671,00006,12,0,0,2,6,20.722299,88.000000,,,,,,,,,,,,,,,,,,,,,,,,
1732482133671,00007,12,0,0,2,7,14.240093,75.000000,,,,,,,,,,,,,,,,,,,,,,,,
1732482133671,00008,12,0,0,2,8,16.227846,79.000000,,,,,,,,,,,,,,,,,,,,,,,,
1732482133671,00009,12,0,0,2,9,18.296245,83.000000,,,,,,,,,,,,,,,,,,,,,,,,
1732482133671,00010,12,0,0,2,10,19.973238,87.000000,,,,,,,,,,,,,,,,,,,,,,,,
1732482133671,00011,12,0,0,2,11,18.656562,84.000000,,,,,,,,,,,,,,,,,,,,,,,,
1732482133671,00012,12,0,0,2,12,25.006761,97.000000,,,,,,,,,,,,,,,,,,,,,,,,
1732482133771,00001,12,0,0,2,1,28.312936,103.000000,,,,,,,,,,,,,,,,,,,,,,,,
1732482133771,00002,12,0,0,2,2,19.833445,86.000000,,,,,,,,,,,,,,,,,,,,,,,,
1732482133771,00003,12,0,0,2,3,16.485312,80.000000,,,,,,,,,,,,,,,,,,,,,,,,
1732482133771,00004,12,0,0,2,4,10.221030,67.000000,,,,,,,,,,,,,,,,,,,,,,,,
1732482133771,00005,12,0,0,2,5,29.307857,105.000000,,,,,,,,,,,,,,,,,,,,,,,,
1732482133771,00006,12,0,0,2,6,21.889150,90.000000,,,,,,,,,,,,,,,,,,,,,,,,
1732482133771,00007,12,0,0,2,7,12.822085,72.000000,,,,,,,,,,,,,,,,,,,,,,,,
1732482133771,00008,12,0,0,2,8,16.154320,79.000000,,,,,,,,,,,,,,,,,,,,,,,,
1732482133771,00009,12,0,0,2,9,18.229338,83.000000,,,,,,,,,,,,,,,,,,,,,,,,
1732482133771,00010,12,0,0,2,10,21.342724,89.000000,,,,,,,,,,,,,,,,,,,,,,,,
1732482133771,00011,12,0,0,2,11,18.192636,83.000000,,,,,,,,,,,,,,,,,,,,,,,,
1732482133771,00012,12,0,0,2,12,25.281984,97.000000,,,,,,,,,,,,,,,,,,,,,,,,
1732482133871,00001,12,0,0,2,1,29.218282,105.000000,,,,,,,,,,,,,,,,,,,,,,,,
1732482133871,00002,12,0,0,2,2,20.980465,89.000000,,,,,,,,,,,,,,,,,,,,,,,,
1732482133871,00003,12,0,0,2,3,16.473655,80.000000,,,,,,,,,,,,,,,,,,,,,,,,
1732482133871,00004,12,0,0,2,4,12.227365,71.000000,,,,,,,,,,,,,,,,,,,,,,,,
1732482133871,00005,12,0,0,2,5,25.527004,98.000000,,,,,,,,,,,,,,,,,,,,,,,,
1732482133871,00006,12,0,0,2,6,20.698844,88.000000,,,,,,,,,,,,,,,,,,,,,,,,
1732482133871,00007,12,0,0,2,7,12.306168,71.000000,,,,,,,,,,,,,,,,,,,,,,,,
1732482133871,00008,12,0,0,2,8,16.171599,79.000000,,,,,,,,,,,,,,,,,,,,,,,,
1732482133871,00009,12,0,0,2,9,17.775086,82.000000,,,,,,,,,,,,,,,,,,,,,,,,
1732482133871,00010,12,0,0,2,10,21.001812,89.000000,,,,,,,,,,,,,,,,,,,,,,,,
1732482133871,00011,12,0,0,2,11,18.405896,83.000000,,,,,,,,,,,,,,,,,,,,,,,,
1732482133871,00012,12,0,0,2,12,23.982079,95.000000,,,,,,,,,,,,,,,,,,,,,,,,
1732482133971,00001,12,0,0,2,1,29.055630,105.000000,,,,,,,,,,,,,,,,,,,,,,,,
1732482133971,00002,12,0,0,2,2,19.872379,86.000000,,,,,,,,,,,,,,,,,,,,,,,,
1732482133971,00003,12,0,0,2,3,16.651692,80.000000,,,,,,,,,,,,,,,,,,,,,,,,
1732482133971,00004,12,0,0,2,4,11.685406,70.000000,,,,,,,,,,,,,,,,,,,,,,,,
1732482133971,00005,12,0,0,2,5,24.760539,96.000000,,,,,,,,,,,,,,,,,,,,,,,,
1732482133971,00006,12,0,0,2,6,23.273319,93.000000,,,,,,,,,,,,,,,,,,,,,,,,
1732482133971,00007,12,0,0,2,7,14.814583,76.000000,,,,,,,,,,,,,,,,,,,,,,,,
1732482133971,00008,12,0,0,2,8,15.235445,77.000000,,,,,,,,,,,,,,,,,,,,,,,,
1732482133971,00009,12,0,0,2,9,20.592023,88.000000,,,,,,,,,,,,,,,,,,,,,,,,
1732482133971,00010,12,0,0,2,10,20.336007,87.000000,,,,,,,,,,,,,,,,,,,,,,,,
1732482133971,00011,12,0,0,2,11,19.509361,86.000000,,,,,,,,,,,,,,,,,,,,,,,,
1732482133971,00012,12,0,0,2,12,24.598944,96.000000,,,,,,,,,,,,,,,,,,,,,,,,
1732482134071,00001,12,0,0,2,1,29.967291,107.000000,,,,,,,,,,,,,,,,,,,,,,,,
1732482134071,00002,12,0,0,2,2,19.977837,87.000000,,,,,,,,,,,,,,,,,,,,,,,,
1732482134071,00003,12,0,0,2,3,16.232224,79.000000,,,,,,,,,,,,,,,,,,,,,,,,
1732482134071,00004,12,0,0,2,4,10.957089,68.000000,,,,,,,,,,,,,,,,,,,,,,,,
1732482134071,00005,12,0,0,2,5,23.351929,93.000000,,,,,,,,,,,,,,,,,,,,,,,,
1732482134071,00006,12,0,0,2,6,21.755018,90.000000,,,,,,,,,,,,,,,,,,,,,,,,
1732482134071,00007,12,0,0,2,7,13.612295,74.000000,,,,,,,,,,,,,,,,,,,,,,,,
1732482134071,00008,12,0,0,2,8,15.917978,78.000000,,,,,,,,,,,,,,,,,,,,,,,,
1732482134071,00009,12,0,0,2,9,18.276680,83.000000,,,,,,,,,,,,,,,,,,,,,,,,
1732482134071,00010,12,0,0,2,10,18.908666,84.000000,,,,,,,,,,,,,,,,,,,,,,,,
1732482134071,00011,12,0,0,2,11,18.508335,84.000000,,,,,,,,,,,,,,,,,,,,,,,,
1732482134071,00012,12,0,0,2,12,26.636714,100.000000,,,,,,,,,,,,,,,,,,,,,,,,
1732482134171,00001,12,0,0,2,1,31.256528,109.000000,,,,,,,,,,,,,,,,,,,,,,,,
1732482134171,00002,12,0,0,2,2,18.694489,84.000000,,,,,,,,,,,,,,,,,,,,,,,,
1732482134171,00003,12,0,0,2,3,14.437891,75.000000,,,,,,,,,,,,,,,,,,,,,,,,
1732482134171,00004,12,0,0,2,4,13.179084,73.000000,,,,,,,,,,,,,,,,,,,,,,,,
1732482134171,00005,12,0,0,2,5,25.997988,99.000000,,,,,,,,,,,,,,,,,,,,,,,,
1732482134171,00006,12,0,0,2,6,20.420947,88.000000,,,,,,,,,,,,,,,,,,,,,,,,
1732482134171,00007,12,0,0,2,7,13.832663,74.000000,,,,,,,,,,,,,,,,,,,,,,,,
1732482134171,00008,12,0,0,2,8,17.107015,81.000000,,,,,,,,,,,,,,,,,,,,,,,,
1732482134171,00009,12,0,0,2,9,17.202321,81.000000,,,,,,,,,,,,,,,,,,,,,,,,
1732482134171,00010,12,0,0,2,10,23.313493,93.000000,,,,,,,,,,,,,,,,,,,,,,,,
1732482134171,00011,12,0,0,2,11,17.094561,81.000000,,,,,,,,,,,,,,,,,,,,,,,,
1732482134171,00012,12,0,0,2,12,25.655637,98.000000,,,,,,,,,,,,,,,,,,,,,,,,
1732482134271,00001,12,0,0,2,1,29.386673,106.000000,,,,,,,,,,,,,,,,,,,,,,,,
1732482134271,00002,12,0,0,2,2,19.003241,85.000000,,,,,,,,,,,,,,,,,,,,,,,,
1732482134271,00003,12,0,0,2,3,16.137047,79.000000,,,,,,,,,,,,,,,,,,,,,,,,
1732482134271,00004,12,0,0,2,4,11.857232,70.000000,,,,,,,,,,,,,,,,,,,,,,,,
1732482134271,00005,12,0,0,2,5,25.375463,98.000000,,,,,,,,,,,,,,,,,,,,,,,,
1732482134271,00006,12,0,0,2,6,21.657888,90.000000,,,,,,,,,,,,,,,,,,,,,,,,
1732482134271,00007,12,0,0,2,7,15.430804,77.000000,,,,,,,,,,,,,,,,,,,,,,,,
1732482134271,00008,12,0,0,2,8,18.326279,83.000000,,,,,,,,,,,,,,,,,,,,,,,,
1732482134271,00009,12,0,0,2,9,18.261406,83.000000,,,,,,,,,,,,,,,,,,,,,,,,
1732482134271,00010,12,0,0,2,10,21.387781,89.000000,,,,,,,,,,,,,,,,,,,,,,,,
1732482134271,00011,12,0,0,2,11,18.775842,84.000000,,,,,,,,,,,,,,,,,,,,,,,,
1732482134271,00012,12,0,0,2,12,23.267954,93.000000,,,,,,,,,,,,,,,,,,,,,,,,
1732482134371,00001,12,0,0,2,1,30.105476,107.000000,,,,,,,,,,,,,,,,,,,,,,,,
1732482134371,00002,12,0,0,2,2,19.982739,87.000000,,,,,,,,,,,,,,,,,,,,,,,,
1732482134371,00003,12,0,0,2,3,16.679974,80.000000,,,,,,,,,,,,,,,,,,,,,,,,
1732482134371,00004,12,0,0,2,4,10.571248,68.000000,,,,,,,,,,,,,,,,,,,,,,,,
1732482134371,00005,12,0,0,2,5,25.535405,98.000000,,,,,,,,,,,,,,,,,,,,,,,,
1732482134371,00006,12,0,0,2,6,20.583788,88.000000,,,,,,,,,,,,,,,,,,,,,,,,
1732482134371,00007,12,0,0,2,7,12.766202,72.000000,,,,,,,,,,,,,,,,,,,,,,,,
1732482134371,00008,12,0,0,2,8,15.378580,77.000000,,,,,,,,,,,,,,,,,,,,,,,,
1732482134371,00009,12,0,0,2,9,18.724794,84.000000,,,,,,,,,,,,,,,,,,,,,,,,
1732482134371,00010,12,0,0,2,10,22.533570,92.000000,,,,,,,,,,,,,,,,,,,,,,,,
1732482134371,00011,12,0,0,2,11,17.996303,83.000000,,,,,,,,,,,,,,,,,,,,,,,,
1732482134371,00012,12,0,0,2,12,25.224598,97.000000,,,,,,,,,,,,,,,,,,,,,,,,
1732482134471,00001,12,0,0,2,1,28.830990,104.000000,,,,,,,,,,,,,,,,,,,,,,,,
1732482134471,00002,12,0,0,2,2,20.422114,88.000000,,,,,,,,,,,,,,,,,,,,,,,,
1732482134471,00003,12,0,0,2,3,16.422946,79.000000,,,,,,,,,,,,,,,,,,,,,,,,
1732482134471,00004,12,0,0,2,4,12.019438,71.000000,,,,,,,,,,,,,,,,,,,,,,,,
1732482134471,00005,12,0,0,2,5,26.145484,99.000000,,,,,,,,,,,,,,,,,,,,,,,,
1732482134471,00006,12,0,0,2,6,13.852566,74.000000,,,,,,,,,,,,,,,,,,,,,,,,
1732482134471,00007,12,0,0,2,7,14.184076,75.000000,,,,,,,,,,,,,,,,,,,,,,,,
1732482134471,00008,12,0,0,2,8,18.177876,83.000000,,,,,,,,,,,,,,,,,,,,,,,,
1732482134471,00009,12,0,0,2,9,18.994477,85.000000,,,,,,,,,,,,,,,,,,,,,,,,
1732482134471,00010,12,0,0,2,10,21.553364,90.000000,,,,,,,,,,,,,,,,,,,,,,,,
1732482134471,00011,12,0,0,2,11,18.368319,83.000000,,,,,,,,,,,,,,,,,,,,,,,,
1732482134471,00012,12,0,0,2,12,26.882494,101.000000,,,,,,,,,,,,,,,,,,,,,,,,
1732482134571,00001,12,0,0,2,1,32.218387,111.000000,,,,,,,,,,,,,,,,,,,,,,,,
1732482134571,00002,12,0,0,2,2,18.943706,85.000000,,,,,,,,,,,,,,,,,,,,,,,,
1732482134571,00003,12,0,0,2,3,17.173695,81.000000,,,,,,,,,,,,,,,,,,,,,,,,
1732482134571,00004,12,0,0,2,4,10.054021,67.000000,,,,,,,,,,,,,,,,,,,,,,,,
1732482134571,00005,12,0,0,2,5,24.711952,96.000000,,,,,,,,,,,,,,,,,,,,,,,,
1732482134571,00006,12,0,0,2,6,20.869755,88.000000,,,,,,,,,,,,,,,,,,,,,,,,
1732482134571,00007,12,0,0,2,7,14.016505,75.000000,,,,,,,,,,,,,,,,,,,,,,,,
1732482134571,00008,12,0,0,2,8,17.059299,81.000000,,,,,,,,,,,,,,,,,,,,,,,,
1732482134571,00009,12,0,0,2,9,20.105379,87.000000,,,,,,,,,,,,,,,,,,,,,,,,
1732482134571,00010,12,0,0,2,10,22.948953,93.000000,,,,,,,,,,,,,,,,,,,,,,,,
1732482134571,00011,12,0,0,2,11,19.035553,85.000000,,,,,,,,,,,,,,,,,,,,,,,,
1732482134571,00012,12,0,0,2,12,24.758197,96.000000,,,,,,,,,,,,,,,,,,,,,,,,
1732482134671,00001,12,0,0,2,1,29.804376,106.000000,,,,,,,,,,,,,,,,,,,,,,,,
1732482134671,00002,12,0,0,2,2,19.103173,85.000000,,,,,,,,,,,,,,,,,,,,,,,,
1732482134671,00003,12,0,0,2,3,15.848178,78.000000,,,,,,,,,,,,,,,,,,,,,,,,
1732482134671,00004,12,0,0,2,4,10.256703,67.000000,,,,,,,,,,,,,,,,,,,,,,,,
1732482134671,00005,12,0,0,2,5,25.313121,97.000000,,,,,,,,,,,,,,,,,,,,,,,,
1732482134671,00006,12,0,0,2,6,23.570174,94.000000,,,,,,,,,,,,,,,,,,,,,,,,
1732482134671,00007,12,0,0,2,7,10.494417,68.000000,,,,,,,,,,,,,,,,,,,,,,,,
1732482134671,00008,12,0,0,2,8,16.191575,79.000000,,,,,,,,,,,,,,,,,,,,,,,,
1732482134671,00009,12,0,0,2,9,19.412313,85.000000,,,,,,,,,,,,,,,,,,,,,,,,
1732482134671,00010,12,0,0,2,10,22.047195,91.000000,,,,,,,,,,,,,,,,,,,,,,,,
1732482134671,00011,12,0,0,2,11,18.219697,83.000000,,,,,,,,,,,,,,,,,,,,,,,,
1732482134671,00012,12,0,0,2,12,25.902472,99.000000,,,,,,,,,,,,,,,,,,,,,,,,
1732482134771,00001,12,0,0,2,1,30.085919,107.000000,,,,,,,,,,,,,,,,,,,,,,,,
1732482134771,00002,12,0,0,2,2,19.935982,87.000000,,,,,,,,,,,,,,,,,,,,,,,,
1732482134771,00003,12,0,0,2,3,15.793111,78.000000,,,,,,,,,,,,,,,,,,,,,,,,
1732482134771,00004,12,0,0,2,4,10.519502,68.000000,,,,,,,,,,,,,,,,,,,,,,,,
1732482134771,00005,12,0,0,2,5,25.939874,99.000000,,,,,,,,,,,,,,,,,,,,,,,,
1732482134771,00006,12,0,0,2,6,22.527867,92.000000,,,,,,,,,,,,,,,,,,,,,,,,
1732482134771,00007,12,0,0,2,7,13.991750,75.000000,,,,,,,,,,,,,,,,,,,,,,,,
1732482134771,00008,12,0,0,2,8,12.928127,72.000000,,,,,,,,,,,,,,,,,,,,,,,,
1732482134771,00009,12,0,0,2,9,17.716579,82.000000,,,,,,,,,,,,,,,,,,,,,,,,
1732482134771,00010,12,0,0,2,10,22.486048,92.000000,,,,,,,,,,,,,,,,,,,,,,,,
1732482134771,00011,12,0,0,2,11,17.902748,82.000000,,,,,,,,,,,,,,,,,,,,,,,,
1732482134771,00012,12,0,0,2,12,27.551591,102.000000,,,,,,,,,,,,,,,,,,,,,,,,
1732482134871,00001,12,0,0,2,1,29.301388,105.000000,,,,,,,,,,,,,,,,,,,,,,,,
1732482134871,00002,12,0,0,2,2,19.305053,85.000000,,,,,,,,,,,,,,,,,,,,,,,,
1732482134871,00003,12,0,0,2,3,16.159411,79.000000,,,,,,,,,,,,,,,,,,,,,,,,
1732482134871,00004,12,0,0,2,4,10.339998,67.000000,,,,,,,,,,,,,,,,,,,,,,,,
1732482134871,00005,12,0,0,2,5,24.425225,96.000000,,,,,,,,,,,,,,,,,,,,,,,,
1732482134871,00006,12,0,0,2,6,18.436907,84.000000,,,,,,,,,,,,,,,,,,,,,,,,
1732482134871,00007,12,0,0,2,7,13.381756,73.000000,,,,,,,,,,,,,,,,,,,,,,,,
1732482134871,00008,12,0,0,2,8,16.096111,79.000000,,,,,,,,,,,,,,,,,,,,,,,,
1732482134871,00009,12,0,0,2,9,19.085677,85.000000,,,,,,,,,,,,,,,,,,,,,,,,
1732482134871,00010,12,0,0,2,10,21.220645,89.000000,,,,,,,,,,,,,,,,,,,,,,,,
1732482134871,00011,12,0,0,2,11,18.152017,83.000000,,,,,,,,,,,,,,,,,,,,,,,,
1732482134871,00012,12,0,0,2,12,23.400443,94.000000,,,,,,,,,,,,,,,,,,,,,,,,
1732482134971,00001,12,0,0,2,1,28.835045,104.000000,,,,,,,,,,,,,,,,,,,,,,,,
1732482134971,00002,12,0,0,2,2,17.787078,82.000000,,,,,,,,,,,,,,,,,,,,,,,,
1732482134971,00003,12,0,0,2,3,17.515852,82.000000,,,,,,,,,,,,,,,,,,,,,,,,
1732482134971,00004,12,0,0,2,4,11.143438,69.000000,,,,,,,,,,,,,,,,,,,,,,,,
1732482134971,00005,12,0,0,2,5,26.424828,100.000000,,,,,,,,,,,,,,,,,,,,,,,,
1732482134971,00006,12,0,0,2,6,21.209493,89.000000,,,,,,,,,,,,,,,,,,,,,,,,
1732482134971,00007,12,0,0,2,7,13.185761,73.000000,,,,,,,,,,,,,,,,,,,,,,,,
1732482134971,00008,12,0,0,2,8,17.371513,81.000000,,,,,,,,,,,,,,,,,,,,,,,,
1732482134971,00009,12,0,0,2,9,18.070971,83.000000,,,,,,,,,,,,,,,,,,,,,,,,
1732482134971,00010,12,0,0,2,10,22.325730,91.000000,,,,,,,,,,,,,,,,,,,,,,,,
1732482134971,00011,12,0,0,2,11,19.788975,86.000000,,,,,,,,,,,,,,,,,,,,,,,,
1732482134971,00012,12,0,0,2,12,21.760738,90.000000,,,,,,,,,,,,,,,,,,,,,,,,
1732482135071,00001,12,0,0,2,1,29.340532,106.000000,,,,,,,,,,,,,,,,,,,,,,,,
1732482135071,00002,12,0,0,2,2,20.762216,88.000000,,,,,,,,,,,,,,,,,,,,,,,,
1732482135071,00003,12,0,0,2,3,15.186771,77.000000,,,,,,,,,,,,,,,,,,,,,,,,
1732482135071,00004,12,0,0,2,4,10.211450,67.000000,,,,,,,,,,,,,,,,,,,,,,,,
1732482135071,00005,12,0,0,2,5,27.338743,101.000000,,,,,,,,,,,,,,,,,,,,,,,,
1732482135071,00006,12,0,0,2,6,20.840803,88.000000,,,,,,,,,,,,,,,,,,,,,,,,
1732482135071,00007,12,0,0,2,7,15.655490,78.000000,,,,,,,,,,,,,,,,,,,,,,,,
1732482135071,00008,12,0,0,2,8,17.977696,83.000000,,,,,,,,,,,,,,,,,,,,,,,,
1732482135071,00009,12,0,0,2,9,18.847628,84.000000,,,,,,,,,,,,,,,,,,,,,,,,
1732482135071,00010,12,0,0,2,10,21.960801,91.000000,,,,,,,,,,,,,,,,,,,,,,,,
1732482135071,00011,12,0,0,2,11,16.987407,81.000000,,,,,,,,,,,,,,,,,,,,,,,,
1732482135071,00012,12,0,0,2,12,24.130602,95.000000,,,,,,,,,,,,,,,,,,,,,,,,
1732482135171,00001,12,0,0,2,1,30.566300,108.000000,,,,,,,,,,,,,,,,,,,,,,,,
1732482135171,00002,12,0,0,2,2,18.189544,83.000000,,,,,,,,,,,,,,,,,,,,,,,,
1732482135171,00003,12,0,0,2,3,17.164755,81.000000,,,,,,,,,,,,,,,,,,,,,,,,
1732482135171,00004,12,0,0,2,4,9.650145,66.000000,,,,,,,,,,,,,,,,,,,,,,,,
1732482135171,00005,12,0,0,2,5,25.308613,97.000000,,,,,,,,,,,,,,,,,,,,,,,,
1732482135171,00006,12,0,0,2,6,21.821573,90.000000,,,,,,,,,,,,,,,,,,,,,,,,
1732482135171,00007,12,0,0,2,7,14.057326,75.000000,,,,,,,,,,,,,,,,,,,,,,,,
1732482135171,00008,12,0,0,2,8,14.867051,76.000000,,,,,,,,,,,,,,,,,,,,,,,,
1732482135171,00009,12,0,0,2,9,18.526274,84.000000,,,,,,,,,,,,,,,,,,,,,,,,
1732482135171,00010,12,0,0,2,10,22.175570,91.000000,,,,,,,,,,,,,,,,,,,,,,,,
1732482135171,00011,12,0,0,2,11,17.702182,82.000000,,,,,,,,,,,,,,,,,,,,,,,,
1732482135171,00012,12,0,0,2,12,24.093308,95.000000,,,,,,,,,,,,,,,,,,,,,,,,
1732482135271,00001,12,0,0,2,1,28.767996,104.000000,,,,,,,,,,,,,,,,,,,,,,,,
1732482135271,00002,12,0,0,2,2,19.352711,85.000000,,,,,,,,,,,,,,,,,,,,,,,,
1732482135271,00003,12,0,0,2,3,16.420743,79.000000,,,,,,,,,,,,,,,,,,,,,,,,
1732482135271,00004,12,0,0,2,4,10.708983,68.000000,,,,,,,,,,,,,,,,,,,,,,,,
1732482135271,00005,12,0,0,2,5,25.831924,98.000000,,,,,,,,,,,,,,,,,,,,,,,,
1732482135271,00006,12,0,0,2,6,22.155345,91.000000,,,,,,,,,,,,,,,,,,,,,,,,
1732482135271,00007,12,0,0,2,7,13.317148,73.000000,,,,,,,,,,,,,,,,,,,,,,,,
1732482135271,00008,12,0,0,2,8,14.745060,76.000000,,,,,,,,,,,,,,,,,,,,,,,,
1732482135271,00009,12,0,0,2,9,18.101155,83.000000,,,,,,,,,,,,,,,,,,,,,,,,
1732482135271,00010,12,0,0,2,10,21.188860,89.000000,,,,,,,,,,,,,,,,,,,,,,,,
1732482135271,00011,12,0,0,2,11,17.851388,82.000000,,,,,,,,,,,,,,,,,,,,,,,,
1732482135271,00012,12,0,0,2,12,25.449398,98.000000,,,,,,,,,,,,,,,,,,,,,,,,
1732482135371,00001,12,0,0,2,1,31.237209,109.000000,,,,,,,,,,,,,,,,,,,,,,,,
1732482135371,00002,12,0,0,2,2,19.739754,86.000000,,,,,,,,,,,,,,,,,,,,,,,,
1732482135371,00003,12,0,0,2,3,16.139723,79.000000,,,,,,,,,,,,,,,,,,,,,,,,
1732482135371,00004,12,0,0,2,4,13.610103,74.000000,,,,,,,,,,,,,,,,,,,,,,,,
1732482135371,00005,12,0,0,2,5,25.005875,97.000000,,,,,,,,,,,,,,,,,,,,,,,,
1732482135371,00006,12,0,0,2,6,19.186217,85.000000,,,,,,,,,,,,,,,,,,,,,,,,
1732482135371,00007,12,0,0,2,7,13.370041,73.000000,,,,,,,,,,,,,,,,,,,,,,,,
1732482135371,00008,12,0,0,2,8,15.183587,77.000000,,,,,,,,,,,,,,,,,,,,,,,,
1732482135371,00009,12,0,0,2,9,19.256622,85.000000,,,,,,,,,,,,,,,,,,,,,,,,
1732482135371,00010,12,0,0,2,10,21.940420,91.000000,,,,,,,,,,,,,,,,,,,,,,,,
1732482135371,00011,12,0,0,2,11,18.711935,84.000000,,,,,,,,,,,,,,,,,,,,,,,,
1732482135371,00012,12,0,0,2,12,23.590196,94.000000,,,,,,,,,,,,,,,,,,,,,,,,
1732482135471,00001,12,0,0,2,1,28.287589,103.000000,,,,,,,,,,,,,,,,,,,,,,,,
1732482135471,00002,12,0,0,2,2,19.962930,87.000000,,,,,,,,,,,,,,,,,,,,,,,,
1732482135471,00003,12,0,0,2,3,16.187513,79.000000,,,,,,,,,,,,,,,,,,,,,,,,
1732482135471,00004,12,0,0,2,4,12.533881,72.000000,,,,,,,,,,,,,,,,,,,,,,,,
1732482135471,00005,12,0,0,2,5,26.220243,99.000000,,,,,,,,,,,,,,,,,,,,,,,,
1732482135471,00006,12,0,0,2,6,22.641539,92.000000,,,,,,,,,,,,,,,,,,,,,,,,
1732482135471,00007,12,0,0,2,7,14.781154,76.000000,,,,,,,,,,,,,,,,,,,,,,,,
1732482135471,00008,12,0,0,2,8,17.724503,82.000000,,,,,,,,,,,,,,,,,,,,,,,,
1732482135471,00009,12,0,0,2,9,15.124027,77.000000,,,,,,,,,,,,,,,,,,,,,,,,
1732482135471,00010,12,0,0,2,10,19.609690,86.000000,,,,,,,,,,,,,,,,,,,,,,,,
1732482135471,00011,12,0,0,2,11,19.018419,85.000000,,,,,,,,,,,,,,,,,,,,,,,,
1732482135471,00012,12,0,0,2,12,23.154579,93.000000,,,,,,,,,,,,,,,,,,,,,,,,
1732482135571,00001,12,0,0,2,1,27.342937,101.000000,,,,,,,,,,,,,,,,,,,,,,,,
1732482135571,00002,12,0,0,2,2,21.190795,89.000000,,,,,,,,,,,,,,,,,,,,,,,,
1732482135571,00003,12,0,0,2,3,13.445574,73.000000,,,,,,,,,,,,,,,,,,,,,,,,
1732482135571,00004,12,0,0,2,4,13.128244,73.000000,,,,,,,,,,,,,,,,,,,,,,,,
1732482135571,00005,12,0,0,2,5,20.839027,88.000000,,,,,,,,,,,,,,,,,,,,,,,,
1732482135571,00006,12,0,0,2,6,21.692554,90.000000,,,,,,,,,,,,,,,,,,,,,,,,
1732482135571,00007,12,0,0,2,7,14.874580,76.000000,,,,,,,,,,,,,,,,,,,,,,,,
1732482135571,00008,12,0,0,2,8,15.883280,78.000000,,,,,,,,,,,,,,,,,,,,,,,,
1732482135571,00009,12,0,0,2,9,19.057152,85.000000,,,,,,,,,,,,,,,,,,,,,,,,
1732482135571,00010,12,0,0,2,10,22.399554,92.000000,,,,,,,,,,,,,,,,,,,,,,,,
1732482135571,00011,12,0,0,2,11,17.347401,81.000000,,,,,,,,,,,,,,,,,,,,,,,,
1732482135571,00012,12,0,0,2,12,24.121088,95.000000,,,,,,,,,,,,,,,,,,,,,,,,
1732482135671,00001,12,0,0,2,1,28.462715,104.000000,,,,,,,,,,,,,,,,,,,,,,,,
1732482135671,00002,12,0,0,2,2,20.215209,87.000000,,,,,,,,,,,,,,,,,,,,,,,,
1732482135671,00003,12,0,0,2,3,15.719232,78.000000,,,,,,,,,,,,,,,,,,,,,,,,
1732482135671,00004,12,0,0,2,4,11.714991,70.000000,,,,,,,,,,,,,,,,,,,,,,,,
1732482135671,00005,12,0,0,2,5,24.948122,97.000000,,,,,,,,,,,,,,,,,,,,,,,,
1732482135671,00006,12,0,0,2,6,20.024717,87.000000,,,,,,,,,,,,,,,,,,,,,,,,
1732482135671,00007,12,0,0,2,7,12.350831,71.000000,,,,,,,,,,,,,,,,,,,,,,,,
1732482135671,00008,12,0,0,2,8,16.740631,80.000000,,,,,,,,,,,,,,,,,,,,,,,,
1732482135671,00009,12,0,0,2,9,19.549289,86.000000,,,,,,,,,,,,,,,,,,,,,,,,
1732482135671,00010,12,0,0,2,10,21.939778,91.000000,,,,,,,,,,,,,,,,,,,,,,,,
1732482135671,00011,12,0,0,2,11,15.600832,78.000000,,,,,,,,,,,,,,,,,,,,,,,,
1732482135671,00012,12,0,0,2,12,23.922011,95.000000,,,,,,,,,,,,,,,,,,,,,,,,
1732482135771,00001,12,0,0,2,1,28.420753,104.000000,,,,,,,,,,,,,,,,,,,,,,,,
1732482135771,00002,12,0,0,2,2,19.964412,87.000000,,,,,,,,,,,,,,,,,,,,,,,,
1732482135771,00003,12,0,0,2,3,16.173923,79.000000,,,,,,,,,,,,,,,,,,,,,,,,
1732482135771,00004,12,0,0,2,4,12.308102,71.000000,,,,,,,,,,,,,,,,,,,,,,,,
1732482135771,00005,12,0,0,2,5,26.179962,99.000000,,,,,,,,,,,,,,,,,,,,,,,,
1732482135771,00006,12,0,0,2,6,22.154081,91.000000,,,,,,,,,,,,,,,,,,,,,,,,
1732482135771,00007,12,0,0,2,7,11.794882,70.000000,,,,,,,,,,,,,,,,,,,,,,,,
1732482135771,00008,12,0,0,2,8,15.761901,78.000000,,,,,,,,,,,,,,,,,,,,,,,,
1732482135771,00009,12,0,0,2,9,18.543975,84.000000,,,,,,,,,,,,,,,,,,,,,,,,
1732482135771,00010,12,0,0,2,10,22.000564,91.000000,,,,,,,,,,,,,,,,,,,,,,,,
1732482135771,00011,12,0,0,2,11,18.856339,84.000000,,,,,,,,,,,,,,,,,,,,,,,,
1732482135771,00012,12,0,0,2,12,25.774808,98.000000,,,,,,,,,,,,,,,,,,,,,,,,
1732482135871,00001,12,0,0,2,1,31.331444,110.000000,,,,,,,,,,,,,,,,,,,,,,,,
1732482135871,00002,12,0,0,2,2,20.404044,87.000000,,,,,,,,,,,,,,,,,,,,,,,,
1732482135871,00003,12,0,0,2,3,15.045421,77.000000,,,,,,,,,,,,,,,,,,,,,,,,
1732482135871,00004,12,0,0,2,4,10.626340,68.000000,,,,,,,,,,,,,,,,,,,,,,,,
1732482135871,00005,12,0,0,2,5,25.215257,97.000000,,,,,,,,,,,,,,,,,,,,,,,,
1732482135871,00006,12,0,0,2,6,21.995998,91.000000,,,,,,,,,,,,,,,,,,,,,,,,
1732482135871,00007,12,0,0,2,7,13.657437,74.000000,,,,,,,,,,,,,,,,,,,,,,,,
1732482135871,00008,12,0,0,2,8,15.118771,77.000000,,,,,,,,,,,,,,,,,,,,,,,,
1732482135871,00009,12,0,0,2,9,18.460565,84.000000,,,,,,,,,,,,,,,,,,,,,,,,
1732482135871,00010,12,0,0,2,10,22.758213,92.000000,,,,,,,,,,,,,,,,,,,,,,,,
1732482135871,00011,12,0,0,2,11,19.056182,85.000000,,,,,,,,,,,,,,,,,,,,,,,,
1732482135871,00012,12,0,0,2,12,24.708615,96.000000,,,,,,,,,,,,,,,,,,,,,,,,
1732482135971,00001,12,0,0,2,1,29.678910,106.000000,,,,,,,,,,,,,,,,,,,,,,,,
1732482135971,00002,12,0,0,2,2,20.912907,89.000000,,,,,,,,,,,,,,,,,,,,,,,,
1732482135971,00003,12,0,0,2,3,14.736608,76.000000,,,,,,,,,,,,,,,,,,,,,,,,
1732482135971,00004,12,0,0,2,4,11.757728,70.000000,,,,,,,,,,,,,,,,,,,,,,,,
1732482135971,00005,12,0,0,2,5,27.610055,102.000000,,,,,,,,,,,,,,,,,,,,,,,,
1732482135971,00006,12,0,0,2,6,21.533361,90.000000,,,,,,,,,,,,,,,,,,,,,,,,
1732482135971,00007,12,0,0,2,7,13.133150,73.000000,,,,,,,,,,,,,,,,,,,,,,,,
1732482135971,00008,12,0,0,2,8,14.779365,76.000000,,,,,,,,,,,,,,,,,,,,,,,,
1732482135971,00009,12,0,0,2,9,20.123596,87.000000,,,,,,,,,,,,,,,,,,,,,,,,
1732482135971,00010,12,0,0,2,10,22.715331,92.000000,,,,,,,,,,,,,,,,,,,,,,,,
1732482135971,00011,12,0,0,2,11,17.878903,82.000000,,,,,,,,,,,,,,,,,,,,,,,,
1732482135971,00012,12,0,0,2,12,23.237982,93.000000,,,,,,,,,,,,,,,,,,,,,,,,
1732482136071,00001,12,0,0,2,1,27.922770,103.000000,,,,,,,,,,,,,,,,,,,,,,,,
1732482136071,00002,12,0,0,2,2,18.524771,84.000000,,,,,,,,,,,,,,,,,,,,,,,,
1732482136071,00003,12,0,0,2,3,17.058945,81.000000,,,,,,,,,,,,,,,,,,,,,,,,
1732482136071,00004,12,0,0,2,4,8.885945,64.000000,,,,,,,,,,,,,,,,,,,,,,,,
1732482136071,00005,12,0,0,2,5,25.353651,97.000000,,,,,,,,,,,,,,,,,,,,,,,,
1732482136071,00006,12,0,0,2,6,22.519781,92.000000,,,,,,,,,,,,,,,,,,,,,,,,
1732482136071,00007,12,0,0,2,7,12.031873,71.000000,,,,,,,,,,,,,,,,,,,,,,,,
1732482136071,00008,12,0,0,2,8,17.012911,81.000000,,,,,,,,,,,,,,,,,,,,,,,,
1732482136071,00009,12,0,0,2,9,18.057247,83.000000,,,,,,,,,,,,,,,,,,,,,,,,
1732482136071,00010,12,0,0,2,10,19.495284,86.000000,,,,,,,,,,,,,,,,,,,,,,,,
1732482136071,00011,12,0,0,2,11,18.573162,84.000000,,,,,,,,,,,,,,,,,,,,,,,,
1732482136071,00012,12,0,0,2,12,24.306536,95.000000,,,,,,,,,,,,,,,,,,,,,,,,
1732482136171,00001,12,0,0,2,1,30.118161,107.000000,,,,,,,,,,,,,,,,,,,,,,,,
1732482136171,00002,12,0,0,2,2,19.689431,86.000000,,,,,,,,,,,,,,,,,,,,,,,,
1732482136171,00003,12,0,0,2,3,18.664152,84.000000,,,,,,,,,,,,,,,,,,,,,,,,
1732482136171,00004,12,0,0,2,4,12.177847,71.000000,,,,,,,,,,,,,,,,,,,,,,,,
1732482136171,00005,12,0,0,2,5,25.077153,97.000000,,,,,,,,,,,,,,,,,,,,,,,,
1732482136171,00006,12,0,0,2,6,22.585295,92.000000,,,,,,,,,,,,,,,,,,,,,,,,
1732482136171,00007,12,0,0,2,7,13.861318,74.000000,,,,,,,,,,,,,,,,,,,,,,,,
1732482136171,00008,12,0,0,2,8,14.625661,76.000000,,,,,,,,,,,,,,,,,,,,,,,,
1732482136171,00009,12,0,0,2,9,18.853414,84.000000,,,,,,,,,,,,,,,,,,,,,,,,
1732482136171,00010,12,0,0,2,10,21.795851,90.000000,,,,,,,,,,,,,,,,,,,,,,,,
1732482136171,00011,12,0,0,2,11,17.792253,82.000000,,,,,,,,,,,,,,,,,,,,,,,,
1732482136171,00012,12,0,0,2,12,22.800382,92.000000,,,,,,,,,,,,,,,,,,,,,,,,
1732482136271,00001,12,0,0,2,1,24.292188,95.000000,,,,,,,,,,,,,,,,,,,,,,,,
1732482136271,00002,12,0,0,2,2,20.512112,88.000000,,,,,,,,,,,,,,,,,,,,,,,,
1732482136271,00003,12,0,0,2,3,16.876265,80.000000,,,,,,,,,,,,,,,,,,,,,,,,
1732482136271,00004,12,0,0,2,4,10.834472,68.000000,,,,,,,,,,,,,,,,,,,,,,,,
1732482136271,00005,12,0,0,2,5,25.312313,97.000000,,,,,,,,,,,,,,,,,,,,,,,,
1732482136271,00006,12,0,0,2,6,20.892520,88.000000,,,,,,,,,,,,,,,,,,,,,,,,
1732482136271,00007,12,0,0,2,7,11.463300,69.000000,,,,,,,,,,,,,,,,,,,,,,,,
1732482136271,00008,12,0,0,2,8,17.449365,82.000000,,,,,,,,,,,,,,,,,,,,,,,,
1732482136271,00009,12,0,0,2,9,18.794685,84.000000,,,,,,,,,,,,,,,,,,,,,,,,
1732482136271,00010,12,0,0,2,10,22.436747,92.000000,,,,,,,,,,,,,,,,,,,,,,,,
1732482136271,00011,12,0,0,2,11,18.534586,84.000000,,,,,,,,,,,,,,,,,,,,,,,,
1732482136271,00012,12,0,0,2,12,25.505465,98.000000,,,,,,,,,,,,,,,,,,,,,,,,
1732482136371,00001,12,0,0,2,1,29.223260,105.000000,,,,,,,,,,,,,,,,,,,,,,,,
1732482136371,00002,12,0,0,2,2,19.125000,85.000000,,,,,,,,,,,,,,,,,,,,,,,,
1732482136371,00003,12,0,0,2,3,17.128882,81.000000,,,,,,,,,,,,,,,,,,,,,,,,
1732482136371,00004,12,0,0,2,4,9.376136,65.000000,,,,,,,,,,,,,,,,,,,,,,,,
1732482136371,00005,12,0,0,2,5,22.942175,93.000000,,,,,,,,,,,,,,,,,,,,,,,,
1732482136371,00006,12,0,0,2,6,22.356957,91.000000,,,,,,,,,,,,,,,,,,,,,,,,
1732482136371,00007,12,0,0,2,7,15.406664,77.000000,,,,,,,,,,,,,,,,,,,,,,,,
1732482136371,00008,12,0,0,2,8,16.098783,79.000000,,,,,,,,,,,,,,,,,,,,,,,,
1732482136371,00009,12,0,0,2,9,17.300405,81.000000,,,,,,,,,,,,,,,,,,,,,,,,
1732482136371,00010,12,0,0,2,10,21.562954,90.000000,,,,,,,,,,,,,,,,,,,,,,,,
1732482136371,00011,12,0,0,2,11,19.502207,86.000000,,,,,,,,,,,,,,,,,,,,,,,,
1732482136371,00012,12,0,0,2,12,23.819218,94.000000,,,,,,,,,,,,,,,,,,,,,,,,
1732482136471,00001,12,0,0,2,1,27.056538,101.000000,,,,,,,,,,,,,,,,,,,,,,,,
1732482136471,00002,12,0,0,2,2,18.202059,83.000000,,,,,,,,,,,,,,,,,,,,,,,,
1732482136471,00003,12,0,0,2,3,15.869903,78.000000,,,,,,,,,,,,,,,,,,,,,,,,
1732482136471,00004,12,0,0,2,4,12.052301,71.000000,,,,,,,,,,,,,,,,,,,,,,,,
1732482136471,00005,12,0,0,2,5,26.396029,100.000000,,,,,,,,,,,,,,,,,,,,,,,,
1732482136471,00006,12,0,0,2,6,22.318403,91.000000,,,,,,,,,,,,,,,,,,,,,,,,
1732482136471,00007,12,0,0,2,7,14.282869,75.000000,,,,,,,,,,,,,,,,,,,,,,,,
1732482136471,00008,12,0,0,2,8,16.468041,80.000000,,,,,,,,,,,,,,,,,,,,,,,,
1732482136471,00009,12,0,0,2,9,18.727499,84.000000,,,,,,,,,,,,,,,,,,,,,,,,
1732482136471,00010,12,0,0,2,10,22.256330,91.000000,,,,,,,,,,,,,,,,,,,,,,,,
1732482136471,00011,12,0,0,2,11,18.692982,84.000000,,,,,,,,,,,,,,,,,,,,,,,,
1732482136471,00012,12,0,0,2,12,26.730000,100.000000,,,,,,,,,,,,,,,,,,,,,,,,
1732482136571,00001,12,0,0,2,1,29.910464,107.000000,,,,,,,,,,,,,,,,,,,,,,,,
1732482136571,00002,12,0,0,2,2,17.989294,83.000000,,,,,,,,,,,,,,,,,,,,,,,,
1732482136571,00003,12,0,0,2,3,15.739150,78.000000,,,,,,,,,,,,,,,,,,,,,,,,
1732482136571,00004,12,0,0,2,4,11.019091,69.000000,,,,,,,,,,,,,,,,,,,,,,,,
1732482136571,00005,12,0,0,2,5,26.615883,100.000000,,,,,,,,,,,,,,,,,,,,,,,,
1732482136571,00006,12,0,0,2,6,20.163871,87.000000,,,,,,,,,,,,,,,,,,,,,,,,
1732482136571,00007,12,0,0,2,7,13.989598,75.000000,,,,,,,,,,,,,,,,,,,,,,,,
1732482136571,00008,12,0,0,2,8,15.848432,78.000000,,,,,,,,,,,,,,,,,,,,,,,,
1732482136571,00009,12,0,0,2,9,18.567514,84.000000,,,,,,,,,,,,,,,,,,,,,,,,
1732482136571,00010,12,0,0,2,10,20.671304,88.000000,,,,,,,,,,,,,,,,,,,,,,,,
1732482136571,00011,12,0,0,2,11,18.474614,84.000000,,,,,,,,,,,,,,,,,,,,,,,,
1732482136571,00012,12,0,0,2,12,25.110332,97.000000,,,,,,,,,,,,,,,,,,,,,,,,
1732482136671,00001,12,0,0,2,1,29.973438,107.000000,,,,,,,,,,,,,,,,,,,,,,,,
1732482136671,00002,12,0,0,2,2,22.145348,91.000000,,,,,,,,,,,,,,,,,,,,,,,,
1732482136671,00003,12,0,0,2,3,13.690944,74.000000,,,,,,,,,,,,,,,,,,,,,,,,
1732482136671,00004,12,0,0,2,4,9.565114,66.000000,,,,,,,,,,,,,,,,,,,,,,,,
1732482136671,00005,12,0,0,2,5,27.645931,102.000000,,,,,,,,,,,,,,,,,,,,,,,,
1732482136671,00006,12,0,0,2,6,21.743357,90.000000,,,,,,,,,,,,,,,,,,,,,,,,
1732482136671,00007,12,0,0,2,7,16.459970,80.000000,,,,,,,,,,,,,,,,,,,,,,,,
1732482136671,00008,12,0,0,2,8,15.524508,78.000000,,,,,,,,,,,,,,,,,,,,,,,,
1732482136671,00009,12,0,0,2,9,19.452790,86.000000,,,,,,,,,,,,,,,,,,,,,,,,
1732482136671,00010,12,0,0,2,10,21.980932,91.000000,,,,,,,,,,,,,,,,,,,,,,,,
1732482136671,00011,12,0,0,2,11,19.326392,85.000000,,,,,,,,,,,,,,,,,,,,,,,,
1732482136671,00012,12,0,0,2,12,23.933964,95.000000,,,,,,,,,,,,,,,,,,,,,,,,
1732482136771,00001,12,0,0,2,1,29.929953,107.000000,,,,,,,,,,,,,,,,,,,,,,,,
1732482136771,00002,12,0,0,2,2,18.964256,85.000000,,,,,,,,,,,,,,,,,,,,,,,,
1732482136771,00003,12,0,0,2,3,17.749190,82.000000,,,,,,,,,,,,,,,,,,,,,,,,
1732482136771,00004,12,0,0,2,4,9.819927,66.000000,,,,,,,,,,,,,,,,,,,,,,,,
1732482136771,00005,12,0,0,2,5,25.290993,97.000000,,,,,,,,,,,,,,,,,,,,,,,,
1732482136771,00006,12,0,0,2,6,18.713144,84.000000,,,,,,,,,,,,,,,,,,,,,,,,
1732482136771,00007,12,0,0,2,7,13.071442,73.000000,,,,,,,,,,,,,,,,,,,,,,,,
1732482136771,00008,12,0,0,2,8,16.732717,80.000000,,,,,,,,,,,,,,,,,,,,,,,,
1732482136771,00009,12,0,0,2,9,18.870781,84.000000,,,,,,,,,,,,,,,,,,,,,,,,
1732482136771,00010,12,0,0,2,10,21.739426,90.000000,,,,,,,,,,,,,,,,,,,,,,,,
1732482136771,00011,12,0,0,2,11,19.015999,85.000000,,,,,,,,,,,,,,,,,,,,,,,,
1732482136771,00012,12,0,0,2,12,24.682777,96.000000,,,,,,,,,,,,,,,,,,,,,,,,
1732482136871,00001,12,0,0,2,1,28.704449,104.000000,,,,,,,,,,,,,,,,,,,,,,,,
1732482136871,00002,12,0,0,2,2,20.394984,87.000000,,,,,,,,,,,,,,,,,,,,,,,,
1732482136871,00003,12,0,0,2,3,18.606474,84.000000,,,,,,,,,,,,,,,,,,,,,,,,
1732482136871,00004,12,0,0,2,4,10.408018,67.000000,,,,,,,,,,,,,,,,,,,,,,,,
1732482136871,00005,12,0,0,2,5,21.920494,91.000000,,,,,,,,,,,,,,,,,,,,,,,,
1732482136871,00006,12,0,0,2,6,21.487634,90.000000,,,,,,,,,,,,,,,,,,,,,,,,
1732482136871,00007,12,0,0,2,7,14.649089,76.000000,,,,,,,,,,,,,,,,,,,,,,,,
1732482136871,00008,12,0,0,2,8,15.113178,77.000000,,,,,,,,,,,,,,,,,,,,,,,,
1732482136871,00009,12,0,0,2,9,18.786924,84.000000,,,,,,,,,,,,,,,,,,,,,,,,
1732482136871,00010,12,0,0,2,10,22.617470,92.000000,,,,,,,,,,,,,,,,,,,,,,,,
1732482136871,00011,12,0,0,2,11,20.094572,87.000000,,,,,,,,,,,,,,,,,,,,,,,,
1732482136871,00012,12,0,0,2,12,22.095583,91.000000,,,,,,,,,,,,,,,,,,,,,,,,
1732482136971,00001,12,0,0,2,1,32.392448,112.000000,,,,,,,,,,,,,,,,,,,,,,,,
1732482136971,00002,12,0,0,2,2,17.910425,82.000000,,,,,,,,,,,,,,,,,,,,,,,,
1732482136971,00003,12,0,0,2,3,15.899462,78.000000,,,,,,,,,,,,,,,,,,,,,,,,
1732482136971,00004,12,0,0,2,4,11.692204,70.000000,,,,,,,,,,,,,,,,,,,,,,,,
1732482136971,00005,12,0,0,2,5,26.288159,99.000000,,,,,,,,,,,,,,,,,,,,,,,,
1732482136971,00006,12,0,0,2,6,19.190532,85.000000,,,,,,,,,,,,,,,,,,,,,,,,
1732482136971,00007,12,0,0,2,7,15.671269,78.000000,,,,,,,,,,,,,,,,,,,,,,,,
1732482136971,00008,12,0,0,2,8,16.580067,80.000000,,,,,,,,,,,,,,,,,,,,,,,,
1732482136971,00009,12,0,0,2,9,19.465449,86.000000,,,,,,,,,,,,,,,,,,,,,,,,
1732482136971,00010,12,0,0,2,10,22.435012,92.000000,,,,,,,,,,,,,,,,,,,,,,,,
1732482136971,00011,12,0,0,2,11,18.621504,84.000000,,,,,,,,,,,,,,,,,,,,,,,,
1732482136971,00012,12,0,0,2,12,26.390026,100.000000,,,,,,,,,,,,,,,,,,,,,,,,
1732482137071,00001,12,0,0,2,1,29.156380,105.000000,,,,,,,,,,,,,,,,,,,,,,,,
1732482137071,00002,12,0,0,2,2,20.178568,87.000000,,,,,,,,,,,,,,,,,,,,,,,,
1732482137071,00003,12,0,0,2,3,16.404310,79.000000,,,,,,,,,,,,,,,,,,,,,,,,
1732482137071,00004,12,0,0,2,4,11.234418,69.000000,,,,,,,,,,,,,,,,,,,,,,,,
1732482137071,00005,12,0,0,2,5,24.480046,96.000000,,,,,,,,,,,,,,,,,,,,,,,,
1732482137071,00006,12,0,0,2,6,21.727135,90.000000,,,,,,,,,,,,,,,,,,,,,,,,
1732482137071,00007,12,0,0,2,7,13.674971,74.000000,,,,,,,,,,,,,,,,,,,,,,,,
1732482137071,00008,12,0,0,2,8,15.951927,79.000000,,,,,,,,,,,,,,,,,,,,,,,,
1732482137071,00009,12,0,0,2,9,18.930548,85.000000,,,,,,,,,,,,,,,,,,,,,,,,
1732482137071,00010,12,0,0,2,10,20.666225,88.000000,,,,,,,,,,,,,,,,,,,,,,,,
1732482137071,00011,12,0,0,2,11,19.014131,85.000000,,,,,,,,,,,,,,,,,,,,,,,,
1732482137071,00012,12,0,0,2,12,24.179163,95.000000,,,,,,,,,,,,,,,,,,,,,,,,
1732482137171,00001,12,0,0,2,1,25.387336,98.000000,,,,,,,,,,,,,,,,,,,,,,,,
1732482137171,00002,12,0,0,2,2,20.095148,87.000000,,,,,,,,,,,,,,,,,,,,,,,,
1732482137171,00003,12,0,0,2,3,16.515979,80.000000,,,,,,,,,,,,,,,,,,,,,,,,
1732482137171,00004,12,0,0,2,4,11.458438,69.000000,,,,,,,,,,,,,,,,,,,,,,,,
1732482137171,00005,12,0,0,2,5,25.865841,99.000000,,,,,,,,,,,,,,,,,,,,,,,,
1732482137171,00006,12,0,0,2,6,21.668789,90.000000,,,,,,,,,,,,,,,,,,,,,,,,
1732482137171,00007,12,0,0,2,7,13.370740,73.000000,,,,,,,,,,,,,,,,,,,,,,,,
1732482137171,00008,12,0,0,2,8,12.203060,71.000000,,,,,,,,,,,,,,,,,,,,,,,,
1732482137171,00009,12,0,0,2,9,18.149763,83.000000,,,,,,,,,,,,,,,,,,,,,,,,
1732482137171,00010,12,0,0,2,10,23.745868,94.000000,,,,,,,,,,,,,,,,,,,,,,,,
1732482137171,00011,12,0,0,2,11,18.705724,84.000000,,,,,,,,,,,,,,,,,,,,,,,,
1732482137171,00012,12,0,0,2,12,25.205811,97.000000,,,,,,,,,,,,,,,,,,,,,,,,
1732482137271,00001,12,0,0,2,1,29.149618,105.000000,,,,,,,,,,,,,,,,,,,,,,,,
1732482137271,00002,12,0,0,2,2,19.978707,87.000000,,,,,,,,,,,,,,,,,,,,,,,,
1732482137271,00003,12,0,0,2,3,15.899533,78.000000,,,,,,,,,,,,,,,,,,,,,,,,
1732482137271,00004,12,0,0,2,4,11.774868,70.000000,,,,,,,,,,,,,,,,,,,,,,,,
1732482137271,00005,12,0,0,2,5,23.151828,93.000000,,,,,,,,,,,,,,,,,,,,,,,,
1732482137271,00006,12,0,0,2,6,23.072681,93.000000,,,,,,,,,,,,,,,,,,,,,,,,
1732482137271,00007,12,0,0,2,7,12.121944,71.000000,,,,,,,,,,,,,,,,,,,,,,,,
1732482137271,00008,12,0,0,2,8,12.024266,71.000000,,,,,,,,,,,,,,,,,,,,,,,,
1732482137271,00009,12,0,0,2,9,16.926605,80.000000,,,,,,,,,,,,,,,,,,,,,,,,
1732482137271,00010,12,0,0,2,10,22.263734,91.000000,,,,,,,,,,,,,,,,,,,,,,,,
1732482137271,00011,12,0,0,2,11,18.861320,84.000000,,,,,,,,,,,,,,,,,,,,,,,,
1732482137271,00012,12,0,0,2,12,24.413178,96.000000,,,,,,,,,,,,,,,,,,,,,,,,
1732482137371,00001,12,0,0,2,1,29.208789,105.000000,,,,,,,,,,,,,,,,,,,,,,,,
1732482137371,00002,12,0,0,2,2,20.202449,87.000000,,,,,,,,,,,,,,,,,,,,,,,,
1732482137371,00003,12,0,0,2,3,16.880750,80.000000,,,,,,,,,,,,,,,,,,,,,,,,
1732482137371,00004,12,0,0,2,4,11.815139,70.000000,,,,,,,,,,,,,,,,,,,,,,,,
1732482137371,00005,12,0,0,2,5,24.807652,96.000000,,,,,,,,,,,,,,,,,,,,,,,,
1732482137371,00006,12,0,0,2,6,22.148472,91.000000,,,,,,,,,,,,,,,,,,,,,,,,
1732482137371,00007,12,0,0,2,7,13.577165,74.000000,,,,,,,,,,,,,,,,,,,,,,,,
1732482137371,00008,12,0,0,2,8,16.055303,79.000000,,,,,,,,,,,,,,,,,,,,,,,,
1732482137371,00009,12,0,0,2,9,18.421184,83.000000,,,,,,,,,,,,,,,,,,,,,,,,
1732482137371,00010,12,0,0,2,10,20.586795,88.000000,,,,,,,,,,,,,,,,,,,,,,,,
1732482137371,00011,12,0,0,2,11,19.012343,85.000000,,,,,,,,,,,,,,,,,,,,,,,,
1732482137371,00012,12,0,0,2,12,24.803820,96.000000,,,,,,,,,,,,,,,,,,,,,,,,
