timestamp,ueImsiComplete,numActiveUes,DRB.EstabSucc.5QI.UEID (numDrb),DRB.RelActNbr.5QI.UEID (0),L3 serving Id(m_cellId),UE (imsi),L3 serving SINR,L3 serving SINR 3gpp,L3 neigh Id 1 (cellId),L3 neigh SINR 1,L3 neigh SINR 3gpp 1 (convertedSinr),L3 neigh Id 2 (cellId),L3 neigh SINR 2,L3 neigh SINR 3gpp 2 (convertedSinr),L3 neigh Id 3 (cellId),L3 neigh SINR 3,L3 neigh SINR 3gpp 3 (convertedSinr),L3 neigh Id 4 (cellId),L3 neigh SINR 4,L3 neigh SINR 3gpp 4 (convertedSinr),L3 neigh Id 5 (cellId),L3 neigh SINR 5,L3 neigh SINR 3gpp 5 (convertedSinr),L3 neigh Id 6 (cellId),L3 neigh SINR 6,L3 neigh SINR 3gpp 6 (convertedSinr),L3 neigh Id 7 (cellId),L3 neigh SINR 7,L3 neigh SINR 3gpp 7 (convertedSinr),L3 neigh Id 8 (cellId),L3 neigh SINR 8,L3 neigh SINR 3gpp 8 (convertedSinr)
1732464088193,00001,12,0,0,2,1,20.748146,88.000000,,,,,,,,,,,,,,,,,,,,,,,,
1732464088193,00002,12,0,0,2,2,9.782056,66.000000,,,,,,,,,,,,,,,,,,,,,,,,
1732464088193,00003,12,0,0,2,3,7.436127,61.000000,,,,,,,,,,,,,,,,,,,,,,,,
1732464088193,00004,12,0,0,2,4,10.291878,67.000000,,,,,,,,,,,,,,,,,,,,,,,,
1732464088193,00005,12,0,0,2,5,16.618626,80.000000,,,,,,,,,,,,,,,,,,,,,,,,
1732464088193,00006,12,0,0,2,6,17.183989,81.000000,,,,,,,,,,,,,,,,,,,,,,,,
1732464088193,00007,12,0,0,2,7,10.591824,68.000000,,,,,,,,,,,,,,,,,,,,,,,,
1732464088193,00008,12,0,0,2,8,10.588539,68.000000,,,,,,,,,,,,,,,,,,,,,,,,
1732464088193,00009,12,0,0,2,9,12.902063,72.000000,,,,,,,,,,,,,,,,,,,,,,,,
1732464088193,00010,12,0,0,2,10,11.118948,69.000000,,,,,,,,,,,,,,,,,,,,,,,,
1732464088193,00011,12,0,0,2,11,31.300848,109.000000,,,,,,,,,,,,,,,,,,,,,,,,
1732464088193,00012,12,0,0,2,12,18.537747,84.000000,,,,,,,,,,,,,,,,,,,,,,,,
1732464088293,00001,12,0,0,2,1,17.483084,82.000000,,,,,,,,,,,,,,,,,,,,,,,,
1732464088293,00002,12,0,0,2,2,7.954832,62.000000,,,,,,,,,,,,,,,,,,,,,,,,
1732464088293,00003,12,0,0,2,3,7.995192,62.000000,,,,,,,,,,,,,,,,,,,,,,,,
1732464088293,00004,12,0,0,2,4,12.110123,71.000000,,,,,,,,,,,,,,,,,,,,,,,,
1732464088293,00005,12,0,0,2,5,17.375627,81.000000,,,,,,,,,,,,,,,,,,,,,,,,
1732464088293,00006,12,0,0,2,6,20.123791,87.000000,,,,,,,,,,,,,,,,,,,,,,,,
1732464088293,00007,12,0,0,2,7,10.121486,67.000000,,,,,,,,,,,,,,,,,,,,,,,,
1732464088293,00008,12,0,0,2,8,7.558309,62.000000,,,,,,,,,,,,,,,,,,,,,,,,
1732464088293,00009,12,0,0,2,9,12.141265,71.000000,,,,,,,,,,,,,,,,,,,,,,,,
1732464088293,00010,12,0,0,2,10,13.261126,73.000000,,,,,,,,,,,,,,,,,,,,,,,,
1732464088293,00011,12,0,0,2,11,28.683301,104.000000,,,,,,,,,,,,,,,,,,,,,,,,
1732464088293,00012,12,0,0,2,12,19.136486,85.000000,,,,,,,,,,,,,,,,,,,,,,,,
1732464088393,00001,12,0,0,2,1,20.051332,87.000000,,,,,,,,,,,,,,,,,,,,,,,,
1732464088393,00002,12,0,0,2,2,7.654021,62.000000,,,,,,,,,,,,,,,,,,,,,,,,
1732464088393,00003,12,0,0,2,3,8.461115,63.000000,,,,,,,,,,,,,,,,,,,,,,,,
1732464088393,00004,12,0,0,2,4,10.238003,67.000000,,,,,,,,,,,,,,,,,,,,,,,,
1732464088393,00005,12,0,0,2,5,16.631668,80.000000,,,,,,,,,,,,,,,,,,,,,,,,
1732464088393,00006,12,0,0,2,6,18.700622,84.000000,,,,,,,,,,,,,,,,,,,,,,,,
1732464088393,00007,12,0,0,2,7,8.114666,63.000000,,,,,,,,,,,,,,,,,,,,,,,,
1732464088393,00008,12,0,0,2,8,11.041979,69.000000,,,,,,,,,,,,,,,,,,,,,,,,
1732464088393,00009,12,0,0,2,9,12.764451,72.000000,,,,,,,,,,,,,,,,,,,,,,,,
1732464088393,00010,12,0,0,2,10,10.210805,67.000000,,,,,,,,,,,,,,,,,,,,,,,,
1732464088393,00011,12,0,0,2,11,31.332739,110.000000,,,,,,,,,,,,,,,,,,,,,,,,
1732464088393,00012,12,0,0,2,12,17.563346,82.000000,,,,,,,,,,,,,,,,,,,,,,,,
1732464088493,00001,12,0,0,2,1,19.791063,86.000000,,,,,,,,,,,,,,,,,,,,,,,,
1732464088493,00002,12,0,0,2,2,8.764377,64.000000,,,,,,,,,,,,,,,,,,,,,,,,
1732464088493,00003,12,0,0,2,3,7.184975,61.000000,,,,,,,,,,,,,,,,,,,,,,,,
1732464088493,00004,12,0,0,2,4,11.347538,69.000000,,,,,,,,,,,,,,,,,,,,,,,,
1732464088493,00005,12,0,0,2,5,14.955714,77.000000,,,,,,,,,,,,,,,,,,,,,,,,
1732464088493,00006,12,0,0,2,6,17.331744,81.000000,,,,,,,,,,,,,,,,,,,,,,,,
1732464088493,00007,12,0,0,2,7,8.998177,65.000000,,,,,,,,,,,,,,,,,,,,,,,,
1732464088493,00008,12,0,0,2,8,10.859010,68.000000,,,,,,,,,,,,,,,,,,,,,,,,
1732464088493,00009,12,0,0,2,9,13.621641,74.000000,,,,,,,,,,,,,,,,,,,,,,,,
1732464088493,00010,12,0,0,2,10,9.886002,66.000000,,,,,,,,,,,,,,,,,,,,,,,,
1732464088493,00011,12,0,0,2,11,29.462671,106.000000,,,,,,,,,,,,,,,,,,,,,,,,
1732464088493,00012,12,0,0,2,12,18.890869,84.000000,,,,,,,,,,,,,,,,,,,,,,,,
1732464088593,00001,12,0,0,2,1,19.637557,86.000000,,,,,,,,,,,,,,,,,,,,,,,,
1732464088593,00002,12,0,0,2,2,8.789938,64.000000,,,,,,,,,,,,,,,,,,,,,,,,
1732464088593,00003,12,0,0,2,3,8.459336,63.000000,,,,,,,,,,,,,,,,,,,,,,,,
1732464088593,00004,12,0,0,2,4,9.909806,66.000000,,,,,,,,,,,,,,,,,,,,,,,,
1732464088593,00005,12,0,0,2,5,15.525838,78.000000,,,,,,,,,,,,,,,,,,,,,,,,
1732464088593,00006,12,0,0,2,6,17.799547,82.000000,,,,,,,,,,,,,,,,,,,,,,,,
1732464088593,00007,12,0,0,2,7,10.067975,67.000000,,,,,,,,,,,,,,,,,,,,,,,,
1732464088593,00008,12,0,0,2,8,10.049783,67.000000,,,,,,,,,,,,,,,,,,,,,,,,
1732464088593,00009,12,0,0,2,9,12.453594,71.000000,,,,,,,,,,,,,,,,,,,,,,,,
1732464088593,00010,12,0,0,2,10,11.641248,70.000000,,,,,,,,,,,,,,,,,,,,,,,,
1732464088593,00011,12,0,0,2,11,30.081347,107.000000,,,,,,,,,,,,,,,,,,,,,,,,
1732464088593,00012,12,0,0,2,12,20.487300,88.000000,,,,,,,,,,,,,,,,,,,,,,,,
1732464088693,00001,12,0,0,2,1,19.788483,86.000000,,,,,,,,,,,,,,,,,,,,,,,,
1732464088693,00002,12,0,0,2,2,8.905871,64.000000,,,,,,,,,,,,,,,,,,,,,,,,
1732464088693,00003,12,0,0,2,3,7.029684,61.000000,,,,,,,,,,,,,,,,,,,,,,,,
1732464088693,00004,12,0,0,2,4,9.818944,66.000000,,,,,,,,,,,,,,,,,,,,,,,,
1732464088693,00005,12,0,0,2,5,18.858882,84.000000,,,,,,,,,,,,,,,,,,,,,,,,
1732464088693,00006,12,0,0,2,6,20.289683,87.000000,,,,,,,,,,,,,,,,,,,,,,,,
1732464088693,00007,12,0,0,2,7,10.028537,67.000000,,,,,,,,,,,,,,,,,,,,,,,,
1732464088693,00008,12,0,0,2,8,10.481390,67.000000,,,,,,,,,,,,,,,,,,,,,,,,
1732464088693,00009,12,0,0,2,9,14.066180,75.000000,,,,,,,,,,,,,,,,,,,,,,,,
1732464088693,00010,12,0,0,2,10,11.429735,69.000000,,,,,,,,,,,,,,,,,,,,,,,,
1732464088693,00011,12,0,0,2,11,31.640520,110.000000,,,,,,,,,,,,,,,,,,,,,,,,
1732464088693,00012,12,0,0,2,12,19.465672,86.000000,,,,,,,,,,,,,,,,,,,,,,,,
1732464088793,00001,12,0,0,2,1,19.612150,86.000000,,,,,,,,,,,,,,,,,,,,,,,,
1732464088793,00002,12,0,0,2,2,8.094024,63.000000,,,,,,,,,,,,,,,,,,,,,,,,
1732464088793,00003,12,0,0,2,3,9.504554,66.000000,,,,,,,,,,,,,,,,,,,,,,,,
1732464088793,00004,12,0,0,2,4,9.498139,66.000000,,,,,,,,,,,,,,,,,,,,,,,,
1732464088793,00005,12,0,0,2,5,15.499569,78.000000,,,,,,,,,,,,,,,,,,,,,,,,
1732464088793,00006,12,0,0,2,6,20.623000,88.000000,,,,,,,,,,,,,,,,,,,,,,,,
1732464088793,00007,12,0,0,2,7,9.457051,65.000000,,,,,,,,,,,,,,,,,,,,,,,,
1732464088793,00008,12,0,0,2,8,11.919128,70.000000,,,,,,,,,,,,,,,,,,,,,,,,
1732464088793,00009,12,0,0,2,9,12.862293,72.000000,,,,,,,,,,,,,,,,,,,,,,,,
1732464088793,00010,12,0,0,2,10,9.613271,66.000000,,,,,,,,,,,,,,,,,,,,,,,,
1732464088793,00011,12,0,0,2,11,32.086165,111.000000,,,,,,,,,,,,,,,,,,,,,,,,
1732464088793,00012,12,0,0,2,12,18.324386,83.000000,,,,,,,,,,,,,,,,,,,,,,,,
1732464088893,00001,12,0,0,2,1,19.873097,86.000000,,,,,,,,,,,,,,,,,,,,,,,,
1732464088893,00002,12,0,0,2,2,6.278513,59.000000,,,,,,,,,,,,,,,,,,,,,,,,
1732464088893,00003,12,0,0,2,3,8.563460,64.000000,,,,,,,,,,,,,,,,,,,,,,,,
1732464088893,00004,12,0,0,2,4,10.311322,67.000000,,,,,,,,,,,,,,,,,,,,,,,,
1732464088893,00005,12,0,0,2,5,16.983415,81.000000,,,,,,,,,,,,,,,,,,,,,,,,
1732464088893,00006,12,0,0,2,6,18.820045,84.000000,,,,,,,,,,,,,,,,,,,,,,,,
1732464088893,00007,12,0,0,2,7,9.723668,66.000000,,,,,,,,,,,,,,,,,,,,,,,,
1732464088893,00008,12,0,0,2,8,9.241555,65.000000,,,,,,,,,,,,,,,,,,,,,,,,
1732464088893,00009,12,0,0,2,9,12.903853,72.000000,,,,,,,,,,,,,,,,,,,,,,,,
1732464088893,00010,12,0,0,2,10,11.828255,70.000000,,,,,,,,,,,,,,,,,,,,,,,,
1732464088893,00011,12,0,0,2,11,30.742226,108.000000,,,,,,,,,,,,,,,,,,,,,,,,
1732464088893,00012,12,0,0,2,12,17.474470,82.000000,,,,,,,,,,,,,,,,,,,,,,,,
1732464088993,00001,12,0,0,2,1,18.661639,84.000000,,,,,,,,,,,,,,,,,,,,,,,,
1732464088993,00002,12,0,0,2,2,8.713994,64.000000,,,,,,,,,,,,,,,,,,,,,,,,
1732464088993,00003,12,0,0,2,3,8.948410,64.000000,,,,,,,,,,,,,,,,,,,,,,,,
1732464088993,00004,12,0,0,2,4,11.405510,69.000000,,,,,,,,,,,,,,,,,,,,,,,,
1732464088993,00005,12,0,0,2,5,17.037325,81.000000,,,,,,,,,,,,,,,,,,,,,,,,
1732464088993,00006,12,0,0,2,6,17.478835,82.000000,,,,,,,,,,,,,,,,,,,,,,,,
1732464088993,00007,12,0,0,2,7,9.792379,66.000000,,,,,,,,,,,,,,,,,,,,,,,,
1732464088993,00008,12,0,0,2,8,10.311177,67.000000,,,,,,,,,,,,,,,,,,,,,,,,
1732464088993,00009,12,0,0,2,9,12.766614,72.000000,,,,,,,,,,,,,,,,,,,,,,,,
1732464088993,00010,12,0,0,2,10,10.533903,68.000000,,,,,,,,,,,,,,,,,,,,,,,,
1732464088993,00011,12,0,0,2,11,31.398426,110.000000,,,,,,,,,,,,,,,,,,,,,,,,
1732464088993,00012,12,0,0,2,12,18.878243,84.000000,,,,,,,,,,,,,,,,,,,,,,,,
1732464089093,00001,12,0,0,2,1,21.127386,89.000000,,,,,,,,,,,,,,,,,,,,,,,,
1732464089093,00002,12,0,0,2,2,5.621104,58.000000,,,,,,,,,,,,,,,,,,,,,,,,
1732464089093,00003,12,0,0,2,3,7.267197,61.000000,,,,,,,,,,,,,,,,,,,,,,,,
1732464089093,00004,12,0,0,2,4,11.314586,69.000000,,,,,,,,,,,,,,,,,,,,,,,,
1732464089093,00005,12,0,0,2,5,19.437608,86.000000,,,,,,,,,,,,,,,,,,,,,,,,
1732464089093,00006,12,0,0,2,6,18.916007,84.000000,,,,,,,,,,,,,,,,,,,,,,,,
1732464089093,00007,12,0,0,2,7,7.523187,62.000000,,,,,,,,,,,,,,,,,,,,,,,,
1732464089093,00008,12,0,0,2,8,9.983728,66.000000,,,,,,,,,,,,,,,,,,,,,,,,
1732464089093,00009,12,0,0,2,9,12.237495,71.000000,,,,,,,,,,,,,,,,,,,,,,,,
1732464089093,00010,12,0,0,2,10,11.503659,70.000000,,,,,,,,,,,,,,,,,,,,,,,,
1732464089093,00011,12,0,0,2,11,32.403901,112.000000,,,,,,,,,,,,,,,,,,,,,,,,
1732464089093,00012,12,0,0,2,12,17.385909,81.000000,,,,,,,,,,,,,,,,,,,,,,,,
1732464089193,00001,12,0,0,2,1,20.481568,88.000000,,,,,,,,,,,,,,,,,,,,,,,,
1732464089193,00002,12,0,0,2,2,10.310496,67.000000,,,,,,,,,,,,,,,,,,,,,,,,
1732464089193,00003,12,0,0,2,3,7.882423,62.000000,,,,,,,,,,,,,,,,,,,,,,,,
1732464089193,00004,12,0,0,2,4,10.949895,68.000000,,,,,,,,,,,,,,,,,,,,,,,,
1732464089193,00005,12,0,0,2,5,16.814648,80.000000,,,,,,,,,,,,,,,,,,,,,,,,
1732464089193,00006,12,0,0,2,6,16.770036,80.000000,,,,,,,,,,,,,,,,,,,,,,,,
1732464089193,00007,12,0,0,2,7,9.602013,66.000000,,,,,,,,,,,,,,,,,,,,,,,,
1732464089193,00008,12,0,0,2,8,12.196497,71.000000,,,,,,,,,,,,,,,,,,,,,,,,
1732464089193,00009,12,0,0,2,9,12.762242,72.000000,,,,,,,,,,,,,,,,,,,,,,,,
1732464089193,00010,12,0,0,2,10,11.472656,69.000000,,,,,,,,,,,,,,,,,,,,,,,,
1732464089193,00011,12,0,0,2,11,30.854013,109.000000,,,,,,,,,,,,,,,,,,,,,,,,
1732464089193,00012,12,0,0,2,12,19.781598,86.000000,,,,,,,,,,,,,,,,,,,,,,,,
1732464089293,00001,12,0,0,2,1,19.742899,86.000000,,,,,,,,,,,,,,,,,,,,,,,,
1732464089293,00002,12,0,0,2,2,9.253419,65.000000,,,,,,,,,,,,,,,,,,,,,,,,
1732464089293,00003,12,0,0,2,3,8.622874,64.000000,,,,,,,,,,,,,,,,,,,,,,,,
1732464089293,00004,12,0,0,2,4,10.022458,67.000000,,,,,,,,,,,,,,,,,,,,,,,,
1732464089293,00005,12,0,0,2,5,16.333058,79.000000,,,,,,,,,,,,,,,,,,,,,,,,
1732464089293,00006,12,0,0,2,6,17.680454,82.000000,,,,,,,,,,,,,,,,,,,,,,,,
1732464089293,00007,12,0,0,2,7,9.888279,66.000000,,,,,,,,,,,,,,,,,,,,,,,,
1732464089293,00008,12,0,0,2,8,11.737578,70.000000,,,,,,,,,,,,,,,,,,,,,,,,
1732464089293,00009,12,0,0,2,9,12.197799,71.000000,,,,,,,,,,,,,,,,,,,,,,,,
1732464089293,00010,12,0,0,2,10,12.150315,71.000000,,,,,,,,,,,,,,,,,,,,,,,,
1732464089293,00011,12,0,0,2,11,32.196223,111.000000,,,,,,,,,,,,,,,,,,,,,,,,
1732464089293,00012,12,0,0,2,12,17.709269,82.000000,,,,,,,,,,,,,,,,,,,,,,,,
1732464089393,00001,12,0,0,2,1,20.895457,88.000000,,,,,,,,,,,,,,,,,,,,,,,,
1732464089393,00002,12,0,0,2,2,8.596075,64.000000,,,,,,,,,,,,,,,,,,,,,,,,
1732464089393,00003,12,0,0,2,3,7.358060,61.000000,,,,,,,,,,,,,,,,,,,,,,,,
1732464089393,00004,12,0,0,2,4,11.835099,70.000000,,,,,,,,,,,,,,,,,,,,,,,,
1732464089393,00005,12,0,0,2,5,17.335545,81.000000,,,,,,,,,,,,,,,,,,,,,,,,
1732464089393,00006,12,0,0,2,6,18.034567,83.000000,,,,,,,,,,,,,,,,,,,,,,,,
1732464089393,00007,12,0,0,2,7,8.374656,63.000000,,,,,,,,,,,,,,,,,,,,,,,,
1732464089393,00008,12,0,0,2,8,11.643780,70.000000,,,,,,,,,,,,,,,,,,,,,,,,
1732464089393,00009,12,0,0,2,9,12.165544,71.000000,,,,,,,,,,,,,,,,,,,,,,,,
1732464089393,00010,12,0,0,2,10,11.847506,70.000000,,,,,,,,,,,,,,,,,,,,,,,,
1732464089393,00011,12,0,0,2,11,28.170388,103.000000,,,,,,,,,,,,,,,,,,,,,,,,
1732464089393,00012,12,0,0,2,12,19.740766,86.000000,,,,,,,,,,,,,,,,,,,,,,,,
1732464089493,00001,12,0,0,2,1,20.222377,87.000000,,,,,,,,,,,,,,,,,,,,,,,,
1732464089493,00002,12,0,0,2,2,10.643801,68.000000,,,,,,,,,,,,,,,,,,,,,,,,
1732464089493,00003,12,0,0,2,3,6.906073,60.000000,,,,,,,,,,,,,,,,,,,,,,,,
1732464089493,00004,12,0,0,2,4,11.330476,69.000000,,,,,,,,,,,,,,,,,,,,,,,,
1732464089493,00005,12,0,0,2,5,16.758558,80.000000,,,,,,,,,,,,,,,,,,,,,,,,
1732464089493,00006,12,0,0,2,6,19.377922,85.000000,,,,,,,,,,,,,,,,,,,,,,,,
1732464089493,00007,12,0,0,2,7,7.982560,62.000000,,,,,,,,,,,,,,,,,,,,,,,,
1732464089493,00008,12,0,0,2,8,11.584882,70.000000,,,,,,,,,,,,,,,,,,,,,,,,
1732464089493,00009,12,0,0,2,9,11.691760,70.000000,,,,,,,,,,,,,,,,,,,,,,,,
1732464089493,00010,12,0,0,2,10,10.170965,67.000000,,,,,,,,,,,,,,,,,,,,,,,,
1732464089493,00011,12,0,0,2,11,32.988212,113.000000,,,,,,,,,,,,,,,,,,,,,,,,
1732464089493,00012,12,0,0,2,12,16.176954,79.000000,,,,,,,,,,,,,,,,,,,,,,,,
1732464089593,00001,12,0,0,2,1,20.269262,87.000000,,,,,,,,,,,,,,,,,,,,,,,,
1732464089593,00002,12,0,0,2,2,7.521027,62.000000,,,,,,,,,,,,,,,,,,,,,,,,
1732464089593,00003,12,0,0,2,3,8.118942,63.000000,,,,,,,,,,,,,,,,,,,,,,,,
1732464089593,00004,12,0,0,2,4,9.811738,66.000000,,,,,,,,,,,,,,,,,,,,,,,,
1732464089593,00005,12,0,0,2,5,16.588050,80.000000,,,,,,,,,,,,,,,,,,,,,,,,
1732464089593,00006,12,0,0,2,6,15.415535,77.000000,,,,,,,,,,,,,,,,,,,,,,,,
1732464089593,00007,12,0,0,2,7,10.458029,67.000000,,,,,,,,,,,,,,,,,,,,,,,,
1732464089593,00008,12,0,0,2,8,10.795155,68.000000,,,,,,,,,,,,,,,,,,,,,,,,
1732464089593,00009,12,0,0,2,9,14.514405,76.000000,,,,,,,,,,,,,,,,,,,,,,,,
1732464089593,00010,12,0,0,2,10,11.451227,69.000000,,,,,,,,,,,,,,,,,,,,,,,,
1732464089593,00011,12,0,0,2,11,31.797638,110.000000,,,,,,,,,,,,,,,,,,,,,,,,
1732464089593,00012,12,0,0,2,12,18.610597,84.000000,,,,,,,,,,,,,,,,,,,,,,,,
1732464089693,00001,12,0,0,2,1,17.630461,82.000000,,,,,,,,,,,,,,,,,,,,,,,,
1732464089693,00002,12,0,0,2,2,7.101166,61.000000,,,,,,,,,,,,,,,,,,,,,,,,
1732464089693,00003,12,0,0,2,3,9.157501,65.000000,,,,,,,,,,,,,,,,,,,,,,,,
1732464089693,00004,12,0,0,2,4,11.419540,69.000000,,,,,,,,,,,,,,,,,,,,,,,,
1732464089693,00005,12,0,0,2,5,18.722373,84.000000,,,,,,,,,,,,,,,,,,,,,,,,
1732464089693,00006,12,0,0,2,6,17.737526,82.000000,,,,,,,,,,,,,,,,,,,,,,,,
1732464089693,00007,12,0,0,2,7,9.267589,65.000000,,,,,,,,,,,,,,,,,,,,,,,,
1732464089693,00008,12,0,0,2,8,11.180543,69.000000,,,,,,,,,,,,,,,,,,,,,,,,
1732464089693,00009,12,0,0,2,9,12.173339,71.000000,,,,,,,,,,,,,,,,,,,,,,,,
1732464089693,00010,12,0,0,2,10,11.838025,70.000000,,,,,,,,,,,,,,,,,,,,,,,,
1732464089693,00011,12,0,0,2,11,30.917056,109.000000,,,,,,,,,,,,,,,,,,,,,,,,
1732464089693,00012,12,0,0,2,12,19.419437,86.000000,,,,,,,,,,,,,,,,,,,,,,,,
1732464089793,00001,12,0,0,2,1,18.884281,84.000000,,,,,,,,,,,,,,,,,,,,,,,,
1732464089793,00002,12,0,0,2,2,8.353014,63.000000,,,,,,,,,,,,,,,,,,,,,,,,
1732464089793,00003,12,0,0,2,3,7.681347,62.000000,,,,,,,,,,,,,,,,,,,,,,,,
1732464089793,00004,12,0,0,2,4,9.824566,66.000000,,,,,,,,,,,,,,,,,,,,,,,,
1732464089793,00005,12,0,0,2,5,16.593999,80.000000,,,,,,,,,,,,,,,,,,,,,,,,
1732464089793,00006,12,0,0,2,6,17.667983,82.000000,,,,,,,,,,,,,,,,,,,,,,,,
1732464089793,00007,12,0,0,2,7,9.487946,65.000000,,,,,,,,,,,,,,,,,,,,,,,,
1732464089793,00008,12,0,0,2,8,12.594102,72.000000,,,,,,,,,,,,,,,,,,,,,,,,
1732464089793,00009,12,0,0,2,9,11.162568,69.000000,,,,,,,,,,,,,,,,,,,,,,,,
1732464089793,00010,12,0,0,2,10,10.777676,68.000000,,,,,,,,,,,,,,,,,,,,,,,,
1732464089793,00011,12,0,0,2,11,28.144726,103.000000,,,,,,,,,,,,,,,,,,,,,,,,
1732464089793,00012,12,0,0,2,12,19.055615,85.000000,,,,,,,,,,,,,,,,,,,,,,,,
1732464089893,00001,12,0,0,2,1,21.994111,91.000000,,,,,,,,,,,,,,,,,,,,,,,,
1732464089893,00002,12,0,0,2,2,8.172479,63.000000,,,,,,,,,,,,,,,,,,,,,,,,
1732464089893,00003,12,0,0,2,3,8.280514,63.000000,,,,,,,,,,,,,,,,,,,,,,,,
1732464089893,00004,12,0,0,2,4,8.531237,64.000000,,,,,,,,,,,,,,,,,,,,,,,,
1732464089893,00005,12,0,0,2,5,18.247807,83.000000,,,,,,,,,,,,,,,,,,,,,,,,
1732464089893,00006,12,0,0,2,6,17.651875,82.000000,,,,,,,,,,,,,,,,,,,,,,,,
1732464089893,00007,12,0,0,2,7,11.069566,69.000000,,,,,,,,,,,,,,,,,,,,,,,,
1732464089893,00008,12,0,0,2,8,13.711259,74.000000,,,,,,,,,,,,,,,,,,,,,,,,
1732464089893,00009,12,0,0,2,9,12.180852,71.000000,,,,,,,,,,,,,,,,,,,,,,,,
1732464089893,00010,12,0,0,2,10,11.814860,70.000000,,,,,,,,,,,,,,,,,,,,,,,,
1732464089893,00011,12,0,0,2,11,31.259825,109.000000,,,,,,,,,,,,,,,,,,,,,,,,
1732464089893,00012,12,0,0,2,12,15.831973,78.000000,,,,,,,,,,,,,,,,,,,,,,,,
1732464089993,00001,12,0,0,2,1,19.216832,85.000000,,,,,,,,,,,,,,,,,,,,,,,,
1732464089993,00002,12,0,0,2,2,5.985462,58.000000,,,,,,,,,,,,,,,,,,,,,,,,
1732464089993,00003,12,0,0,2,3,6.849085,60.000000,,,,,,,,,,,,,,,,,,,,,,,,
1732464089993,00004,12,0,0,2,4,9.252670,65.000000,,,,,,,,,,,,,,,,,,,,,,,,
1732464089993,00005,12,0,0,2,5,16.952448,81.000000,,,,,,,,,,,,,,,,,,,,,,,,
1732464089993,00006,12,0,0,2,6,16.932666,80.000000,,,,,,,,,,,,,,,,,,,,,,,,
1732464089993,00007,12,0,0,2,7,8.403232,63.000000,,,,,,,,,,,,,,,,,,,,,,,,
1732464089993,00008,12,0,0,2,8,10.799760,68.000000,,,,,,,,,,,,,,,,,,,,,,,,
1732464089993,00009,12,0,0,2,9,12.633084,72.000000,,,,,,,,,,,,,,,,,,,,,,,,
1732464089993,00010,12,0,0,2,10,11.430932,69.000000,,,,,,,,,,,,,,,,,,,,,,,,
1732464089993,00011,12,0,0,2,11,31.150971,109.000000,,,,,,,,,,,,,,,,,,,,,,,,
1732464089993,00012,12,0,0,2,12,19.083610,85.000000,,,,,,,,,,,,,,,,,,,,,,,,
1732464090093,00001,12,0,0,2,1,20.921112,89.000000,,,,,,,,,,,,,,,,,,,,,,,,
1732464090093,00002,12,0,0,2,2,7.908277,62.000000,,,,,,,,,,,,,,,,,,,,,,,,
1732464090093,00003,12,0,0,2,3,7.121887,61.000000,,,,,,,,,,,,,,,,,,,,,,,,
1732464090093,00004,12,0,0,2,4,9.920363,66.000000,,,,,,,,,,,,,,,,,,,,,,,,
1732464090093,00005,12,0,0,2,5,15.397514,77.000000,,,,,,,,,,,,,,,,,,,,,,,,
1732464090093,00006,12,0,0,2,6,19.084222,85.000000,,,,,,,,,,,,,,,,,,,,,,,,
1732464090093,00007,12,0,0,2,7,9.811103,66.000000,,,,,,,,,,,,,,,,,,,,,,,,
1732464090093,00008,12,0,0,2,8,13.634497,74.000000,,,,,,,,,,,,,,,,,,,,,,,,
1732464090093,00009,12,0,0,2,9,12.908924,72.000000,,,,,,,,,,,,,,,,,,,,,,,,
1732464090093,00010,12,0,0,2,10,11.800924,70.000000,,,,,,,,,,,,,,,,,,,,,,,,
1732464090093,00011,12,0,0,2,11,31.112185,109.000000,,,,,,,,,,,,,,,,,,,,,,,,
1732464090093,00012,12,0,0,2,12,20.815952,88.000000,,,,,,,,,,,,,,,,,,,,,,,,
1732464090193,00001,12,0,0,2,1,15.076367,77.000000,,,,,,,,,,,,,,,,,,,,,,,,
1732464090193,00002,12,0,0,2,2,6.407858,59.000000,,,,,,,,,,,,,,,,,,,,,,,,
1732464090193,00003,12,0,0,2,3,9.089826,65.000000,,,,,,,,,,,,,,,,,,,,,,,,
1732464090193,00004,12,0,0,2,4,10.464127,67.000000,,,,,,,,,,,,,,,,,,,,,,,,
1732464090193,00005,12,0,0,2,5,16.314238,79.000000,,,,,,,,,,,,,,,,,,,,,,,,
1732464090193,00006,12,0,0,2,6,19.205935,85.000000,,,,,,,,,,,,,,,,,,,,,,,,
1732464090193,00007,12,0,0,2,7,9.663238,66.000000,,,,,,,,,,,,,,,,,,,,,,,,
1732464090193,00008,12,0,0,2,8,12.713514,72.000000,,,,,,,,,,,,,,,,,,,,,,,,
1732464090193,00009,12,0,0,2,9,14.004909,75.000000,,,,,,,,,,,,,,,,,,,,,,,,
1732464090193,00010,12,0,0,2,10,11.863064,70.000000,,,,,,,,,,,,,,,,,,,,,,,,
1732464090193,00011,12,0,0,2,11,30.430714,108.000000,,,,,,,,,,,,,,,,,,,,,,,,
1732464090193,00012,12,0,0,2,12,18.880909,84.000000,,,,,,,,,,,,,,,,,,,,,,,,
1732464090293,00001,12,0,0,2,1,19.064831,85.000000,,,,,,,,,,,,,,,,,,,,,,,,
1732464090293,00002,12,0,0,2,2,8.402737,63.000000,,,,,,,,,,,,,,,,,,,,,,,,
1732464090293,00003,12,0,0,2,3,7.744811,62.000000,,,,,,,,,,,,,,,,,,,,,,,,
1732464090293,00004,12,0,0,2,4,10.057403,67.000000,,,,,,,,,,,,,,,,,,,,,,,,
1732464090293,00005,12,0,0,2,5,17.430173,82.000000,,,,,,,,,,,,,,,,,,,,,,,,
1732464090293,00006,12,0,0,2,6,10.686018,68.000000,,,,,,,,,,,,,,,,,,,,,,,,
1732464090293,00007,12,0,0,2,7,6.096562,59.000000,,,,,,,,,,,,,,,,,,,,,,,,
1732464090293,00008,12,0,0,2,8,11.566206,70.000000,,,,,,,,,,,,,,,,,,,,,,,,
1732464090293,00009,12,0,0,2,9,13.334466,73.000000,,,,,,,,,,,,,,,,,,,,,,,,
1732464090293,00010,12,0,0,2,10,11.193032,69.000000,,,,,,,,,,,,,,,,,,,,,,,,
1732464090293,00011,12,0,0,2,11,29.843714,107.000000,,,,,,,,,,,,,,,,,,,,,,,,
1732464090293,00012,12,0,0,2,12,20.060592,87.000000,,,,,,,,,,,,,,,,,,,,,,,,
1732464090393,00001,12,0,0,2,1,20.835869,88.000000,,,,,,,,,,,,,,,,,,,,,,,,
1732464090393,00002,12,0,0,2,2,9.134050,65.000000,,,,,,,,,,,,,,,,,,,,,,,,
1732464090393,00003,12,0,0,2,3,9.462537,65.000000,,,,,,,,,,,,,,,,,,,,,,,,
1732464090393,00004,12,0,0,2,4,9.999209,67.000000,,,,,,,,,,,,,,,,,,,,,,,,
1732464090393,00005,12,0,0,2,5,18.572926,84.000000,,,,,,,,,,,,,,,,,,,,,,,,
1732464090393,00006,12,0,0,2,6,16.840539,80.000000,,,,,,,,,,,,,,,,,,,,,,,,
1732464090393,00007,12,0,0,2,7,9.660635,66.000000,,,,,,,,,,,,,,,,,,,,,,,,
1732464090393,00008,12,0,0,2,8,7.366414,61.000000,,,,,,,,,,,,,,,,,,,,,,,,
1732464090393,00009,12,0,0,2,9,11.588908,70.000000,,,,,,,,,,,,,,,,,,,,,,,,
1732464090393,00010,12,0,0,2,10,11.987145,71.000000,,,,,,,,,,,,,,,,,,,,,,,,
1732464090393,00011,12,0,0,2,11,30.357158,108.000000,,,,,,,,,,,,,,,,,,,,,,,,
1732464090393,00012,12,0,0,2,12,23.431806,94.000000,,,,,,,,,,,,,,,,,,,,,,,,
1732464090493,00001,12,0,0,2,1,20.227624,87.000000,,,,,,,,,,,,,,,,,,,,,,,,
1732464090493,00002,12,0,0,2,2,9.052244,65.000000,,,,,,,,,,,,,,,,,,,,,,,,
1732464090493,00003,12,0,0,2,3,10.334218,67.000000,,,,,,,,,,,,,,,,,,,,,,,,
1732464090493,00004,12,0,0,2,4,10.422369,67.000000,,,,,,,,,,,,,,,,,,,,,,,,
1732464090493,00005,12,0,0,2,5,16.650360,80.000000,,,,,,,,,,,,,,,,,,,,,,,,
1732464090493,00006,12,0,0,2,6,18.781706,84.000000,,,,,,,,,,,,,,,,,,,,,,,,
1732464090493,00007,12,0,0,2,7,9.032127,65.000000,,,,,,,,,,,,,,,,,,,,,,,,
1732464090493,00008,12,0,0,2,8,11.506736,70.000000,,,,,,,,,,,,,,,,,,,,,,,,
1732464090493,00009,12,0,0,2,9,12.977555,73.000000,,,,,,,,,,,,,,,,,,,,,,,,
1732464090493,00010,12,0,0,2,10,12.345291,71.000000,,,,,,,,,,,,,,,,,,,,,,,,
1732464090493,00011,12,0,0,2,11,30.181449,107.000000,,,,,,,,,,,,,,,,,,,,,,,,
1732464090493,00012,12,0,0,2,12,18.619411,84.000000,,,,,,,,,,,,,,,,,,,,,,,,
1732464090593,00001,12,0,0,2,1,19.994808,87.000000,,,,,,,,,,,,,,,,,,,,,,,,
1732464090593,00002,12,0,0,2,2,6.676990,60.000000,,,,,,,,,,,,,,,,,,,,,,,,
1732464090593,00003,12,0,0,2,3,9.026125,65.000000,,,,,,,,,,,,,,,,,,,,,,,,
1732464090593,00004,12,0,0,2,4,9.344287,65.000000,,,,,,,,,,,,,,,,,,,,,,,,
1732464090593,00005,12,0,0,2,5,15.806931,78.000000,,,,,,,,,,,,,,,,,,,,,,,,
1732464090593,00006,12,0,0,2,6,17.700543,82.000000,,,,,,,,,,,,,,,,,,,,,,,,
1732464090593,00007,12,0,0,2,7,8.812486,64.000000,,,,,,,,,,,,,,,,,,,,,,,,
1732464090593,00008,12,0,0,2,8,12.627013,72.000000,,,,,,,,,,,,,,,,,,,,,,,,
1732464090593,00009,12,0,0,2,9,11.964557,70.000000,,,,,,,,,,,,,,,,,,,,,,,,
1732464090593,00010,12,0,0,2,10,13.215817,73.000000,,,,,,,,,,,,,,,,,,,,,,,,
1732464090593,00011,12,0,0,2,11,29.385739,106.000000,,,,,,,,,,,,,,,,,,,,,,,,
1732464090593,00012,12,0,0,2,12,18.295763,83.000000,,,,,,,,,,,,,,,,,,,,,,,,
1732464090693,00001,12,0,0,2,1,20.260055,87.000000,,,,,,,,,,,,,,,,,,,,,,,,
1732464090693,00002,12,0,0,2,2,9.294918,65.000000,,,,,,,,,,,,,,,,,,,,,,,,
1732464090693,00003,12,0,0,2,3,8.972755,64.000000,,,,,,,,,,,,,,,,,,,,,,,,
1732464090693,00004,12,0,0,2,4,9.378309,65.000000,,,,,,,,,,,,,,,,,,,,,,,,
1732464090693,00005,12,0,0,2,5,17.642058,82.000000,,,,,,,,,,,,,,,,,,,,,,,,
1732464090693,00006,12,0,0,2,6,17.317054,81.000000,,,,,,,,,,,,,,,,,,,,,,,,
1732464090693,00007,12,0,0,2,7,11.304037,69.000000,,,,,,,,,,,,,,,,,,,,,,,,
1732464090693,00008,12,0,0,2,8,13.475157,74.000000,,,,,,,,,,,,,,,,,,,,,,,,
1732464090693,00009,12,0,0,2,9,12.765509,72.000000,,,,,,,,,,,,,,,,,,,,,,,,
1732464090693,00010,12,0,0,2,10,10.092544,67.000000,,,,,,,,,,,,,,,,,,,,,,,,
1732464090693,00011,12,0,0,2,11,31.062382,109.000000,,,,,,,,,,,,,,,,,,,,,,,,
1732464090693,00012,12,0,0,2,12,19.062856,85.000000,,,,,,,,,,,,,,,,,,,,,,,,
1732464090793,00001,12,0,0,2,1,19.152256,85.000000,,,,,,,,,,,,,,,,,,,,,,,,
1732464090793,00002,12,0,0,2,2,5.856834,58.000000,,,,,,,,,,,,,,,,,,,,,,,,
1732464090793,00003,12,0,0,2,3,7.446771,61.000000,,,,,,,,,,,,,,,,,,,,,,,,
1732464090793,00004,12,0,0,2,4,10.123285,67.000000,,,,,,,,,,,,,,,,,,,,,,,,
1732464090793,00005,12,0,0,2,5,16.178875,79.000000,,,,,,,,,,,,,,,,,,,,,,,,
1732464090793,00006,12,0,0,2,6,17.674475,82.000000,,,,,,,,,,,,,,,,,,,,,,,,
1732464090793,00007,12,0,0,2,7,9.681027,66.000000,,,,,,,,,,,,,,,,,,,,,,,,
1732464090793,00008,12,0,0,2,8,10.476029,67.000000,,,,,,,,,,,,,,,,,,,,,,,,
1732464090793,00009,12,0,0,2,9,12.448947,71.000000,,,,,,,,,,,,,,,,,,,,,,,,
1732464090793,00010,12,0,0,2,10,11.018374,69.000000,,,,,,,,,,,,,,,,,,,,,,,,
1732464090793,00011,12,0,0,2,11,31.058063,109.000000,,,,,,,,,,,,,,,,,,,,,,,,
1732464090793,00012,12,0,0,2,12,19.960875,87.000000,,,,,,,,,,,,,,,,,,,,,,,,
1732464090893,00001,12,0,0,2,1,20.553736,88.000000,,,,,,,,,,,,,,,,,,,,,,,,
1732464090893,00002,12,0,0,2,2,8.077881,63.000000,,,,,,,,,,,,,,,,,,,,,,,,
1732464090893,00003,12,0,0,2,3,8.328293,63.000000,,,,,,,,,,,,,,,,,,,,,,,,
1732464090893,00004,12,0,0,2,4,7.164072,61.000000,,,,,,,,,,,,,,,,,,,,,,,,
1732464090893,00005,12,0,0,2,5,17.294512,81.000000,,,,,,,,,,,,,,,,,,,,,,,,
1732464090893,00006,12,0,0,2,6,16.731548,80.000000,,,,,,,,,,,,,,,,,,,,,,,,
1732464090893,00007,12,0,0,2,7,8.979667,64.000000,,,,,,,,,,,,,,,,,,,,,,,,
1732464090893,00008,12,0,0,2,8,9.778859,66.000000,,,,,,,,,,,,,,,,,,,,,,,,
1732464090893,00009,12,0,0,2,9,12.068417,71.000000,,,,,,,,,,,,,,,,,,,,,,,,
1732464090893,00010,12,0,0,2,10,14.004175,75.000000,,,,,,,,,,,,,,,,,,,,,,,,
1732464090893,00011,12,0,0,2,11,31.915019,111.000000,,,,,,,,,,,,,,,,,,,,,,,,
1732464090893,00012,12,0,0,2,12,18.998124,85.000000,,,,,,,,,,,,,,,,,,,,,,,,
1732464090993,00001,12,0,0,2,1,22.174684,91.000000,,,,,,,,,,,,,,,,,,,,,,,,
1732464090993,00002,12,0,0,2,2,8.537616,64.000000,,,,,,,,,,,,,,,,,,,,,,,,
1732464090993,00003,12,0,0,2,3,8.013410,63.000000,,,,,,,,,,,,,,,,,,,,,,,,
1732464090993,00004,12,0,0,2,4,10.771636,68.000000,,,,,,,,,,,,,,,,,,,,,,,,
1732464090993,00005,12,0,0,2,5,16.631665,80.000000,,,,,,,,,,,,,,,,,,,,,,,,
1732464090993,00006,12,0,0,2,6,18.723185,84.000000,,,,,,,,,,,,,,,,,,,,,,,,
1732464090993,00007,12,0,0,2,7,9.033218,65.000000,,,,,,,,,,,,,,,,,,,,,,,,
1732464090993,00008,12,0,0,2,8,10.444663,67.000000,,,,,,,,,,,,,,,,,,,,,,,,
1732464090993,00009,12,0,0,2,9,13.155173,73.000000,,,,,,,,,,,,,,,,,,,,,,,,
1732464090993,00010,12,0,0,2,10,11.838382,70.000000,,,,,,,,,,,,,,,,,,,,,,,,
1732464090993,00011,12,0,0,2,11,31.119481,109.000000,,,,,,,,,,,,,,,,,,,,,,,,
1732464090993,00012,12,0,0,2,12,17.025645,81.000000,,,,,,,,,,,,,,,,,,,,,,,,
1732464091093,00001,12,0,0,2,1,20.986520,89.000000,,,,,,,,,,,,,,,,,,,,,,,,
1732464091093,00002,12,0,0,2,2,8.683557,64.000000,,,,,,,,,,,,,,,,,,,,,,,,
1732464091093,00003,12,0,0,2,3,7.801078,62.000000,,,,,,,,,,,,,,,,,,,,,,,,
1732464091093,00004,12,0,0,2,4,12.598301,72.000000,,,,,,,,,,,,,,,,,,,,,,,,
1732464091093,00005,12,0,0,2,5,15.221963,77.000000,,,,,,,,,,,,,,,,,,,,,,,,
1732464091093,00006,12,0,0,2,6,15.920379,78.000000,,,,,,,,,,,,,,,,,,,,,,,,
1732464091093,00007,12,0,0,2,7,10.451521,67.000000,,,,,,,,,,,,,,,,,,,,,,,,
1732464091093,00008,12,0,0,2,8,13.210039,73.000000,,,,,,,,,,,,,,,,,,,,,,,,
1732464091093,00009,12,0,0,2,9,9.049530,65.000000,,,,,,,,,,,,,,,,,,,,,,,,
1732464091093,00010,12,0,0,2,10,11.765772,70.000000,,,,,,,,,,,,,,,,,,,,,,,,
1732464091093,00011,12,0,0,2,11,31.495678,110.000000,,,,,,,,,,,,,,,,,,,,,,,,
1732464091093,00012,12,0,0,2,12,17.375631,81.000000,,,,,,,,,,,,,,,,,,,,,,,,
1732464091193,00001,12,0,0,2,1,21.388299,89.000000,,,,,,,,,,,,,,,,,,,,,,,,
1732464091193,00002,12,0,0,2,2,7.998417,62.000000,,,,,,,,,,,,,,,,,,,,,,,,
1732464091193,00003,12,0,0,2,3,7.650809,62.000000,,,,,,,,,,,,,,,,,,,,,,,,
1732464091193,00004,12,0,0,2,4,11.998305,71.000000,,,,,,,,,,,,,,,,,,,,,,,,
1732464091193,00005,12,0,0,2,5,18.979112,85.000000,,,,,,,,,,,,,,,,,,,,,,,,
1732464091193,00006,12,0,0,2,6,16.522641,80.000000,,,,,,,,,,,,,,,,,,,,,,,,
1732464091193,00007,12,0,0,2,7,10.533834,68.000000,,,,,,,,,,,,,,,,,,,,,,,,
1732464091193,00008,12,0,0,2,8,11.320266,69.000000,,,,,,,,,,,,,,,,,,,,,,,,
1732464091193,00009,12,0,0,2,9,12.992712,73.000000,,,,,,,,,,,,,,,,,,,,,,,,
1732464091193,00010,12,0,0,2,10,11.444640,69.000000,,,,,,,,,,,,,,,,,,,,,,,,
1732464091193,00011,12,0,0,2,11,31.104101,109.000000,,,,,,,,,,,,,,,,,,,,,,,,
1732464091193,00012,12,0,0,2,12,17.065486,81.000000,,,,,,,,,,,,,,,,,,,,,,,,
1732464091293,00001,12,0,0,2,1,20.971586,89.000000,,,,,,,,,,,,,,,,,,,,,,,,
1732464091293,00002,12,0,0,2,2,8.956528,64.000000,,,,,,,,,,,,,,,,,,,,,,,,
1732464091293,00003,12,0,0,2,3,6.851595,60.000000,,,,,,,,,,,,,,,,,,,,,,,,
1732464091293,00004,12,0,0,2,4,8.922034,64.000000,,,,,,,,,,,,,,,,,,,,,,,,
1732464091293,00005,12,0,0,2,5,18.568858,84.000000,,,,,,,,,,,,,,,,,,,,,,,,
1732464091293,00006,12,0,0,2,6,18.746988,84.000000,,,,,,,,,,,,,,,,,,,,,,,,
1732464091293,00007,12,0,0,2,7,7.922946,62.000000,,,,,,,,,,,,,,,,,,,,,,,,
1732464091293,00008,12,0,0,2,8,12.563730,72.000000,,,,,,,,,,,,,,,,,,,,,,,,
1732464091293,00009,12,0,0,2,9,13.463782,74.000000,,,,,,,,,,,,,,,,,,,,,,,,
1732464091293,00010,12,0,0,2,10,9.928276,66.000000,,,,,,,,,,,,,,,,,,,,,,,,
1732464091293,00011,12,0,0,2,11,29.811472,106.000000,,,,,,,,,,,,,,,,,,,,,,,,
1732464091293,00012,12,0,0,2,12,18.664900,84.000000,,,,,,,,,,,,,,,,,,,,,,,,
1732464091393,00001,12,0,0,2,1,20.375221,87.000000,,,,,,,,,,,,,,,,,,,,,,,,
1732464091393,00002,12,0,0,2,2,8.355495,63.000000,,,,,,,,,,,,,,,,,,,,,,,,
1732464091393,00003,12,0,0,2,3,7.822923,62.000000,,,,,,,,,,,,,,,,,,,,,,,,
1732464091393,00004,12,0,0,2,4,11.175543,69.000000,,,,,,,,,,,,,,,,,,,,,,,,
1732464091393,00005,12,0,0,2,5,17.859781,82.000000,,,,,,,,,,,,,,,,,,,,,,,,
1732464091393,00006,12,0,0,2,6,13.067048,73.000000,,,,,,,,,,,,,,,,,,,,,,,,
1732464091393,00007,12,0,0,2,7,7.453981,61.000000,,,,,,,,,,,,,,,,,,,,,,,,
1732464091393,00008,12,0,0,2,8,11.390384,69.000000,,,,,,,,,,,,,,,,,,,,,,,,
1732464091393,00009,12,0,0,2,9,12.441321,71.000000,,,,,,,,,,,,,,,,,,,,,,,,
1732464091393,00010,12,0,0,2,10,11.931822,70.000000,,,,,,,,,,,,,,,,,,,,,,,,
1732464091393,00011,12,0,0,2,11,31.923837,111.000000,,,,,,,,,,,,,,,,,,,,,,,,
1732464091393,00012,12,0,0,2,12,18.897721,84.000000,,,,,,,,,,,,,,,,,,,,,,,,
1732464091493,00001,12,0,0,2,1,17.235860,81.000000,,,,,,,,,,,,,,,,,,,,,,,,
1732464091493,00002,12,0,0,2,2,8.959555,64.000000,,,,,,,,,,,,,,,,,,,,,,,,
1732464091493,00003,12,0,0,2,3,5.126115,57.000000,,,,,,,,,,,,,,,,,,,,,,,,
1732464091493,00004,12,0,0,2,4,10.506732,68.000000,,,,,,,,,,,,,,,,,,,,,,,,
1732464091493,00005,12,0,0,2,5,17.644596,82.000000,,,,,,,,,,,,,,,,,,,,,,,,
1732464091493,00006,12,0,0,2,6,16.374614,79.000000,,,,,,,,,,,,,,,,,,,,,,,,
1732464091493,00007,12,0,0,2,7,9.333589,65.000000,,,,,,,,,,,,,,,,,,,,,,,,
1732464091493,00008,12,0,0,2,8,10.571967,68.000000,,,,,,,,,,,,,,,,,,,,,,,,
1732464091493,00009,12,0,0,2,9,12.383225,71.000000,,,,,,,,,,,,,,,,,,,,,,,,
1732464091493,00010,12,0,0,2,10,13.346791,73.000000,,,,,,,,,,,,,,,,,,,,,,,,
1732464091493,00011,12,0,0,2,11,30.066155,107.000000,,,,,,,,,,,,,,,,,,,,,,,,
1732464091493,00012,12,0,0,2,12,20.273219,87.000000,,,,,,,,,,,,,,,,,,,,,,,,
1732464091593,00001,12,0,0,2,1,20.023484,87.000000,,,,,,,,,,,,,,,,,,,,,,,,
1732464091593,00002,12,0,0,2,2,9.521159,66.000000,,,,,,,,,,,,,,,,,,,,,,,,
1732464091593,00003,12,0,0,2,3,8.338729,63.000000,,,,,,,,,,,,,,,,,,,,,,,,
1732464091593,00004,12,0,0,2,4,10.746494,68.000000,,,,,,,,,,,,,,,,,,,,,,,,
1732464091593,00005,12,0,0,2,5,17.074330,81.000000,,,,,,,,,,,,,,,,,,,,,,,,
1732464091593,00006,12,0,0,2,6,17.368560,81.000000,,,,,,,,,,,,,,,,,,,,,,,,
1732464091593,00007,12,0,0,2,7,8.766890,64.000000,,,,,,,,,,,,,,,,,,,,,,,,
1732464091593,00008,12,0,0,2,8,10.110091,67.000000,,,,,,,,,,,,,,,,,,,,,,,,
1732464091593,00009,12,0,0,2,9,14.042909,75.000000,,,,,,,,,,,,,,,,,,,,,,,,
1732464091593,00010,12,0,0,2,10,10.914923,68.000000,,,,,,,,,,,,,,,,,,,,,,,,
1732464091593,00011,12,0,0,2,11,30.052222,107.000000,,,,,,,,,,,,,,,,,,,,,,,,
1732464091593,00012,12,0,0,2,12,20.547035,88.000000,,,,,,,,,,,,,,,,,,,,,,,,
1732464091693,00001,12,0,0,2,1,20.713769,88.000000,,,,,,,,,,,,,,,,,,,,,,,,
1732464091693,00002,12,0,0,2,2,8.243338,63.000000,,,,,,,,,,,,,,,,,,,,,,,,
1732464091693,00003,12,0,0,2,3,8.988958,64.000000,,,,,,,,,,,,,,,,,,,,,,,,
1732464091693,00004,12,0,0,2,4,11.971852,70.000000,,,,,,,,,,,,,,,,,,,,,,,,
1732464091693,00005,12,0,0,2,5,16.768819,80.000000,,,,,,,,,,,,,,,,,,,,,,,,
1732464091693,00006,12,0,0,2,6,15.184088,77.000000,,,,,,,,,,,,,,,,,,,,,,,,
1732464091693,00007,12,0,0,2,7,7.606942,62.000000,,,,,,,,,,,,,,,,,,,,,,,,
1732464091693,00008,12,0,0,2,8,12.241542,71.000000,,,,,,,,,,,,,,,,,,,,,,,,
1732464091693,00009,12,0,0,2,9,11.964833,70.000000,,,,,,,,,,,,,,,,,,,,,,,,
1732464091693,00010,12,0,0,2,10,11.907449,70.000000,,,,,,,,,,,,,,,,,,,,,,,,
1732464091693,00011,12,0,0,2,11,30.725974,108.000000,,,,,,,,,,,,,,,,,,,,,,,,
1732464091693,00012,12,0,0,2,12,18.901583,84.000000,,,,,,,,,,,,,,,,,,,,,,,,
1732464091793,00001,12,0,0,2,1,18.796165,84.000000,,,,,,,,,,,,,,,,,,,,,,,,
1732464091793,00002,12,0,0,2,2,8.983057,64.000000,,,,,,,,,,,,,,,,,,,,,,,,
1732464091793,00003,12,0,0,2,3,8.320392,63.000000,,,,,,,,,,,,,,,,,,,,,,,,
1732464091793,00004,12,0,0,2,4,10.966429,68.000000,,,,,,,,,,,,,,,,,,,,,,,,
1732464091793,00005,12,0,0,2,5,16.990302,81.000000,,,,,,,,,,,,,,,,,,,,,,,,
1732464091793,00006,12,0,0,2,6,17.590971,82.000000,,,,,,,,,,,,,,,,,,,,,,,,
1732464091793,00007,12,0,0,2,7,9.498003,66.000000,,,,,,,,,,,,,,,,,,,,,,,,
1732464091793,00008,12,0,0,2,8,9.657857,66.000000,,,,,,,,,,,,,,,,,,,,,,,,
1732464091793,00009,12,0,0,2,9,12.775551,72.000000,,,,,,,,,,,,,,,,,,,,,,,,
1732464091793,00010,12,0,0,2,10,10.579073,68.000000,,,,,,,,,,,,,,,,,,,,,,,,
1732464091793,00011,12,0,0,2,11,30.947541,109.000000,,,,,,,,,,,,,,,,,,,,,,,,
1732464091793,00012,12,0,0,2,12,18.439538,84.000000,,,,,,,,,,,,,,,,,,,,,,,,
1732464091893,00001,12,0,0,2,1,22.774671,92.000000,,,,,,,,,,,,,,,,,,,,,,,,
1732464091893,00002,12,0,0,2,2,9.798573,66.000000,,,,,,,,,,,,,,,,,,,,,,,,
1732464091893,00003,12,0,0,2,3,8.536162,64.000000,,,,,,,,,,,,,,,,,,,,,,,,
1732464091893,00004,12,0,0,2,4,10.114760,67.000000,,,,,,,,,,,,,,,,,,,,,,,,
1732464091893,00005,12,0,0,2,5,16.485276,80.000000,,,,,,,,,,,,,,,,,,,,,,,,
1732464091893,00006,12,0,0,2,6,17.300896,81.000000,,,,,,,,,,,,,,,,,,,,,,,,
1732464091893,00007,12,0,0,2,7,7.124495,61.000000,,,,,,,,,,,,,,,,,,,,,,,,
1732464091893,00008,12,0,0,2,8,12.930093,72.000000,,,,,,,,,,,,,,,,,,,,,,,,
1732464091893,00009,12,0,0,2,9,12.709953,72.000000,,,,,,,,,,,,,,,,,,,,,,,,
1732464091893,00010,12,0,0,2,10,12.694137,72.000000,,,,,,,,,,,,,,,,,,,,,,,,
1732464091893,00011,12,0,0,2,11,31.190647,109.000000,,,,,,,,,,,,,,,,,,,,,,,,
1732464091893,00012,12,0,0,2,12,18.769677,84.000000,,,,,,,,,,,,,,,,,,,,,,,,
1732464091993,00001,12,0,0,2,1,20.566319,88.000000,,,,,,,,,,,,,,,,,,,,,,,,
1732464091993,00002,12,0,0,2,2,7.728330,62.000000,,,,,,,,,,,,,,,,,,,,,,,,
1732464091993,00003,12,0,0,2,3,5.356340,57.000000,,,,,,,,,,,,,,,,,,,,,,,,
1732464091993,00004,12,0,0,2,4,11.489883,70.000000,,,,,,,,,,,,,,,,,,,,,,,,
1732464091993,00005,12,0,0,2,5,18.828882,84.000000,,,,,,,,,,,,,,,,,,,,,,,,
1732464091993,00006,12,0,0,2,6,16.859570,80.000000,,,,,,,,,,,,,,,,,,,,,,,,
1732464091993,00007,12,0,0,2,7,11.050648,69.000000,,,,,,,,,,,,,,,,,,,,,,,,
1732464091993,00008,12,0,0,2,8,11.436049,69.000000,,,,,,,,,,,,,,,,,,,,,,,,
1732464091993,00009,12,0,0,2,9,11.204247,69.000000,,,,,,,,,,,,,,,,,,,,,,,,
1732464091993,00010,12,0,0,2,10,11.456779,69.000000,,,,,,,,,,,,,,,,,,,,,,,,
1732464091993,00011,12,0,0,2,11,31.377823,110.000000,,,,,,,,,,,,,,,,,,,,,,,,
1732464091993,00012,12,0,0,2,12,19.086076,85.000000,,,,,,,,,,,,,,,,,,,,,,,,
1732464092093,00001,12,0,0,2,1,21.463360,90.000000,,,,,,,,,,,,,,,,,,,,,,,,
1732464092093,00002,12,0,0,2,2,7.146554,61.000000,,,,,,,,,,,,,,,,,,,,,,,,
1732464092093,00003,12,0,0,2,3,8.308431,63.000000,,,,,,,,,,,,,,,,,,,,,,,,
1732464092093,00004,12,0,0,2,4,10.156202,67.000000,,,,,,,,,,,,,,,,,,,,,,,,
1732464092093,00005,12,0,0,2,5,17.549158,82.000000,,,,,,,,,,,,,,,,,,,,,,,,
1732464092093,00006,12,0,0,2,6,16.888209,80.000000,,,,,,,,,,,,,,,,,,,,,,,,
1732464092093,00007,12,0,0,2,7,9.925512,66.000000,,,,,,,,,,,,,,,,,,,,,,,,
1732464092093,00008,12,0,0,2,8,12.012445,71.000000,,,,,,,,,,,,,,,,,,,,,,,,
1732464092093,00009,12,0,0,2,9,12.651584,72.000000,,,,,,,,,,,,,,,,,,,,,,,,
1732464092093,00010,12,0,0,2,10,11.224614,69.000000,,,,,,,,,,,,,,,,,,,,,,,,
1732464092093,00011,12,0,0,2,11,31.550944,110.000000,,,,,,,,,,,,,,,,,,,,,,,,
1732464092093,00012,12,0,0,2,12,19.749879,86.000000,,,,,,,,,,,,,,,,,,,,,,,,
1732464092193,00001,12,0,0,2,1,18.560914,84.000000,,,,,,,,,,,,,,,,,,,,,,,,
1732464092193,00002,12,0,0,2,2,5.931043,58.000000,,,,,,,,,,,,,,,,,,,,,,,,
1732464092193,00003,12,0,0,2,3,7.632377,62.000000,,,,,,,,,,,,,,,,,,,,,,,,
1732464092193,00004,12,0,0,2,4,9.842844,66.000000,,,,,,,,,,,,,,,,,,,,,,,,
1732464092193,00005,12,0,0,2,5,18.004287,83.000000,,,,,,,,,,,,,,,,,,,,,,,,
1732464092193,00006,12,0,0,2,6,16.572653,80.000000,,,,,,,,,,,,,,,,,,,,,,,,
1732464092193,00007,12,0,0,2,7,9.652561,66.000000,,,,,,,,,,,,,,,,,,,,,,,,
1732464092193,00008,12,0,0,2,8,11.274971,69.000000,,,,,,,,,,,,,,,,,,,,,,,,
1732464092193,00009,12,0,0,2,9,12.488571,72.000000,,,,,,,,,,,,,,,,,,,,,,,,
1732464092193,00010,12,0,0,2,10,12.761785,72.000000,,,,,,,,,,,,,,,,,,,,,,,,
1732464092193,00011,12,0,0,2,11,30.210145,107.000000,,,,,,,,,,,,,,,,,,,,,,,,
1732464092193,00012,12,0,0,2,12,20.452072,88.000000,,,,,,,,,,,,,,,,,,,,,,,,
1732464092293,00001,12,0,0,2,1,18.809437,84.000000,,,,,,,,,,,,,,,,,,,,,,,,
1732464092293,00002,12,0,0,2,2,10.326066,67.000000,,,,,,,,,,,,,,,,,,,,,,,,
1732464092293,00003,12,0,0,2,3,4.891279,56.000000,,,,,,,,,,,,,,,,,,,,,,,,
1732464092293,00004,12,0,0,2,4,10.566110,68.000000,,,,,,,,,,,,,,,,,,,,,,,,
1732464092293,00005,12,0,0,2,5,19.277527,85.000000,,,,,,,,,,,,,,,,,,,,,,,,
1732464092293,00006,12,0,0,2,6,18.216394,83.000000,,,,,,,,,,,,,,,,,,,,,,,,
1732464092293,00007,12,0,0,2,7,12.107927,71.000000,,,,,,,,,,,,,,,,,,,,,,,,
1732464092293,00008,12,0,0,2,8,11.014481,69.000000,,,,,,,,,,,,,,,,,,,,,,,,
1732464092293,00009,12,0,0,2,9,13.366607,73.000000,,,,,,,,,,,,,,,,,,,,,,,,
1732464092293,00010,12,0,0,2,10,10.379289,67.000000,,,,,,,,,,,,,,,,,,,,,,,,
1732464092293,00011,12,0,0,2,11,31.763055,110.000000,,,,,,,,,,,,,,,,,,,,,,,,
1732464092293,00012,12,0,0,2,12,18.915214,84.000000,,,,,,,,,,,,,,,,,,,,,,,,
1732464092393,00001,12,0,0,2,1,20.030435,87.000000,,,,,,,,,,,,,,,,,,,,,,,,
1732464092393,00002,12,0,0,2,2,7.625068,62.000000,,,,,,,,,,,,,,,,,,,,,,,,
1732464092393,00003,12,0,0,2,3,7.903292,62.000000,,,,,,,,,,,,,,,,,,,,,,,,
1732464092393,00004,12,0,0,2,4,11.660611,70.000000,,,,,,,,,,,,,,,,,,,,,,,,
1732464092393,00005,12,0,0,2,5,16.932623,80.000000,,,,,,,,,,,,,,,,,,,,,,,,
1732464092393,00006,12,0,0,2,6,17.715469,82.000000,,,,,,,,,,,,,,,,,,,,,,,,
1732464092393,00007,12,0,0,2,7,8.733105,64.000000,,,,,,,,,,,,,,,,,,,,,,,,
1732464092393,00008,12,0,0,2,8,12.266406,71.000000,,,,,,,,,,,,,,,,,,,,,,,,
1732464092393,00009,12,0,0,2,9,12.780896,72.000000,,,,,,,,,,,,,,,,,,,,,,,,
1732464092393,00010,12,0,0,2,10,11.278693,69.000000,,,,,,,,,,,,,,,,,,,,,,,,
1732464092393,00011,12,0,0,2,11,28.955548,105.000000,,,,,,,,,,,,,,,,,,,,,,,,
1732464092393,00012,12,0,0,2,12,19.919724,87.000000,,,,,,,,,,,,,,,,,,,,,,,,
1732464092493,00001,12,0,0,2,1,20.278734,87.000000,,,,,,,,,,,,,,,,,,,,,,,,
1732464092493,00002,12,0,0,2,2,9.554134,66.000000,,,,,,,,,,,,,,,,,,,,,,,,
1732464092493,00003,12,0,0,2,3,9.014032,65.000000,,,,,,,,,,,,,,,,,,,,,,,,
1732464092493,00004,12,0,0,2,4,11.215209,69.000000,,,,,,,,,,,,,,,,,,,,,,,,
1732464092493,00005,12,0,0,2,5,18.474812,84.000000,,,,,,,,,,,,,,,,,,,,,,,,
1732464092493,00006,12,0,0,2,6,18.412066,83.000000,,,,,,,,,,,,,,,,,,,,,,,,
1732464092493,00007,12,0,0,2,7,10.273656,67.000000,,,,,,,,,,,,,,,,,,,,,,,,
1732464092493,00008,12,0,0,2,8,10.669080,68.000000,,,,,,,,,,,,,,,,,,,,,,,,
1732464092493,00009,12,0,0,2,9,12.702690,72.000000,,,,,,,,,,,,,,,,,,,,,,,,
1732464092493,00010,12,0,0,2,10,11.146384,69.000000,,,,,,,,,,,,,,,,,,,,,,,,
1732464092493,00011,12,0,0,2,11,31.315831,109.000000,,,,,,,,,,,,,,,,,,,,,,,,
1732464092493,00012,12,0,0,2,12,17.083900,81.000000,,,,,,,,,,,,,,,,,,,,,,,,
1732464092593,00001,12,0,0,2,1,17.404109,81.000000,,,,,,,,,,,,,,,,,,,,,,,,
1732464092593,00002,12,0,0,2,2,7.639441,62.000000,,,,,,,,,,,,,,,,,,,,,,,,
1732464092593,00003,12,0,0,2,3,6.840356,60.000000,,,,,,,,,,,,,,,,,,,,,,,,
1732464092593,00004,12,0,0,2,4,9.754695,66.000000,,,,,,,,,,,,,,,,,,,,,,,,
1732464092593,00005,12,0,0,2,5,15.699063,78.000000,,,,,,,,,,,,,,,,,,,,,,,,
1732464092593,00006,12,0,0,2,6,18.854985,84.000000,,,,,,,,,,,,,,,,,,,,,,,,
1732464092593,00007,12,0,0,2,7,11.357823,69.000000,,,,,,,,,,,,,,,,,,,,,,,,
1732464092593,00008,12,0,0,2,8,12.080266,71.000000,,,,,,,,,,,,,,,,,,,,,,,,
1732464092593,00009,12,0,0,2,9,13.418719,73.000000,,,,,,,,,,,,,,,,,,,,,,,,
1732464092593,00010,12,0,0,2,10,10.782725,68.000000,,,,,,,,,,,,,,,,,,,,,,,,
1732464092593,00011,12,0,0,2,11,31.071597,109.000000,,,,,,,,,,,,,,,,,,,,,,,,
1732464092593,00012,12,0,0,2,12,20.624000,88.000000,,,,,,,,,,,,,,,,,,,,,,,,
1732464092693,00001,12,0,0,2,1,20.057470,87.000000,,,,,,,,,,,,,,,,,,,,,,,,
1732464092693,00002,12,0,0,2,2,9.040699,65.000000,,,,,,,,,,,,,,,,,,,,,,,,
1732464092693,00003,12,0,0,2,3,7.793142,62.000000,,,,,,,,,,,,,,,,,,,,,,,,
1732464092693,00004,12,0,0,2,4,10.885450,68.000000,,,,,,,,,,,,,,,,,,,,,,,,
1732464092693,00005,12,0,0,2,5,17.465494,82.000000,,,,,,,,,,,,,,,,,,,,,,,,
1732464092693,00006,12,0,0,2,6,16.931901,80.000000,,,,,,,,,,,,,,,,,,,,,,,,
1732464092693,00007,12,0,0,2,7,9.339811,65.000000,,,,,,,,,,,,,,,,,,,,,,,,
1732464092693,00008,12,0,0,2,8,11.478862,70.000000,,,,,,,,,,,,,,,,,,,,,,,,
1732464092693,00009,12,0,0,2,9,12.848344,72.000000,,,,,,,,,,,,,,,,,,,,,,,,
1732464092693,00010,12,0,0,2,10,12.336831,71.000000,,,,,,,,,,,,,,,,,,,,,,,,
1732464092693,00011,12,0,0,2,11,30.379425,108.000000,,,,,,,,,,,,,,,,,,,,,,,,
1732464092693,00012,12,0,0,2,12,14.103395,75.000000,,,,,,,,,,,,,,,,,,,,,,,,
1732464092793,00001,12,0,0,2,1,22.511439,92.000000,,,,,,,,,,,,,,,,,,,,,,,,
1732464092793,00002,12,0,0,2,2,8.622874,64.000000,,,,,,,,,,,,,,,,,,,,,,,,
1732464092793,00003,12,0,0,2,3,8.985855,64.000000,,,,,,,,,,,,,,,,,,,,,,,,
1732464092793,00004,12,0,0,2,4,10.613145,68.000000,,,,,,,,,,,,,,,,,,,,,,,,
1732464092793,00005,12,0,0,2,5,17.421559,81.000000,,,,,,,,,,,,,,,,,,,,,,,,
1732464092793,00006,12,0,0,2,6,15.666268,78.000000,,,,,,,,,,,,,,,,,,,,,,,,
1732464092793,00007,12,0,0,2,7,9.021672,65.000000,,,,,,,,,,,,,,,,,,,,,,,,
1732464092793,00008,12,0,0,2,8,8.608057,64.000000,,,,,,,,,,,,,,,,,,,,,,,,
1732464092793,00009,12,0,0,2,9,12.058119,71.000000,,,,,,,,,,,,,,,,,,,,,,,,
1732464092793,00010,12,0,0,2,10,8.517799,64.000000,,,,,,,,,,,,,,,,,,,,,,,,
1732464092793,00011,12,0,0,2,11,30.718882,108.000000,,,,,,,,,,,,,,,,,,,,,,,,
1732464092793,00012,12,0,0,2,12,19.572981,86.000000,,,,,,,,,,,,,,,,,,,,,,,,
1732464092893,00001,12,0,0,2,1,20.519918,88.000000,,,,,,,,,,,,,,,,,,,,,,,,
1732464092893,00002,12,0,0,2,2,8.491775,63.000000,,,,,,,,,,,,,,,,,,,,,,,,
1732464092893,00003,12,0,0,2,3,10.058261,67.000000,,,,,,,,,,,,,,,,,,,,,,,,
1732464092893,00004,12,0,0,2,4,9.978374,66.000000,,,,,,,,,,,,,,,,,,,,,,,,
1732464092893,00005,12,0,0,2,5,17.456788,82.000000,,,,,,,,,,,,,,,,,,,,,,,,
1732464092893,00006,12,0,0,2,6,16.080049,79.000000,,,,,,,,,,,,,,,,,,,,,,,,
1732464092893,00007,12,0,0,2,7,7.833101,62.000000,,,,,,,,,,,,,,,,,,,,,,,,
1732464092893,00008,12,0,0,2,8,7.868758,62.000000,,,,,,,,,,,,,,,,,,,,,,,,
1732464092893,00009,12,0,0,2,9,10.831257,68.000000,,,,,,,,,,,,,,,,,,,,,,,,
1732464092893,00010,12,0,0,2,10,11.127739,69.000000,,,,,,,,,,,,,,,,,,,,,,,,
1732464092893,00011,12,0,0,2,11,30.992678,109.000000,,,,,,,,,,,,,,,,,,,,,,,,
1732464092893,00012,12,0,0,2,12,17.626548,82.000000,,,,,,,,,,,,,,,,,,,,,,,,
1732464092993,00001,12,0,0,2,1,20.143145,87.000000,,,,,,,,,,,,,,,,,,,,,,,,
1732464092993,00002,12,0,0,2,2,8.618392,64.000000,,,,,,,,,,,,,,,,,,,,,,,,
1732464092993,00003,12,0,0,2,3,8.528703,64.000000,,,,,,,,,,,,,,,,,,,,,,,,
1732464092993,00004,12,0,0,2,4,11.821434,70.000000,,,,,,,,,,,,,,,,,,,,,,,,
1732464092993,00005,12,0,0,2,5,17.663536,82.000000,,,,,,,,,,,,,,,,,,,,,,,,
1732464092993,00006,12,0,0,2,6,16.239527,79.000000,,,,,,,,,,,,,,,,,,,,,,,,
1732464092993,00007,12,0,0,2,7,9.216454,65.000000,,,,,,,,,,,,,,,,,,,,,,,,
1732464092993,00008,12,0,0,2,8,11.363220,69.000000,,,,,,,,,,,,,,,,,,,,,,,,
1732464092993,00009,12,0,0,2,9,12.351268,71.000000,,,,,,,,,,,,,,,,,,,,,,,,
1732464092993,00010,12,0,0,2,10,12.736264,72.000000,,,,,,,,,,,,,,,,,,,,,,,,
1732464092993,00011,12,0,0,2,11,31.050615,109.000000,,,,,,,,,,,,,,,,,,,,,,,,
1732464092993,00012,12,0,0,2,12,18.773520,84.000000,,,,,,,,,,,,,,,,,,,,,,,,
