0.0542144 1 3 1 
0.0542145 2 3 2 
0.0542146 3 3 3 
0.0542147 4 3 4 
0.0542148 5 3 5 
0.0542149 7 3 7 
0.054215 8 2 1 
0.054215 9 2 2 
0.0542151 11 2 3 
0.0542152 12 2 4 
0.0592144 6 3 6 
0.0592145 10 3 8 
0.3577 2 2 5 
0.3577 12 3 9 
0.358268 12 3 9 
0.358268 2 2 5 
0.5537 12 2 6 
0.554268 12 2 6 
0.554268 12 2 6 
0.5577 2 3 10 
0.558268 2 3 10 
0.558268 2 3 10 
0.7577 12 3 11 
0.758268 12 3 11 
0.758268 12 3 11 
0.758268 12 3 11 
1.3537 12 2 7 
1.35427 12 2 7 
1.35427 12 2 7 
1.35427 12 2 7 
1.35427 12 2 7 
1.3577 2 2 8 
1.35827 2 2 8 
1.35827 2 2 8 
1.35827 2 2 8 
1.5577 2 3 12 
1.55827 2 3 12 
1.55827 2 3 12 
1.55827 2 3 12 
1.55827 2 3 12 
2.5577 12 3 13 
2.55827 12 3 13 
2.55827 12 3 13 
2.55827 12 3 13 
2.55827 12 3 13 
2.55827 12 3 13 
2.7577 12 2 9 
2.75827 12 2 9 
2.75827 12 2 9 
2.75827 12 2 9 
2.75827 12 2 9 
2.75827 12 2 9 
2.75827 12 2 9 
3.1577 12 3 14 
3.15827 12 3 14 
3.15827 12 3 14 
3.15827 12 3 14 
3.15827 12 3 14 
3.15827 12 3 14 
3.15827 12 3 14 
3.15827 12 3 14 
3.6585 12 2 10 
3.65927 12 2 10 
3.65927 12 2 10 
3.65927 12 2 10 
3.65927 12 2 10 
3.65927 12 2 10 
3.65927 12 2 10 
3.65927 12 2 10 
3.65927 12 2 10 
