timestamp,ueImsiComplete,numActiveUes,DRB.EstabSucc.5QI.UEID (numDrb),DRB.RelActNbr.5QI.UEID (0),L3 serving Id(m_cellId),UE (imsi),L3 serving SINR,L3 serving SINR 3gpp,L3 neigh Id 1 (cellId),L3 neigh SINR 1,L3 neigh SINR 3gpp 1 (convertedSinr),L3 neigh Id 2 (cellId),L3 neigh SINR 2,L3 neigh SINR 3gpp 2 (convertedSinr),L3 neigh Id 3 (cellId),L3 neigh SINR 3,L3 neigh SINR 3gpp 3 (convertedSinr),L3 neigh Id 4 (cellId),L3 neigh SINR 4,L3 neigh SINR 3gpp 4 (convertedSinr),L3 neigh Id 5 (cellId),L3 neigh SINR 5,L3 neigh SINR 3gpp 5 (convertedSinr),L3 neigh Id 6 (cellId),L3 neigh SINR 6,L3 neigh SINR 3gpp 6 (convertedSinr),L3 neigh Id 7 (cellId),L3 neigh SINR 7,L3 neigh SINR 3gpp 7 (convertedSinr),L3 neigh Id 8 (cellId),L3 neigh SINR 8,L3 neigh SINR 3gpp 8 (convertedSinr)
1732466492407,00001,8,0,0,3,1,21.842113,90.000000,,,,,,,,,,,,,,,,,,,,,
1732466492407,00002,8,0,0,3,2,11.098538,69.000000,,,,,,,,,,,,,,,,,,,,,
1732466492407,00003,8,0,0,3,3,23.484133,94.000000,,,,,,,,,,,,,,,,,,,,,
1732466492407,00004,8,0,0,3,4,16.776889,80.000000,,,,,,,,,,,,,,,,,,,,,
1732466492407,00005,8,0,0,3,5,18.522410,84.000000,,,,,,,,,,,,,,,,,,,,,
1732466492407,00006,8,0,0,3,6,12.606021,72.000000,,,,,,,,,,,,,,,,,,,,,
1732466492407,00007,8,0,0,3,7,31.237498,109.000000,,,,,,,,,,,,,,,,,,,,,
1732466492407,00010,8,0,0,3,10,16.453717,80.000000,,,,,,,,,,,,,,,,,,,,,
1732466492507,00001,8,0,0,3,1,21.331525,89.000000,,,,,,,,,,,,,,,,,,,,,
1732466492507,00002,8,0,0,3,2,11.414700,69.000000,,,,,,,,,,,,,,,,,,,,,
1732466492507,00003,8,0,0,3,3,23.794559,94.000000,,,,,,,,,,,,,,,,,,,,,
1732466492507,00004,8,0,0,3,4,17.914136,82.000000,,,,,,,,,,,,,,,,,,,,,
1732466492507,00005,8,0,0,3,5,19.366993,85.000000,,,,,,,,,,,,,,,,,,,,,
1732466492507,00006,8,0,0,3,6,14.234405,75.000000,,,,,,,,,,,,,,,,,,,,,
1732466492507,00007,8,0,0,3,7,30.161543,107.000000,,,,,,,,,,,,,,,,,,,,,
1732466492507,00010,8,0,0,3,10,18.875331,84.000000,,,,,,,,,,,,,,,,,,,,,
1732466492607,00001,8,0,0,3,1,21.582455,90.000000,,,,,,,,,,,,,,,,,,,,,
1732466492607,00002,8,0,0,3,2,9.642106,66.000000,2,10.517032,68.000000,,,,,,,,,,,,,,,,,,,,,
1732466492607,00003,8,0,0,3,3,24.553715,96.000000,,,,,,,,,,,,,,,,,,,,,
1732466492607,00004,8,0,0,3,4,16.463526,80.000000,,,,,,,,,,,,,,,,,,,,,
1732466492607,00005,8,0,0,3,5,18.994429,85.000000,,,,,,,,,,,,,,,,,,,,,
1732466492607,00006,8,0,0,3,6,13.418047,73.000000,,,,,,,,,,,,,,,,,,,,,
1732466492607,00007,8,0,0,3,7,29.441748,106.000000,,,,,,,,,,,,,,,,,,,,,
1732466492607,00010,8,0,0,3,10,19.496178,86.000000,,,,,,,,,,,,,,,,,,,,,
1732466492707,00001,8,0,0,3,1,21.621715,90.000000,,,,,,,,,,,,,,,,,,,,,
1732466492707,00003,8,0,0,3,3,24.342388,95.000000,,,,,,,,,,,,,,,,,,,,,
1732466492707,00004,8,0,0,3,4,15.226935,77.000000,,,,,,,,,,,,,,,,,,,,,
1732466492707,00005,8,0,0,3,5,20.338377,87.000000,,,,,,,,,,,,,,,,,,,,,
1732466492707,00006,8,0,0,3,6,15.861102,78.000000,,,,,,,,,,,,,,,,,,,,,
1732466492707,00007,8,0,0,3,7,29.640667,106.000000,,,,,,,,,,,,,,,,,,,,,
1732466492707,00010,8,0,0,3,10,17.512657,82.000000,,,,,,,,,,,,,,,,,,,,,
1732466492707,00012,8,0,0,3,12,13.002780,73.000000,,,,,,,,,,,,,,,,,,,,,
1732466492807,00001,8,0,0,3,1,20.942536,89.000000,,,,,,,,,,,,,,,,,,,,,
1732466492807,00003,8,0,0,3,3,23.891689,95.000000,,,,,,,,,,,,,,,,,,,,,
1732466492807,00004,8,0,0,3,4,16.690954,80.000000,,,,,,,,,,,,,,,,,,,,,
1732466492807,00005,8,0,0,3,5,19.404915,85.000000,,,,,,,,,,,,,,,,,,,,,
1732466492807,00006,8,0,0,3,6,15.870007,78.000000,,,,,,,,,,,,,,,,,,,,,
1732466492807,00007,8,0,0,3,7,30.822639,108.000000,,,,,,,,,,,,,,,,,,,,,
1732466492807,00010,8,0,0,3,10,18.600038,84.000000,,,,,,,,,,,,,,,,,,,,,
1732466492807,00012,8,0,0,3,12,8.862056,64.000000,2,12.405513,71.000000,,,,,,,,,,,,,,,,,,,,,
1732466492907,00001,8,0,0,3,1,17.298469,81.000000,,,,,,,,,,,,,,,,,,,,,
1732466492907,00003,8,0,0,3,3,25.099772,97.000000,,,,,,,,,,,,,,,,,,,,,
1732466492907,00004,8,0,0,3,4,16.235147,79.000000,,,,,,,,,,,,,,,,,,,,,
1732466492907,00005,8,0,0,3,5,19.008565,85.000000,,,,,,,,,,,,,,,,,,,,,
1732466492907,00006,8,0,0,3,6,14.627241,76.000000,,,,,,,,,,,,,,,,,,,,,
1732466492907,00007,8,0,0,3,7,29.162111,105.000000,,,,,,,,,,,,,,,,,,,,,
1732466492907,00010,8,0,0,3,10,19.457054,86.000000,,,,,,,,,,,,,,,,,,,,,
1732466492907,00002,8,0,0,3,2,11.027596,69.000000,,,,,,,,,,,,,,,,,,,,,
1732466493007,00001,8,0,0,3,1,19.640835,86.000000,,,,,,,,,,,,,,,,,,,,,
1732466493007,00003,8,0,0,3,3,24.192974,95.000000,,,,,,,,,,,,,,,,,,,,,
1732466493007,00004,8,0,0,3,4,16.105219,79.000000,,,,,,,,,,,,,,,,,,,,,
1732466493007,00005,8,0,0,3,5,19.245925,85.000000,,,,,,,,,,,,,,,,,,,,,
1732466493007,00006,8,0,0,3,6,15.152457,77.000000,,,,,,,,,,,,,,,,,,,,,
1732466493007,00007,8,0,0,3,7,28.262603,103.000000,,,,,,,,,,,,,,,,,,,,,
1732466493007,00010,8,0,0,3,10,17.859947,82.000000,,,,,,,,,,,,,,,,,,,,,
1732466493007,00002,8,0,0,3,2,10.201147,67.000000,,,,,,,,,,,,,,,,,,,,,
1732466493107,00001,9,0,0,3,1,20.658592,88.000000,,,,,,,,,,,,,,,,,,,,,
1732466493107,00003,9,0,0,3,3,23.478014,94.000000,,,,,,,,,,,,,,,,,,,,,
1732466493107,00004,9,0,0,3,4,16.778534,80.000000,,,,,,,,,,,,,,,,,,,,,
1732466493107,00005,9,0,0,3,5,19.708168,86.000000,,,,,,,,,,,,,,,,,,,,,
1732466493107,00006,9,0,0,3,6,16.543994,80.000000,,,,,,,,,,,,,,,,,,,,,
1732466493107,00007,9,0,0,3,7,30.113005,107.000000,,,,,,,,,,,,,,,,,,,,,
1732466493107,00010,9,0,0,3,10,20.663828,88.000000,,,,,,,,,,,,,,,,,,,,,
1732466493107,00002,9,0,0,3,2,11.788049,70.000000,,,,,,,,,,,,,,,,,,,,,
1732466493107,00012,9,0,0,3,12,11.716273,70.000000,,,,,,,,,,,,,,,,,,,,,
1732466493207,00001,9,0,0,3,1,20.888058,88.000000,,,,,,,,,,,,,,,,,,,,,
1732466493207,00003,9,0,0,3,3,23.011839,93.000000,,,,,,,,,,,,,,,,,,,,,
1732466493207,00004,9,0,0,3,4,14.926001,76.000000,,,,,,,,,,,,,,,,,,,,,
1732466493207,00005,9,0,0,3,5,19.449523,86.000000,,,,,,,,,,,,,,,,,,,,,
1732466493207,00006,9,0,0,3,6,13.094685,73.000000,,,,,,,,,,,,,,,,,,,,,
1732466493207,00007,9,0,0,3,7,26.773802,100.000000,,,,,,,,,,,,,,,,,,,,,
1732466493207,00010,9,0,0,3,10,20.830927,88.000000,,,,,,,,,,,,,,,,,,,,,
1732466493207,00002,9,0,0,3,2,10.141542,67.000000,,,,,,,,,,,,,,,,,,,,,
1732466493207,00012,9,0,0,3,12,12.485547,72.000000,2,13.431914,73.000000,,,,,,,,,,,,,,,,,,,,,
1732466493307,00001,9,0,0,3,1,21.158251,89.000000,,,,,,,,,,,,,,,,,,,,,
1732466493307,00003,9,0,0,3,3,22.933004,93.000000,2,23.310509,93.000000,,,,,,,,,,,,,,,,,,,,,
1732466493307,00004,9,0,0,3,4,17.200350,81.000000,,,,,,,,,,,,,,,,,,,,,
1732466493307,00005,9,0,0,3,5,20.358370,87.000000,,,,,,,,,,,,,,,,,,,,,
1732466493307,00006,9,0,0,3,6,15.116103,77.000000,,,,,,,,,,,,,,,,,,,,,
1732466493307,00007,9,0,0,3,7,29.200396,105.000000,,,,,,,,,,,,,,,,,,,,,
1732466493307,00010,9,0,0,3,10,17.781433,82.000000,,,,,,,,,,,,,,,,,,,,,
1732466493307,00002,9,0,0,3,2,10.551098,68.000000,2,11.056813,69.000000,,,,,,,,,,,,,,,,,,,,,
1732466493307,00012,9,0,0,3,12,14.520321,76.000000,,,,,,,,,,,,,,,,,,,,,
1732466493407,00001,9,0,0,3,1,22.106567,91.000000,,,,,,,,,,,,,,,,,,,,,
1732466493407,00003,9,0,0,3,3,23.507610,94.000000,,,,,,,,,,,,,,,,,,,,,
1732466493407,00004,9,0,0,3,4,18.277425,83.000000,,,,,,,,,,,,,,,,,,,,,
1732466493407,00005,9,0,0,3,5,19.212026,85.000000,,,,,,,,,,,,,,,,,,,,,
1732466493407,00006,9,0,0,3,6,13.017526,73.000000,,,,,,,,,,,,,,,,,,,,,
1732466493407,00007,9,0,0,3,7,29.837600,107.000000,,,,,,,,,,,,,,,,,,,,,
1732466493407,00010,9,0,0,3,10,18.456238,84.000000,,,,,,,,,,,,,,,,,,,,,
1732466493407,00002,9,0,0,3,2,10.967838,68.000000,,,,,,,,,,,,,,,,,,,,,
1732466493407,00012,9,0,0,3,12,13.450073,73.000000,,,,,,,,,,,,,,,,,,,,,
1732466493507,00001,9,0,0,3,1,20.206422,87.000000,,,,,,,,,,,,,,,,,,,,,
1732466493507,00003,9,0,0,3,3,24.635993,96.000000,,,,,,,,,,,,,,,,,,,,,
1732466493507,00004,9,0,0,3,4,14.814982,76.000000,,,,,,,,,,,,,,,,,,,,,
1732466493507,00005,9,0,0,3,5,20.330715,87.000000,,,,,,,,,,,,,,,,,,,,,
1732466493507,00006,9,0,0,3,6,13.634636,74.000000,,,,,,,,,,,,,,,,,,,,,
1732466493507,00007,9,0,0,3,7,28.534092,104.000000,,,,,,,,,,,,,,,,,,,,,
1732466493507,00010,9,0,0,3,10,18.158329,83.000000,,,,,,,,,,,,,,,,,,,,,
1732466493507,00002,9,0,0,3,2,9.798856,66.000000,,,,,,,,,,,,,,,,,,,,,
1732466493507,00012,9,0,0,3,12,12.983748,73.000000,,,,,,,,,,,,,,,,,,,,,
1732466493607,00001,9,0,0,3,1,20.886857,88.000000,,,,,,,,,,,,,,,,,,,,,
1732466493607,00003,9,0,0,3,3,24.729101,96.000000,,,,,,,,,,,,,,,,,,,,,
1732466493607,00004,9,0,0,3,4,16.069571,79.000000,,,,,,,,,,,,,,,,,,,,,
1732466493607,00005,9,0,0,3,5,17.712128,82.000000,,,,,,,,,,,,,,,,,,,,,
1732466493607,00006,9,0,0,3,6,13.469191,74.000000,,,,,,,,,,,,,,,,,,,,,
1732466493607,00007,9,0,0,3,7,29.421754,106.000000,,,,,,,,,,,,,,,,,,,,,
1732466493607,00010,9,0,0,3,10,18.772669,84.000000,,,,,,,,,,,,,,,,,,,,,
1732466493607,00002,9,0,0,3,2,10.844346,68.000000,2,10.870537,68.000000,,,,,,,,,,,,,,,,,,,,,
1732466493607,00012,9,0,0,3,12,9.304833,65.000000,2,12.735762,72.000000,,,,,,,,,,,,,,,,,,,,,
1732466493707,00001,7,0,0,3,1,20.746722,88.000000,,,,,,,,,,,,,,,,,,,,,
1732466493707,00003,7,0,0,3,3,24.631854,96.000000,,,,,,,,,,,,,,,,,,,,,
1732466493707,00004,7,0,0,3,4,17.487696,82.000000,,,,,,,,,,,,,,,,,,,,,
1732466493707,00005,7,0,0,3,5,18.842998,84.000000,,,,,,,,,,,,,,,,,,,,,
1732466493707,00006,7,0,0,3,6,12.865618,72.000000,,,,,,,,,,,,,,,,,,,,,
1732466493707,00007,7,0,0,3,7,30.233618,107.000000,,,,,,,,,,,,,,,,,,,,,
1732466493707,00010,7,0,0,3,10,20.217877,87.000000,,,,,,,,,,,,,,,,,,,,,
1732466493807,00001,7,0,0,3,1,21.349235,89.000000,,,,,,,,,,,,,,,,,,,,,
1732466493807,00003,7,0,0,3,3,24.729169,96.000000,,,,,,,,,,,,,,,,,,,,,
1732466493807,00004,7,0,0,3,4,18.348565,83.000000,,,,,,,,,,,,,,,,,,,,,
1732466493807,00005,7,0,0,3,5,19.141984,85.000000,,,,,,,,,,,,,,,,,,,,,
1732466493807,00006,7,0,0,3,6,13.053588,73.000000,,,,,,,,,,,,,,,,,,,,,
1732466493807,00007,7,0,0,3,7,31.465911,110.000000,,,,,,,,,,,,,,,,,,,,,
1732466493807,00010,7,0,0,3,10,20.951532,89.000000,,,,,,,,,,,,,,,,,,,,,
1732466493907,00001,8,0,0,3,1,21.594093,90.000000,,,,,,,,,,,,,,,,,,,,,
1732466493907,00003,8,0,0,3,3,25.725894,98.000000,,,,,,,,,,,,,,,,,,,,,
1732466493907,00004,8,0,0,3,4,15.934099,78.000000,,,,,,,,,,,,,,,,,,,,,
1732466493907,00005,8,0,0,3,5,19.328776,85.000000,,,,,,,,,,,,,,,,,,,,,
1732466493907,00006,8,0,0,3,6,12.822267,72.000000,,,,,,,,,,,,,,,,,,,,,
1732466493907,00007,8,0,0,3,7,27.969007,103.000000,,,,,,,,,,,,,,,,,,,,,
1732466493907,00010,8,0,0,3,10,20.825427,88.000000,,,,,,,,,,,,,,,,,,,,,
1732466493907,00002,8,0,0,3,2,11.366203,69.000000,,,,,,,,,,,,,,,,,,,,,
1732466494007,00001,8,0,0,3,1,22.364773,91.000000,,,,,,,,,,,,,,,,,,,,,
1732466494007,00003,8,0,0,3,3,22.398549,92.000000,,,,,,,,,,,,,,,,,,,,,
1732466494007,00004,8,0,0,3,4,17.732683,82.000000,,,,,,,,,,,,,,,,,,,,,
1732466494007,00005,8,0,0,3,5,19.039343,85.000000,,,,,,,,,,,,,,,,,,,,,
1732466494007,00006,8,0,0,3,6,14.012552,75.000000,,,,,,,,,,,,,,,,,,,,,
1732466494007,00007,8,0,0,3,7,31.613622,110.000000,,,,,,,,,,,,,,,,,,,,,
1732466494007,00010,8,0,0,3,10,18.422421,84.000000,,,,,,,,,,,,,,,,,,,,,
1732466494007,00002,8,0,0,3,2,11.785852,70.000000,,,,,,,,,,,,,,,,,,,,,
1732466494107,00001,8,0,0,3,1,20.778688,88.000000,,,,,,,,,,,,,,,,,,,,,
1732466494107,00003,8,0,0,3,3,24.383711,96.000000,,,,,,,,,,,,,,,,,,,,,
1732466494107,00004,8,0,0,3,4,17.067404,81.000000,,,,,,,,,,,,,,,,,,,,,
1732466494107,00005,8,0,0,3,5,18.514400,84.000000,,,,,,,,,,,,,,,,,,,,,
1732466494107,00006,8,0,0,3,6,14.996893,77.000000,,,,,,,,,,,,,,,,,,,,,
1732466494107,00007,8,0,0,3,7,30.800004,108.000000,,,,,,,,,,,,,,,,,,,,,
1732466494107,00010,8,0,0,3,10,18.737378,84.000000,,,,,,,,,,,,,,,,,,,,,
1732466494107,00002,8,0,0,3,2,11.670326,70.000000,,,,,,,,,,,,,,,,,,,,,
1732466494207,00001,8,0,0,3,1,21.411079,90.000000,,,,,,,,,,,,,,,,,,,,,
1732466494207,00003,8,0,0,3,3,24.796924,96.000000,,,,,,,,,,,,,,,,,,,,,
1732466494207,00004,8,0,0,3,4,16.729016,80.000000,,,,,,,,,,,,,,,,,,,,,
1732466494207,00005,8,0,0,3,5,16.003666,79.000000,,,,,,,,,,,,,,,,,,,,,
1732466494207,00006,8,0,0,3,6,15.185221,77.000000,,,,,,,,,,,,,,,,,,,,,
1732466494207,00007,8,0,0,3,7,29.313864,105.000000,,,,,,,,,,,,,,,,,,,,,
1732466494207,00010,8,0,0,3,10,20.349664,87.000000,,,,,,,,,,,,,,,,,,,,,
1732466494207,00002,8,0,0,3,2,11.345390,69.000000,2,13.445323,73.000000,,,,,,,,,,,,,,,,,,,,,
1732466494307,00001,8,0,0,3,1,22.402600,92.000000,,,,,,,,,,,,,,,,,,,,,
1732466494307,00003,8,0,0,3,3,25.776715,98.000000,,,,,,,,,,,,,,,,,,,,,
1732466494307,00004,8,0,0,3,4,16.136120,79.000000,,,,,,,,,,,,,,,,,,,,,
1732466494307,00005,8,0,0,3,5,20.011473,87.000000,,,,,,,,,,,,,,,,,,,,,
1732466494307,00006,8,0,0,3,6,14.257801,75.000000,,,,,,,,,,,,,,,,,,,,,
1732466494307,00007,8,0,0,3,7,32.075250,111.000000,,,,,,,,,,,,,,,,,,,,,
1732466494307,00010,8,0,0,3,10,17.185028,81.000000,,,,,,,,,,,,,,,,,,,,,
1732466494307,00002,8,0,0,3,2,11.790132,70.000000,,,,,,,,,,,,,,,,,,,,,
1732466494407,00001,8,0,0,3,1,21.547783,90.000000,,,,,,,,,,,,,,,,,,,,,
1732466494407,00003,8,0,0,3,3,23.862495,94.000000,,,,,,,,,,,,,,,,,,,,,
1732466494407,00004,8,0,0,3,4,16.409742,79.000000,,,,,,,,,,,,,,,,,,,,,
1732466494407,00005,8,0,0,3,5,18.910294,84.000000,,,,,,,,,,,,,,,,,,,,,
1732466494407,00006,8,0,0,3,6,16.064223,79.000000,,,,,,,,,,,,,,,,,,,,,
1732466494407,00007,8,0,0,3,7,29.352701,106.000000,,,,,,,,,,,,,,,,,,,,,
1732466494407,00010,8,0,0,3,10,19.481598,86.000000,,,,,,,,,,,,,,,,,,,,,
1732466494407,00002,8,0,0,3,2,12.179995,71.000000,,,,,,,,,,,,,,,,,,,,,
1732466494507,00001,8,0,0,3,1,20.704573,88.000000,,,,,,,,,,,,,,,,,,,,,
1732466494507,00003,8,0,0,3,3,23.288397,93.000000,,,,,,,,,,,,,,,,,,,,,
1732466494507,00004,8,0,0,3,4,15.530659,78.000000,,,,,,,,,,,,,,,,,,,,,
1732466494507,00005,8,0,0,3,5,18.226915,83.000000,,,,,,,,,,,,,,,,,,,,,
1732466494507,00006,8,0,0,3,6,17.206982,81.000000,,,,,,,,,,,,,,,,,,,,,
1732466494507,00007,8,0,0,3,7,29.843359,107.000000,,,,,,,,,,,,,,,,,,,,,
1732466494507,00010,8,0,0,3,10,18.563732,84.000000,,,,,,,,,,,,,,,,,,,,,
1732466494507,00002,8,0,0,3,2,11.304974,69.000000,,,,,,,,,,,,,,,,,,,,,
1732466494607,00001,8,0,0,3,1,20.327117,87.000000,,,,,,,,,,,,,,,,,,,,,
1732466494607,00003,8,0,0,3,3,23.918458,95.000000,,,,,,,,,,,,,,,,,,,,,
1732466494607,00004,8,0,0,3,4,17.346779,81.000000,,,,,,,,,,,,,,,,,,,,,
1732466494607,00005,8,0,0,3,5,19.191056,85.000000,,,,,,,,,,,,,,,,,,,,,
1732466494607,00006,8,0,0,3,6,14.503458,76.000000,,,,,,,,,,,,,,,,,,,,,
1732466494607,00007,8,0,0,3,7,28.715574,104.000000,,,,,,,,,,,,,,,,,,,,,
1732466494607,00010,8,0,0,3,10,16.544679,80.000000,,,,,,,,,,,,,,,,,,,,,
1732466494607,00002,8,0,0,3,2,10.736857,68.000000,,,,,,,,,,,,,,,,,,,,,
1732466494707,00001,8,0,0,3,1,20.642886,88.000000,,,,,,,,,,,,,,,,,,,,,
1732466494707,00003,8,0,0,3,3,24.494882,96.000000,,,,,,,,,,,,,,,,,,,,,
1732466494707,00004,8,0,0,3,4,16.070002,79.000000,,,,,,,,,,,,,,,,,,,,,
1732466494707,00005,8,0,0,3,5,16.293256,79.000000,,,,,,,,,,,,,,,,,,,,,
1732466494707,00006,8,0,0,3,6,12.925798,72.000000,,,,,,,,,,,,,,,,,,,,,
1732466494707,00007,8,0,0,3,7,30.672426,108.000000,,,,,,,,,,,,,,,,,,,,,
1732466494707,00010,8,0,0,3,10,18.593350,84.000000,,,,,,,,,,,,,,,,,,,,,
1732466494707,00002,8,0,0,3,2,8.621173,64.000000,2,10.862618,68.000000,,,,,,,,,,,,,,,,,,,,,
1732466494807,00001,8,0,0,3,1,21.218773,89.000000,,,,,,,,,,,,,,,,,,,,,
1732466494807,00003,8,0,0,3,3,23.993692,95.000000,,,,,,,,,,,,,,,,,,,,,
1732466494807,00004,8,0,0,3,4,18.378038,83.000000,,,,,,,,,,,,,,,,,,,,,
1732466494807,00005,8,0,0,3,5,20.780734,88.000000,,,,,,,,,,,,,,,,,,,,,
1732466494807,00006,8,0,0,3,6,14.441970,75.000000,,,,,,,,,,,,,,,,,,,,,
1732466494807,00007,8,0,0,3,7,30.136065,107.000000,,,,,,,,,,,,,,,,,,,,,
1732466494807,00010,8,0,0,3,10,17.037198,81.000000,,,,,,,,,,,,,,,,,,,,,
1732466494807,00002,8,0,0,3,2,11.691916,70.000000,,,,,,,,,,,,,,,,,,,,,
1732466494907,00001,9,0,0,3,1,21.475110,90.000000,,,,,,,,,,,,,,,,,,,,,
1732466494907,00003,9,0,0,3,3,23.997589,95.000000,,,,,,,,,,,,,,,,,,,,,
1732466494907,00004,9,0,0,3,4,17.833285,82.000000,,,,,,,,,,,,,,,,,,,,,
1732466494907,00005,9,0,0,3,5,19.540959,86.000000,,,,,,,,,,,,,,,,,,,,,
1732466494907,00006,9,0,0,3,6,15.394056,77.000000,,,,,,,,,,,,,,,,,,,,,
1732466494907,00007,9,0,0,3,7,29.518455,106.000000,,,,,,,,,,,,,,,,,,,,,
1732466494907,00010,9,0,0,3,10,18.861280,84.000000,,,,,,,,,,,,,,,,,,,,,
1732466494907,00002,9,0,0,3,2,12.081889,71.000000,,,,,,,,,,,,,,,,,,,,,
1732466494907,00012,9,0,0,3,12,15.403434,77.000000,,,,,,,,,,,,,,,,,,,,,
1732466495007,00001,9,0,0,3,1,23.049397,93.000000,,,,,,,,,,,,,,,,,,,,,
1732466495007,00003,9,0,0,3,3,24.722842,96.000000,,,,,,,,,,,,,,,,,,,,,
1732466495007,00004,9,0,0,3,4,15.804984,78.000000,,,,,,,,,,,,,,,,,,,,,
1732466495007,00005,9,0,0,3,5,18.499809,84.000000,,,,,,,,,,,,,,,,,,,,,
1732466495007,00006,9,0,0,3,6,13.781948,74.000000,,,,,,,,,,,,,,,,,,,,,
1732466495007,00007,9,0,0,3,7,32.704828,112.000000,,,,,,,,,,,,,,,,,,,,,
1732466495007,00010,9,0,0,3,10,19.654589,86.000000,,,,,,,,,,,,,,,,,,,,,
1732466495007,00002,9,0,0,3,2,10.655897,68.000000,,,,,,,,,,,,,,,,,,,,,
1732466495007,00012,9,0,0,3,12,11.511646,70.000000,2,12.180569,71.000000,,,,,,,,,,,,,,,,,,,,,
1732466495107,00001,8,0,0,3,1,22.490676,92.000000,,,,,,,,,,,,,,,,,,,,,
1732466495107,00003,8,0,0,3,3,24.395075,96.000000,,,,,,,,,,,,,,,,,,,,,
1732466495107,00004,8,0,0,3,4,14.843202,76.000000,,,,,,,,,,,,,,,,,,,,,
1732466495107,00005,8,0,0,3,5,19.731976,86.000000,,,,,,,,,,,,,,,,,,,,,
1732466495107,00006,8,0,0,3,6,16.230532,79.000000,,,,,,,,,,,,,,,,,,,,,
1732466495107,00007,8,0,0,3,7,30.096111,107.000000,,,,,,,,,,,,,,,,,,,,,
1732466495107,00010,8,0,0,3,10,17.568624,82.000000,,,,,,,,,,,,,,,,,,,,,
1732466495107,00002,8,0,0,3,2,10.287973,67.000000,,,,,,,,,,,,,,,,,,,,,
1732466495207,00001,8,0,0,3,1,21.294597,89.000000,,,,,,,,,,,,,,,,,,,,,
1732466495207,00003,8,0,0,3,3,24.645530,96.000000,,,,,,,,,,,,,,,,,,,,,
1732466495207,00004,8,0,0,3,4,15.653788,78.000000,,,,,,,,,,,,,,,,,,,,,
1732466495207,00005,8,0,0,3,5,19.777078,86.000000,,,,,,,,,,,,,,,,,,,,,
1732466495207,00006,8,0,0,3,6,15.406200,77.000000,,,,,,,,,,,,,,,,,,,,,
1732466495207,00007,8,0,0,3,7,30.711937,108.000000,,,,,,,,,,,,,,,,,,,,,
1732466495207,00010,8,0,0,3,10,18.666976,84.000000,,,,,,,,,,,,,,,,,,,,,
1732466495207,00002,8,0,0,3,2,11.685929,70.000000,,,,,,,,,,,,,,,,,,,,,
1732466495307,00001,8,0,0,3,1,20.692875,88.000000,,,,,,,,,,,,,,,,,,,,,
1732466495307,00003,8,0,0,3,3,22.333724,91.000000,2,24.492065,96.000000,,,,,,,,,,,,,,,,,,,,,
1732466495307,00004,8,0,0,3,4,17.030632,81.000000,,,,,,,,,,,,,,,,,,,,,
1732466495307,00005,8,0,0,3,5,17.145443,81.000000,,,,,,,,,,,,,,,,,,,,,
1732466495307,00006,8,0,0,3,6,14.877675,76.000000,,,,,,,,,,,,,,,,,,,,,
1732466495307,00007,8,0,0,3,7,31.061329,109.000000,,,,,,,,,,,,,,,,,,,,,
1732466495307,00010,8,0,0,3,10,17.261885,81.000000,,,,,,,,,,,,,,,,,,,,,
1732466495307,00002,8,0,0,3,2,12.175205,71.000000,,,,,,,,,,,,,,,,,,,,,
1732466495407,00001,8,0,0,3,1,21.099955,89.000000,,,,,,,,,,,,,,,,,,,,,
1732466495407,00003,8,0,0,3,3,25.768261,98.000000,,,,,,,,,,,,,,,,,,,,,
1732466495407,00004,8,0,0,3,4,17.090078,81.000000,,,,,,,,,,,,,,,,,,,,,
1732466495407,00005,8,0,0,3,5,20.038127,87.000000,,,,,,,,,,,,,,,,,,,,,
1732466495407,00006,8,0,0,3,6,14.883304,76.000000,,,,,,,,,,,,,,,,,,,,,
1732466495407,00007,8,0,0,3,7,30.946129,109.000000,,,,,,,,,,,,,,,,,,,,,
1732466495407,00010,8,0,0,3,10,18.532167,84.000000,,,,,,,,,,,,,,,,,,,,,
1732466495407,00002,8,0,0,3,2,11.700153,70.000000,,,,,,,,,,,,,,,,,,,,,
1732466495507,00001,9,0,0,3,1,20.802317,88.000000,,,,,,,,,,,,,,,,,,,,,
1732466495507,00003,9,0,0,3,3,23.275741,93.000000,,,,,,,,,,,,,,,,,,,,,
1732466495507,00004,9,0,0,3,4,16.656501,80.000000,,,,,,,,,,,,,,,,,,,,,
1732466495507,00005,9,0,0,3,5,19.958796,87.000000,,,,,,,,,,,,,,,,,,,,,
1732466495507,00006,9,0,0,3,6,14.322619,75.000000,,,,,,,,,,,,,,,,,,,,,
1732466495507,00007,9,0,0,3,7,29.926256,107.000000,,,,,,,,,,,,,,,,,,,,,
1732466495507,00010,9,0,0,3,10,20.876938,88.000000,,,,,,,,,,,,,,,,,,,,,
1732466495507,00002,9,0,0,3,2,10.564605,68.000000,2,10.766816,68.000000,,,,,,,,,,,,,,,,,,,,,
1732466495507,00012,9,0,0,3,12,13.021210,73.000000,,,,,,,,,,,,,,,,,,,,,
1732466495607,00001,9,0,0,3,1,21.474382,90.000000,,,,,,,,,,,,,,,,,,,,,
1732466495607,00003,9,0,0,3,3,23.856222,94.000000,,,,,,,,,,,,,,,,,,,,,
1732466495607,00004,9,0,0,3,4,15.732855,78.000000,,,,,,,,,,,,,,,,,,,,,
1732466495607,00005,9,0,0,3,5,18.558646,84.000000,,,,,,,,,,,,,,,,,,,,,
1732466495607,00006,9,0,0,3,6,14.439482,75.000000,,,,,,,,,,,,,,,,,,,,,
1732466495607,00007,9,0,0,3,7,29.613090,106.000000,,,,,,,,,,,,,,,,,,,,,
1732466495607,00010,9,0,0,3,10,19.057969,85.000000,,,,,,,,,,,,,,,,,,,,,
1732466495607,00002,9,0,0,3,2,12.120867,71.000000,,,,,,,,,,,,,,,,,,,,,
1732466495607,00012,9,0,0,3,12,13.085421,73.000000,,,,,,,,,,,,,,,,,,,,,
1732466495707,00001,9,0,0,3,1,21.809581,90.000000,,,,,,,,,,,,,,,,,,,,,
1732466495707,00003,9,0,0,3,3,25.062320,97.000000,,,,,,,,,,,,,,,,,,,,,
1732466495707,00004,9,0,0,3,4,19.571414,86.000000,,,,,,,,,,,,,,,,,,,,,
1732466495707,00005,9,0,0,3,5,15.959603,79.000000,,,,,,,,,,,,,,,,,,,,,
1732466495707,00006,9,0,0,3,6,12.419458,71.000000,,,,,,,,,,,,,,,,,,,,,
1732466495707,00007,9,0,0,3,7,30.165790,107.000000,,,,,,,,,,,,,,,,,,,,,
1732466495707,00010,9,0,0,3,10,17.014486,81.000000,,,,,,,,,,,,,,,,,,,,,
1732466495707,00002,9,0,0,3,2,10.064837,67.000000,,,,,,,,,,,,,,,,,,,,,
1732466495707,00012,9,0,0,3,12,12.379259,71.000000,2,13.673153,74.000000,,,,,,,,,,,,,,,,,,,,,
1732466495807,00001,9,0,0,3,1,20.177826,87.000000,,,,,,,,,,,,,,,,,,,,,
1732466495807,00003,9,0,0,3,3,24.629965,96.000000,,,,,,,,,,,,,,,,,,,,,
1732466495807,00004,9,0,0,3,4,14.238298,75.000000,2,14.709039,76.000000,,,,,,,,,,,,,,,,,,,,,
1732466495807,00005,9,0,0,3,5,19.102228,85.000000,,,,,,,,,,,,,,,,,,,,,
1732466495807,00006,9,0,0,3,6,14.563144,76.000000,,,,,,,,,,,,,,,,,,,,,
1732466495807,00007,9,0,0,3,7,28.401525,104.000000,,,,,,,,,,,,,,,,,,,,,
1732466495807,00010,9,0,0,3,10,19.010190,85.000000,,,,,,,,,,,,,,,,,,,,,
1732466495807,00002,9,0,0,3,2,10.931451,68.000000,,,,,,,,,,,,,,,,,,,,,
1732466495807,00012,9,0,0,3,12,12.087330,71.000000,,,,,,,,,,,,,,,,,,,,,
1732466495907,00001,9,0,0,3,1,20.513464,88.000000,,,,,,,,,,,,,,,,,,,,,
1732466495907,00003,9,0,0,3,3,22.190027,91.000000,2,25.145289,97.000000,,,,,,,,,,,,,,,,,,,,,
1732466495907,00004,9,0,0,3,4,16.142337,79.000000,,,,,,,,,,,,,,,,,,,,,
1732466495907,00005,9,0,0,3,5,21.754385,90.000000,,,,,,,,,,,,,,,,,,,,,
1732466495907,00006,9,0,0,3,6,15.181051,77.000000,,,,,,,,,,,,,,,,,,,,,
1732466495907,00007,9,0,0,3,7,29.372680,106.000000,,,,,,,,,,,,,,,,,,,,,
1732466495907,00010,9,0,0,3,10,18.796209,84.000000,,,,,,,,,,,,,,,,,,,,,
1732466495907,00002,9,0,0,3,2,12.528524,72.000000,,,,,,,,,,,,,,,,,,,,,
1732466495907,00012,9,0,0,3,12,11.983216,71.000000,2,12.858050,72.000000,,,,,,,,,,,,,,,,,,,,,
1732466496007,00001,8,0,0,3,1,18.569194,84.000000,,,,,,,,,,,,,,,,,,,,,
1732466496007,00003,8,0,0,3,3,25.515855,98.000000,,,,,,,,,,,,,,,,,,,,,
1732466496007,00004,8,0,0,3,4,16.175284,79.000000,,,,,,,,,,,,,,,,,,,,,
1732466496007,00005,8,0,0,3,5,19.211110,85.000000,,,,,,,,,,,,,,,,,,,,,
1732466496007,00006,8,0,0,3,6,14.126853,75.000000,,,,,,,,,,,,,,,,,,,,,
1732466496007,00007,8,0,0,3,7,29.631493,106.000000,,,,,,,,,,,,,,,,,,,,,
1732466496007,00010,8,0,0,3,10,19.058355,85.000000,,,,,,,,,,,,,,,,,,,,,
1732466496007,00002,8,0,0,3,2,12.464627,71.000000,,,,,,,,,,,,,,,,,,,,,
1732466496107,00001,8,0,0,3,1,20.367269,87.000000,,,,,,,,,,,,,,,,,,,,,
1732466496107,00003,8,0,0,3,3,24.424366,96.000000,2,24.748938,96.000000,,,,,,,,,,,,,,,,,,,,,
1732466496107,00004,8,0,0,3,4,15.230243,77.000000,,,,,,,,,,,,,,,,,,,,,
1732466496107,00005,8,0,0,3,5,20.910139,89.000000,,,,,,,,,,,,,,,,,,,,,
1732466496107,00006,8,0,0,3,6,12.215026,71.000000,,,,,,,,,,,,,,,,,,,,,
1732466496107,00007,8,0,0,3,7,29.224302,105.000000,,,,,,,,,,,,,,,,,,,,,
1732466496107,00010,8,0,0,3,10,12.680512,72.000000,2,14.528342,76.000000,,,,,,,,,,,,,,,,,,,,,
1732466496107,00002,8,0,0,3,2,11.408380,69.000000,,,,,,,,,,,,,,,,,,,,,
1732466496207,00001,8,0,0,3,1,21.295760,89.000000,,,,,,,,,,,,,,,,,,,,,
1732466496207,00003,8,0,0,3,3,24.546742,96.000000,,,,,,,,,,,,,,,,,,,,,
1732466496207,00004,8,0,0,3,4,14.454981,76.000000,2,16.196505,79.000000,,,,,,,,,,,,,,,,,,,,,
1732466496207,00005,8,0,0,3,5,18.936823,85.000000,,,,,,,,,,,,,,,,,,,,,
1732466496207,00006,8,0,0,3,6,14.215786,75.000000,,,,,,,,,,,,,,,,,,,,,
1732466496207,00007,8,0,0,3,7,30.050404,107.000000,,,,,,,,,,,,,,,,,,,,,
1732466496207,00010,8,0,0,3,10,19.657860,86.000000,,,,,,,,,,,,,,,,,,,,,
1732466496207,00002,8,0,0,3,2,9.901646,66.000000,,,,,,,,,,,,,,,,,,,,,
1732466496307,00001,8,0,0,3,1,21.772037,90.000000,,,,,,,,,,,,,,,,,,,,,
1732466496307,00003,8,0,0,3,3,23.475877,94.000000,,,,,,,,,,,,,,,,,,,,,
1732466496307,00004,8,0,0,3,4,15.783817,78.000000,,,,,,,,,,,,,,,,,,,,,
1732466496307,00005,8,0,0,3,5,17.853668,82.000000,,,,,,,,,,,,,,,,,,,,,
1732466496307,00006,8,0,0,3,6,14.147275,75.000000,,,,,,,,,,,,,,,,,,,,,
1732466496307,00007,8,0,0,3,7,29.425564,106.000000,,,,,,,,,,,,,,,,,,,,,
1732466496307,00010,8,0,0,3,10,19.495964,86.000000,,,,,,,,,,,,,,,,,,,,,
1732466496307,00002,8,0,0,3,2,9.807906,66.000000,2,11.891311,70.000000,,,,,,,,,,,,,,,,,,,,,
1732466496407,00001,8,0,0,3,1,20.162537,87.000000,,,,,,,,,,,,,,,,,,,,,
1732466496407,00003,8,0,0,3,3,24.232892,95.000000,,,,,,,,,,,,,,,,,,,,,
1732466496407,00004,8,0,0,3,4,15.615629,78.000000,,,,,,,,,,,,,,,,,,,,,
1732466496407,00005,8,0,0,3,5,19.555826,86.000000,,,,,,,,,,,,,,,,,,,,,
1732466496407,00006,8,0,0,3,6,13.587133,74.000000,,,,,,,,,,,,,,,,,,,,,
1732466496407,00007,8,0,0,3,7,30.062074,107.000000,,,,,,,,,,,,,,,,,,,,,
1732466496407,00010,8,0,0,3,10,19.107247,85.000000,,,,,,,,,,,,,,,,,,,,,
1732466496407,00002,8,0,0,3,2,12.369434,71.000000,,,,,,,,,,,,,,,,,,,,,
1732466496507,00001,8,0,0,3,1,20.876413,88.000000,,,,,,,,,,,,,,,,,,,,,
1732466496507,00003,8,0,0,3,3,24.360687,95.000000,,,,,,,,,,,,,,,,,,,,,
1732466496507,00004,8,0,0,3,4,14.185480,75.000000,,,,,,,,,,,,,,,,,,,,,
1732466496507,00005,8,0,0,3,5,16.163251,79.000000,,,,,,,,,,,,,,,,,,,,,
1732466496507,00006,8,0,0,3,6,12.655905,72.000000,,,,,,,,,,,,,,,,,,,,,
1732466496507,00007,8,0,0,3,7,30.655613,108.000000,,,,,,,,,,,,,,,,,,,,,
1732466496507,00010,8,0,0,3,10,18.677629,84.000000,,,,,,,,,,,,,,,,,,,,,
1732466496507,00002,8,0,0,3,2,11.165618,69.000000,,,,,,,,,,,,,,,,,,,,,
1732466496607,00001,8,0,0,3,1,22.792790,92.000000,,,,,,,,,,,,,,,,,,,,,
1732466496607,00003,8,0,0,3,3,24.126353,95.000000,,,,,,,,,,,,,,,,,,,,,
1732466496607,00004,8,0,0,3,4,16.403622,79.000000,,,,,,,,,,,,,,,,,,,,,
1732466496607,00005,8,0,0,3,5,18.482397,84.000000,,,,,,,,,,,,,,,,,,,,,
1732466496607,00006,8,0,0,3,6,15.700772,78.000000,,,,,,,,,,,,,,,,,,,,,
1732466496607,00007,8,0,0,3,7,30.803671,108.000000,,,,,,,,,,,,,,,,,,,,,
1732466496607,00010,8,0,0,3,10,20.411881,88.000000,,,,,,,,,,,,,,,,,,,,,
1732466496607,00002,8,0,0,3,2,10.673111,68.000000,,,,,,,,,,,,,,,,,,,,,
1732466496707,00001,8,0,0,3,1,21.674159,90.000000,,,,,,,,,,,,,,,,,,,,,
1732466496707,00003,8,0,0,3,3,23.754359,94.000000,,,,,,,,,,,,,,,,,,,,,
1732466496707,00004,8,0,0,3,4,15.861518,78.000000,,,,,,,,,,,,,,,,,,,,,
1732466496707,00005,8,0,0,3,5,19.324392,85.000000,,,,,,,,,,,,,,,,,,,,,
1732466496707,00006,8,0,0,3,6,16.150902,79.000000,,,,,,,,,,,,,,,,,,,,,
1732466496707,00007,8,0,0,3,7,29.711930,106.000000,,,,,,,,,,,,,,,,,,,,,
1732466496707,00010,8,0,0,3,10,17.304044,81.000000,,,,,,,,,,,,,,,,,,,,,
1732466496707,00002,8,0,0,3,2,12.531245,72.000000,,,,,,,,,,,,,,,,,,,,,
1732466496807,00001,8,0,0,3,1,21.410915,90.000000,,,,,,,,,,,,,,,,,,,,,
1732466496807,00003,8,0,0,3,3,24.423487,96.000000,,,,,,,,,,,,,,,,,,,,,
1732466496807,00004,8,0,0,3,4,16.541957,80.000000,,,,,,,,,,,,,,,,,,,,,
1732466496807,00005,8,0,0,3,5,19.405065,85.000000,,,,,,,,,,,,,,,,,,,,,
1732466496807,00006,8,0,0,3,6,14.814362,76.000000,,,,,,,,,,,,,,,,,,,,,
1732466496807,00007,8,0,0,3,7,29.964253,107.000000,,,,,,,,,,,,,,,,,,,,,
1732466496807,00010,8,0,0,3,10,19.035558,85.000000,,,,,,,,,,,,,,,,,,,,,
1732466496807,00002,8,0,0,3,2,11.265742,69.000000,,,,,,,,,,,,,,,,,,,,,
1732466496907,00001,8,0,0,3,1,21.142113,89.000000,,,,,,,,,,,,,,,,,,,,,
1732466496907,00003,8,0,0,3,3,24.277399,95.000000,,,,,,,,,,,,,,,,,,,,,
1732466496907,00004,8,0,0,3,4,15.901536,78.000000,,,,,,,,,,,,,,,,,,,,,
1732466496907,00005,8,0,0,3,5,19.738751,86.000000,,,,,,,,,,,,,,,,,,,,,
1732466496907,00006,8,0,0,3,6,15.604496,78.000000,,,,,,,,,,,,,,,,,,,,,
1732466496907,00007,8,0,0,3,7,30.265577,107.000000,,,,,,,,,,,,,,,,,,,,,
1732466496907,00010,8,0,0,3,10,17.686970,82.000000,,,,,,,,,,,,,,,,,,,,,
1732466496907,00002,8,0,0,3,2,11.886301,70.000000,,,,,,,,,,,,,,,,,,,,,
1732466497007,00001,8,0,0,3,1,22.097163,91.000000,,,,,,,,,,,,,,,,,,,,,
1732466497007,00003,8,0,0,3,3,25.497307,98.000000,,,,,,,,,,,,,,,,,,,,,
1732466497007,00004,8,0,0,3,4,16.229504,79.000000,,,,,,,,,,,,,,,,,,,,,
1732466497007,00005,8,0,0,3,5,20.575649,88.000000,,,,,,,,,,,,,,,,,,,,,
1732466497007,00006,8,0,0,3,6,14.994978,77.000000,,,,,,,,,,,,,,,,,,,,,
1732466497007,00007,8,0,0,3,7,30.022941,107.000000,,,,,,,,,,,,,,,,,,,,,
1732466497007,00010,8,0,0,3,10,19.593692,86.000000,,,,,,,,,,,,,,,,,,,,,
1732466497007,00002,8,0,0,3,2,10.596579,68.000000,2,10.739620,68.000000,,,,,,,,,,,,,,,,,,,,,
1732466497107,00001,8,0,0,3,1,22.062286,91.000000,,,,,,,,,,,,,,,,,,,,,
1732466497107,00003,8,0,0,3,3,23.050541,93.000000,,,,,,,,,,,,,,,,,,,,,
1732466497107,00004,8,0,0,3,4,15.866255,78.000000,,,,,,,,,,,,,,,,,,,,,
1732466497107,00005,8,0,0,3,5,18.136192,83.000000,,,,,,,,,,,,,,,,,,,,,
1732466497107,00006,8,0,0,3,6,14.430618,75.000000,,,,,,,,,,,,,,,,,,,,,
1732466497107,00007,8,0,0,3,7,29.744316,106.000000,,,,,,,,,,,,,,,,,,,,,
1732466497107,00010,8,0,0,3,10,16.875922,80.000000,,,,,,,,,,,,,,,,,,,,,
1732466497107,00002,8,0,0,3,2,11.431138,69.000000,,,,,,,,,,,,,,,,,,,,,
1732466497207,00001,8,0,0,3,1,21.937349,91.000000,,,,,,,,,,,,,,,,,,,,,
1732466497207,00003,8,0,0,3,3,24.188481,95.000000,,,,,,,,,,,,,,,,,,,,,
1732466497207,00004,8,0,0,3,4,12.825684,72.000000,2,14.091084,75.000000,,,,,,,,,,,,,,,,,,,,,
1732466497207,00005,8,0,0,3,5,19.245561,85.000000,,,,,,,,,,,,,,,,,,,,,
1732466497207,00006,8,0,0,3,6,15.325743,77.000000,,,,,,,,,,,,,,,,,,,,,
1732466497207,00007,8,0,0,3,7,26.622387,100.000000,,,,,,,,,,,,,,,,,,,,,
1732466497207,00010,8,0,0,3,10,20.384024,87.000000,,,,,,,,,,,,,,,,,,,,,
1732466497207,00002,8,0,0,3,2,11.729222,70.000000,,,,,,,,,,,,,,,,,,,,,
