% start	end	CellId	IMSI	RNTI	LCID	nTxPDUs	TxBytes	nRxPDUs	RxBytes	delay	stdDev	min	max	PduSize	stdDev	min	max
0	0.25	3	1	1	3	519	86429	522	84297	0.000808263	0.000186194	0.00065357	0.00183214	161.489	80.34	7	631	
0	0.25	3	2	2	3	499	31187	504	30467	0.000857615	0.000235793	0.000671427	0.00267143	60.4504	44.0854	7	305	
0	0.25	3	3	3	3	502	58335	502	54594	0.000776506	0.000307575	0.000671427	0.00277857	108.753	82.9347	7	583	
0	0.25	3	4	4	3	503	48897	507	47331	0.000804633	0.000277663	0.000671427	0.002725	93.355	68.3924	7	513	
0	0.25	2	8	1	3	517	76849	518	76840	0.000827314	0.000205386	0.000671427	0.00183214	148.34	42.3959	13	375	
0	0.25	2	9	2	3	510	64863	519	64935	0.000811187	0.000230971	0.000671427	0.00242143	125.116	49.2624	13	375	
0	0.25	2	11	3	3	523	214671	522	214178	0.000756334	0.000181152	0.000671427	0.00177857	410.303	68.9704	13	631	
0	0.25	2	12	4	3	505	32243	515	31073	0.000810053	0.00022481	0.000671427	0.00267143	60.3359	42.8066	13	305	
0.25	0.5	3	1	1	3	790	148358	819	133133	0.000917894	0.000325564	0.000671427	0.00276071	162.556	126.269	41	631	
0.25	0.5	2	2	5	3	823	55910	843	46031	0.000935004	0.000342236	0.000671427	0.00274286	54.6038	44.3017	7	271	
0.25	0.5	3	3	3	3	782	142565	792	109852	0.000863188	0.000344095	0.000671427	0.00277857	138.702	134.646	28	631	
0.25	0.5	3	4	4	3	789	87952	788	70448	0.000924146	0.000409927	0.000671427	0.00277857	89.401	90.2555	18	513	
0.25	0.5	2	8	1	3	847	126912	888	128563	0.000904373	0.000314053	0.000671427	0.00265357	144.778	79.05	18	375	
0.25	0.5	2	9	2	3	819	121747	875	119761	0.000916181	0.000281564	0.000671427	0.00265357	136.87	68.6223	28	375	
0.25	0.5	2	11	3	3	869	353069	877	354735	0.000851668	0.000299602	0.000671427	0.00183214	404.487	104.454	144	631	
0.25	0.5	3	12	9	3	799	53506	792	37284	0.000885802	0.000328964	0.000671427	0.00277857	47.0758	59.5288	3	375	
0.5	0.75	3	1	1	3	742	171056	766	157028	0.000997587	0.000400174	0.000671427	0.00274286	204.997	177.478	18	631	
0.5	0.75	3	2	10	3	762	91269	796	88645	0.000996983	0.000401981	0.000671427	0.00267143	111.363	82.1597	7	305	
0.5	0.75	3	3	3	3	750	200402	760	160902	0.000974551	0.00039642	0.000671427	0.00276071	211.713	211.087	18	631	
0.5	0.75	3	4	4	3	739	140927	765	121904	0.00102115	0.000432361	0.000671427	0.00276071	159.352	141.303	18	513	
0.5	0.75	2	8	1	3	809	182438	874	188746	0.000912416	0.000306368	0.000671427	0.00192143	215.957	92.1146	41	502	
0.5	0.75	2	9	2	3	793	151864	863	147997	0.000930655	0.000333128	0.000671427	0.00277857	171.491	112.625	18	502	
0.5	0.75	2	11	3	3	830	469226	892	494994	0.00090465	0.000281496	0.000671427	0.00183214	554.926	179.822	144	844	
0.5	0.75	3	12	9	3	168	18269	153	12104	0.000948854	0.000345317	0.000671427	0.00242143	79.1111	69.4649	18	375	
0.75	1	3	1	1	3	748	212091	765	198284	0.00101468	0.000407907	0.000671427	0.00283214	259.195	194.848	28	631	
0.75	1	3	2	10	3	762	101819	786	96411	0.000973385	0.000367206	0.000671427	0.00265357	122.66	79.8972	18	305	
0.75	1	3	3	3	3	721	207009	712	166328	0.000940838	0.000360155	0.000671427	0.00276071	233.607	224.191	18	631	
0.75	1	3	4	4	3	734	146229	768	132720	0.00103508	0.000419964	0.000671427	0.00268928	172.812	138.918	18	513	
0.75	1	2	8	1	3	802	169200	883	178888	0.000916027	0.000298461	0.000689284	0.00183214	202.591	87.5528	41	502	
0.75	1	2	9	2	3	767	157473	835	152355	0.00094895	0.00032351	0.000689284	0.00258214	182.461	118.159	41	502	
0.75	1	2	11	3	3	823	457396	877	469991	0.0009098	0.000289331	0.000689284	0.00192143	535.908	196.399	122	844	
1	1.25	3	1	1	3	756	204242	787	193764	0.00102296	0.000449507	0.000671427	0.00283214	246.206	198.685	28	631	
1	1.25	3	2	10	3	754	104880	808	99477	0.00096839	0.000335119	0.000671427	0.00254643	123.115	84.0468	18	305	
1	1.25	3	3	3	3	751	232731	777	209107	0.000960634	0.000375184	0.000671427	0.00265357	269.121	212.673	28	631	
1	1.25	3	4	4	3	757	169119	790	158362	0.00100877	0.000388811	0.000671427	0.002475	200.458	154.749	18	583	
1	1.25	2	8	1	3	808	171284	880	176674	0.000914527	0.000299044	0.000689284	0.00192143	200.766	86.7663	41	502	
1	1.25	2	9	2	3	769	164469	852	162120	0.000912624	0.000293384	0.000689284	0.00183214	190.282	122.388	28	594	
1	1.25	2	11	3	3	832	486814	893	507854	0.000914007	0.000286246	0.000689284	0.00192143	568.705	190.828	122	844	
1.25	1.5	3	1	1	3	728	195948	762	176291	0.00101884	0.00047339	0.000671427	0.00283214	231.353	195.638	28	844	
1.25	1.5	2	2	8	3	749	93936	782	78237	0.000978423	0.000352805	0.000671427	0.00277857	100.047	85.4349	7	305	
1.25	1.5	3	3	3	3	722	227654	739	189830	0.000972436	0.000387744	0.000671427	0.00270714	256.874	232.697	28	844	
1.25	1.5	3	4	4	3	773	175263	823	170273	0.000985	0.000412183	0.000671427	0.00277857	206.893	142.06	28	687	
1.25	1.5	2	8	1	3	762	130158	810	131860	0.000954826	0.000339855	0.000671427	0.00201071	162.79	87.3138	28	409	
1.25	1.5	2	9	2	3	753	152576	796	145533	0.000952744	0.000343921	0.000671427	0.00276071	182.83	120.079	28	594	
1.25	1.5	2	11	3	3	814	368258	854	379710	0.000943214	0.000331797	0.000671427	0.00201071	444.625	187.658	87	844	
1.5	1.75	3	1	1	3	807	241383	874	233732	0.000916175	0.000319164	0.000689284	0.00268928	267.428	193.562	41	844	
1.5	1.75	2	2	8	3	179	16866	175	12919	0.000933773	0.000339284	0.000671427	0.002475	73.8229	77.5071	9	305	
1.5	1.75	3	3	3	3	783	214200	824	178591	0.000920906	0.000322384	0.000689284	0.00276071	216.737	204.978	41	844	
1.5	1.75	3	4	4	3	764	146608	796	122744	0.000975446	0.000424874	0.000689284	0.00383214	154.201	142.924	18	687	
1.5	1.75	2	8	1	3	823	165374	883	166277	0.000919586	0.000315332	0.000671427	0.00268928	188.309	88.4163	41	502	
1.5	1.75	2	9	2	3	764	132376	831	128998	0.000919686	0.000310757	0.000671427	0.00268928	155.232	107.943	28	502	
1.5	1.75	2	11	3	3	856	445541	891	452222	0.000886834	0.000269915	0.000671427	0.00193928	507.544	162.029	144	844	
1.75	2	3	1	1	3	767	211423	826	206966	0.000940235	0.0003557	0.000689284	0.00268928	250.564	199.391	41	844	
1.75	2	3	3	3	3	757	214498	816	200604	0.000957994	0.00037548	0.000689284	0.00283214	245.838	216.742	41	844	
1.75	2	3	4	4	3	734	138714	760	114167	0.000957798	0.000395606	0.000689284	0.00279643	150.22	137.506	18	687	
1.75	2	2	8	1	3	795	154488	853	151890	0.000915586	0.000318991	0.000689284	0.00283214	178.066	102.95	28	502	
1.75	2	2	9	2	3	777	149412	860	146253	0.000941692	0.00034777	0.000689284	0.00283214	170.062	107.176	28	502	
1.75	2	2	11	3	3	828	463138	894	483030	0.00090281	0.000280713	0.000689284	0.00218928	540.302	183.212	98	844	
2	2.25	3	1	1	3	895	161346	911	147069	0.000786234	0.000258553	0.000689284	0.00283214	161.437	98.9259	28	844	
2	2.25	3	3	3	3	903	172788	931	164941	0.000829954	0.000224935	0.000689284	0.00268928	177.165	127.439	28	844	
2	2.25	3	4	4	3	895	173398	917	165192	0.000880532	0.0002673	0.000689284	0.00283214	180.144	92.3207	18	687	
2	2.25	2	8	1	3	936	219881	964	222325	0.000788758	0.000195894	0.000689284	0.00183214	230.628	60.7364	108	594	
2	2.25	2	9	2	3	918	134993	949	136333	0.000797631	0.000182168	0.000689284	0.00183214	143.66	116.035	11	687	
2	2.25	2	11	3	3	936	556416	973	571945	0.000850071	0.00019202	0.000689284	0.00183214	587.816	115.747	248	844	
2.25	2.5	3	1	1	3	806	183491	829	157035	0.00090344	0.000364864	0.000689284	0.00276071	189.427	146.117	41	844	
2.25	2.5	3	3	3	3	797	156373	783	104655	0.00085262	0.000264738	0.000689284	0.00283214	133.659	150.496	18	844	
2.25	2.5	3	4	4	3	804	164865	841	154574	0.000950006	0.000380354	0.000689284	0.00276071	183.798	133.31	18	687	
2.25	2.5	2	8	1	3	843	192818	904	200433	0.000896438	0.000273102	0.000689284	0.00183214	221.718	96.5899	41	502	
2.25	2.5	2	9	2	3	838	134707	869	125278	0.000855711	0.000321604	0.000689284	0.00283214	144.163	84.3926	18	502	
2.25	2.5	2	11	3	3	871	482267	915	500765	0.00086565	0.000260407	0.000689284	0.00183214	547.284	140.105	144	844	
2.5	2.75	3	1	1	3	766	220052	818	210962	0.000969562	0.000385571	0.000671427	0.00276071	257.9	194.18	28	779	
2.5	2.75	3	3	3	3	768	203395	784	172294	0.000959623	0.000387883	0.000671427	0.00281428	219.763	205.033	28	844	
2.5	2.75	3	4	4	3	758	162860	778	148789	0.000984385	0.000422209	0.000671427	0.00276071	191.246	141.272	18	687	
2.5	2.75	2	8	1	3	811	193906	878	200600	0.000921223	0.000317235	0.000689284	0.00183214	228.474	91.8624	51	502	
2.5	2.75	2	9	2	3	772	129535	827	121105	0.000923154	0.0003339	0.000689284	0.00268928	146.439	105.146	28	502	
2.5	2.75	2	11	3	3	820	515624	887	548839	0.000892215	0.000264655	0.000689284	0.00208214	618.759	169.81	144	844	
2.5	2.75	3	12	13	3	562	86838	578	77010	0.000993287	0.000397617	0.000671427	0.00258214	133.235	115.446	7	444	
2.75	3	3	1	1	3	729	228545	781	216542	0.00103028	0.000443642	0.000671427	0.00283214	277.262	225.303	28	844	
2.75	3	3	3	3	3	689	207202	682	148213	0.000935539	0.000336852	0.000671427	0.00258214	217.321	256.089	9	844	
2.75	3	3	4	4	3	725	147456	783	134716	0.000980813	0.00038388	0.000689284	0.00267143	172.051	146.551	18	687	
2.75	3	2	8	1	3	814	159586	841	162219	0.00096368	0.00035276	0.000671427	0.00192143	192.888	86.5413	41	409	
2.75	3	2	9	2	3	761	113802	819	110380	0.000976568	0.000364307	0.000671427	0.00276071	134.774	96.1265	18	502	
2.75	3	2	11	3	3	863	388207	870	389119	0.000905745	0.000292258	0.000671427	0.00202857	447.263	145.211	122	844	
2.75	3	2	12	9	3	751	115715	765	101894	0.000949414	0.000365533	0.000671427	0.002475	133.195	119.258	9	375	
3	3.25	3	1	1	3	782	294024	825	286910	0.000967703	0.000379789	0.000671427	0.00252857	347.77	218.536	41	844	
3	3.25	3	3	3	3	754	269247	778	242934	0.000933614	0.000308799	0.000671427	0.00270714	312.254	259.073	18	844	
3	3.25	3	4	4	3	776	156599	838	149444	0.000950428	0.000373068	0.000671427	0.00283214	178.334	134.652	28	687	
3	3.25	2	8	1	3	825	184739	854	186738	0.000921677	0.0003325	0.000671427	0.00192143	218.663	87.1811	51	502	
3	3.25	2	9	2	3	804	186951	851	183589	0.000932674	0.000340966	0.000671427	0.00265357	215.733	159.921	28	594	
3	3.25	2	11	3	3	848	467998	871	481816	0.000900842	0.000281378	0.000671427	0.00195714	553.176	193.113	144	844	
3	3.25	3	12	14	3	770	129165	746	107204	0.000935286	0.000372743	0.000671427	0.00265357	143.705	116.355	7	375	
3.25	3.5	3	1	1	3	739	190869	766	170886	0.00100708	0.000411654	0.000671427	0.00276071	223.089	183.194	18	631	
3.25	3.5	3	3	3	3	746	229918	726	190697	0.000933823	0.000372383	0.000671427	0.00268928	262.668	224.588	28	631	
3.25	3.5	3	4	4	3	759	161194	793	148812	0.000979569	0.000382613	0.000671427	0.00267143	187.657	158.776	18	583	
3.25	3.5	2	8	1	3	830	218986	904	225870	0.000897643	0.000277661	0.000689284	0.00183214	249.856	105.302	51	594	
3.25	3.5	2	9	2	3	797	185715	878	190677	0.000905115	0.000282895	0.000689284	0.00183214	217.172	108.389	28	594	
3.25	3.5	2	11	3	3	843	496550	919	526736	0.000898575	0.000262451	0.000689284	0.00183214	573.162	180.962	144	844	
3.25	3.5	3	12	14	3	724	107087	740	97256	0.000996981	0.000402405	0.000671427	0.00276071	131.427	102.244	18	375	
3.5	3.75	3	1	1	3	712	181901	745	172766	0.00104576	0.000463562	0.000671427	0.00283214	231.901	192.541	28	844	
3.5	3.75	3	3	3	3	719	187421	696	141761	0.000919476	0.000327683	0.000671427	0.00276071	203.68	219.534	3	844	
3.5	3.75	3	4	4	3	707	141697	721	124664	0.00104043	0.000466175	0.000671427	0.00279643	172.904	156.49	18	687	
3.5	3.75	2	8	1	3	810	174951	881	182307	0.000927325	0.000307636	0.000689284	0.00183214	206.932	103.063	28	502	
3.5	3.75	2	9	2	3	759	156544	850	158786	0.000933275	0.000325172	0.000689284	0.00268928	186.807	111.815	28	594	
3.5	3.75	2	11	3	3	827	473765	897	497116	0.000914877	0.000294505	0.000689284	0.00193928	554.198	182.531	122	844	
3.5	3.75	3	12	14	3	443	63026	445	54160	0.000993858	0.00036197	0.000671427	0.00268928	121.708	98.1706	9	305	
3.75	4	3	1	1	3	787	200146	814	178710	0.000921624	0.000375504	0.000689284	0.00283214	219.545	170.629	41	844	
3.75	4	3	3	3	3	765	175687	765	119566	0.000887089	0.000321952	0.000689284	0.00279643	156.295	166.026	28	844	
3.75	4	3	4	4	3	770	109204	789	86927	0.000909657	0.000316948	0.000689284	0.00276071	110.174	101.757	9	594	
3.75	4	2	8	1	3	852	188168	903	191607	0.000868171	0.000274991	0.000689284	0.00183214	212.189	88.2102	41	502	
3.75	4	2	9	2	3	836	207849	892	214309	0.000869336	0.000275403	0.000689284	0.00268928	240.257	125.512	62	502	
3.75	4	2	11	3	3	878	567474	938	593237	0.000866408	0.000232707	0.000689284	0.00183214	632.449	149.988	340	844	
4	4.25	3	1	1	3	785	202586	820	176194	0.000944749	0.000357979	0.000689284	0.00268928	214.871	190.31	28	844	
4	4.25	3	3	3	3	756	196014	767	136815	0.000894117	0.000293798	0.000689284	0.00268928	178.377	189.339	18	844	
4	4.25	3	4	4	3	759	127500	786	111293	0.000968545	0.000426925	0.000689284	0.00283214	141.594	120.276	18	687	
4	4.25	2	8	1	3	825	169241	895	172520	0.000884754	0.000274247	0.000689284	0.00254643	192.76	92.2949	28	502	
4	4.25	2	9	2	3	826	116509	858	106297	0.000882195	0.000307613	0.000689284	0.00268928	123.889	82.6871	18	502	
4	4.25	2	11	3	3	857	499757	903	516036	0.000877742	0.000250808	0.000689284	0.00183214	571.468	164.076	167	844	
4.25	4.5	3	1	1	3	874	294723	914	298598	0.000847985	0.000262553	0.000689284	0.00268928	326.694	171.855	108	844	
4.25	4.5	3	3	3	3	862	162654	870	130292	0.000833105	0.000247111	0.000689284	0.00276071	149.761	120.806	41	844	
4.25	4.5	3	4	4	3	865	149688	904	141917	0.000879845	0.000309137	0.000689284	0.00283214	156.988	89.4323	28	687	
4.25	4.5	2	8	1	3	878	159615	923	160091	0.000846186	0.000233857	0.000689284	0.00183214	173.446	69.3902	41	502	
4.25	4.5	2	9	2	3	853	126589	899	127350	0.000858181	0.000266481	0.000689284	0.00268928	141.657	92.2343	41	502	
4.25	4.5	2	11	3	3	905	532327	944	546091	0.000835319	0.000216821	0.000689284	0.00183214	578.486	128.824	294	844	
4.5	4.75	3	1	1	3	835	228180	883	225682	0.000899423	0.000283739	0.000689284	0.00243928	255.586	164.96	51	844	
4.5	4.75	3	3	3	3	817	189596	823	140882	0.000843554	0.00026008	0.000689284	0.00251071	171.181	142.838	28	844	
4.5	4.75	3	4	4	3	830	112263	850	95628	0.000890355	0.000353256	0.000689284	0.00283214	112.504	99.0223	18	594	
4.5	4.75	2	8	1	3	877	203754	927	206528	0.000867354	0.000250509	0.000689284	0.00183214	222.792	80.0603	106	502	
4.5	4.75	2	9	2	3	848	166715	893	164272	0.000874614	0.000323223	0.000689284	0.00276071	183.955	103.649	62	594	
4.5	4.75	2	11	3	3	880	521023	934	544129	0.000844778	0.000218026	0.000689284	0.00183214	582.579	145.573	248	844	
4.75	5	3	1	1	3	852	236350	901	230061	0.000879291	0.000281558	0.000689284	0.00240357	255.34	144.841	41	844	
4.75	5	3	3	3	3	830	174360	834	143779	0.000854537	0.000310123	0.000689284	0.00276071	172.397	143.287	41	844	
4.75	5	3	4	4	3	837	119915	855	108400	0.000877671	0.000288636	0.000689284	0.00268928	126.784	106.147	24	594	
4.75	5	2	8	1	3	869	202340	923	207185	0.000869151	0.000274755	0.000689284	0.00183214	224.469	91.5345	51	502	
4.75	5	2	9	2	3	867	189251	940	191120	0.000872851	0.000269871	0.000689284	0.00240357	203.319	105.775	51	687	
4.75	5	2	11	3	3	869	508643	937	536114	0.000865225	0.000235435	0.000689284	0.00183214	572.16	185.772	122	844	
