timestamp,ueImsiComplete,plmId,nrCellId,dlAvailablePrbs,ulAvailablePrbs,qci,dlPrbUsage,ulPrbUsage,TB.TotNbrDl.1,TB.TotNbrDlInitial,TB.TotNbrDlInitial.Qpsk,TB.TotNbrDlInitial.16Qam,TB.TotNbrDlInitial.64Qam,RRU.PrbUsedDl,TB.ErrTotalNbrDl.1,QosFlow.PdcpPduVolumeDL_Filter,CARR.PDSCHMCSDist.Bin1,CARR.PDSCHMCSDist.Bin2,CARR.PDSCHMCSDist.Bin3,CARR.PDSCHMCSDist.Bin4,CARR.PDSCHMCSDist.Bin5,CARR.PDSCHMCSDist.Bin6,L1M.RS-SINR.Bin34,L1M.RS-SINR.Bin46, L1M.RS-SINR.Bin58,L1M.RS-SINR.Bin70,L1M.RS-SINR.Bin82,L1M.RS-SINR.Bin94,L1M.RS-SINR.Bin127,DRB.BufferSize.Qos,DRB.MeanActiveUeDl,TB.TotNbrDl.1.UEID,TB.TotNbrDlInitial.UEID,TB.TotNbrDlInitial.Qpsk.UEID,TB.TotNbrDlInitial.16Qam.UEID,TB.TotNbrDlInitial.64Qam.UEID,TB.ErrTotalNbrDl.1.UEID,QosFlow.PdcpPduVolumeDL_Filter.UEID,RRU.PrbUsedDl.UEID,CARR.PDSCHMCSDist.Bin1.UEID,CARR.PDSCHMCSDist.Bin2.UEID,CARR.PDSCHMCSDist.Bin3.UEID,CARR.PDSCHMCSDist.Bin4.UEID,CARR.PDSCHMCSDist.Bin5.UEID,CARR.PDSCHMCSDist.Bin6.UEID,L1M.RS-SINR.Bin34.UEID, L1M.RS-SINR.Bin46.UEID,L1M.RS-SINR.Bin58.UEID,L1M.RS-SINR.Bin70.UEID,L1M.RS-SINR.Bin82.UEID,L1M.RS-SINR.Bin94.UEID,L1M.RS-SINR.Bin127.UEID,DRB.BufferSize.Qos.UEID,DRB.UEThpDl.UEID, DRB.UEThpDlPdcpBased.UEID
1732466492407,00001,111,3,139,139,1,0,0,0,0,0,0,0,0,0,0,0,0,0,0,0,0,0,0,0,0,0,0,0,0,8,0,0,0,0,0,0,0,0.000000,0,0,0,0,0,0,0,0,0,0,0,0,0,0,0.000000,0.000000
1732466492407,00002,111,3,139,139,1,0,0,0,0,0,0,0,0,0,0,0,0,0,0,0,0,0,0,0,0,0,0,0,0,8,0,0,0,0,0,0,0,0.000000,0,0,0,0,0,0,0,0,0,0,0,0,0,0,0.000000,0.000000
1732466492407,00003,111,3,139,139,1,0,0,0,0,0,0,0,0,0,0,0,0,0,0,0,0,0,0,0,0,0,0,0,0,8,0,0,0,0,0,0,0,0.000000,0,0,0,0,0,0,0,0,0,0,0,0,0,0,0.000000,0.000000
1732466492407,00004,111,3,139,139,1,0,0,0,0,0,0,0,0,0,0,0,0,0,0,0,0,0,0,0,0,0,0,0,0,8,0,0,0,0,0,0,0,0.000000,0,0,0,0,0,0,0,0,0,0,0,0,0,0,0.000000,0.000000
1732466492407,00005,111,3,139,139,1,0,0,0,0,0,0,0,0,0,0,0,0,0,0,0,0,0,0,0,0,0,0,0,0,8,0,0,0,0,0,0,0,0.000000,0,0,0,0,0,0,0,0,0,0,0,0,0,0,0.000000,0.000000
1732466492407,00006,111,3,139,139,1,0,0,0,0,0,0,0,0,0,0,0,0,0,0,0,0,0,0,0,0,0,0,0,0,8,0,0,0,0,0,0,0,0.000000,0,0,0,0,0,0,0,0,0,0,0,0,0,0,0.000000,0.000000
1732466492407,00007,111,3,139,139,1,0,0,0,0,0,0,0,0,0,0,0,0,0,0,0,0,0,0,0,0,0,0,0,0,8,0,0,0,0,0,0,0,0.000000,0,0,0,0,0,0,0,0,0,0,0,0,0,0,0.000000,0.000000
1732466492407,00010,111,3,139,139,1,0,0,0,0,0,0,0,0,0,0,0,0,0,0,0,0,0,0,0,0,0,0,0,0,8,0,0,0,0,0,0,0,0.000000,0,0,0,0,0,0,0,0,0,0,0,0,0,0,0.000000,0.000000
1732466492507,00001,111,3,139,139,1,74,0,1485,1243,900,340,245,103,242,241934,16,884,315,58,131,81,0,1,1019,359,39,66,1,1697861,8,362,322,3,298,61,40,78984,25.367500,3,0,298,0,16,45,0,0,1,324,9,28,0,171874,1751.000000,3772.000000
1732466492507,00002,111,3,139,139,1,74,0,1485,1243,900,340,245,103,242,241934,16,884,315,58,131,81,0,1,1019,359,39,66,1,1697861,8,371,304,296,42,33,67,37849,26.335536,3,293,17,58,0,0,0,1,336,34,0,0,0,208757,685.000000,1152.000000
1732466492507,00003,111,3,139,139,1,74,0,1485,1243,900,340,245,103,242,241934,16,884,315,58,131,81,0,1,1019,359,39,66,1,1697861,8,379,306,303,0,76,73,66621,26.583750,3,300,0,0,40,36,0,0,343,0,0,36,0,193332,1114.000000,2305.000000
1732466492507,00004,111,3,139,139,1,74,0,1485,1243,900,340,245,103,242,241934,16,884,315,58,131,81,0,1,1019,359,39,66,1,1697861,8,369,307,294,0,75,62,58468,26.037679,3,291,0,0,75,0,0,0,339,0,30,0,0,196418,1046.000000,2305.000000
1732466492507,00005,111,3,139,139,1,74,0,1485,1243,900,340,245,103,242,241934,16,884,315,58,131,81,0,1,1019,359,39,66,1,1697861,8,1,1,1,0,0,0,3,0.024821,1,0,0,0,0,0,0,0,0,0,0,1,0,231870,0.000000,0.000000
1732466492507,00006,111,3,139,139,1,74,0,1485,1243,900,340,245,103,242,241934,16,884,315,58,131,81,0,1,1019,359,39,66,1,1697861,8,1,1,1,0,0,0,3,0.024821,1,0,0,0,0,0,0,0,0,1,0,0,0,231870,0.000000,0.000000
1732466492507,00007,111,3,139,139,1,74,0,1485,1243,900,340,245,103,242,241934,16,884,315,58,131,81,0,1,1019,359,39,66,1,1697861,8,1,1,1,0,0,0,3,0.024821,1,0,0,0,0,0,0,0,0,0,0,0,1,231870,0.000000,0.000000
1732466492507,00010,111,3,139,139,1,74,0,1485,1243,900,340,245,103,242,241934,16,884,315,58,131,81,0,1,1019,359,39,66,1,1697861,8,1,1,1,0,0,0,3,0.024821,1,0,0,0,0,0,0,0,0,0,0,1,0,231870,0.000000,0.000000
1732466492607,00001,111,3,139,139,1,83,0,1601,1584,1188,405,8,116,17,140008,392,796,405,0,4,4,0,401,1198,0,1,1,0,3665545,8,401,397,0,401,0,4,54281,29.835357,0,0,401,0,0,0,0,0,401,0,0,0,0,382389,1532.000000,4087.000000
1732466492607,00002,111,3,139,139,1,83,0,1601,1584,1188,405,8,116,17,140008,392,796,405,0,4,4,0,401,1198,0,1,1,0,3665545,8,402,395,398,4,0,7,16616,29.934643,392,6,4,0,0,0,0,401,1,0,0,0,0,456465,508.000000,1152.000000
1732466492607,00003,111,3,139,139,1,83,0,1601,1584,1188,405,8,116,17,140008,392,796,405,0,4,4,0,401,1198,0,1,1,0,3665545,8,399,396,395,0,4,3,41212,29.686429,0,395,0,0,0,4,0,0,398,0,0,1,0,417665,1126.000000,2829.000000
1732466492607,00004,111,3,139,139,1,83,0,1601,1584,1188,405,8,116,17,140008,392,796,405,0,4,4,0,401,1198,0,1,1,0,3665545,8,399,396,395,0,4,3,27899,29.686429,0,395,0,0,4,0,0,0,398,0,1,0,0,433546,869.000000,1886.000000
1732466492607,00005,111,3,139,139,1,83,0,1601,1584,1188,405,8,116,17,140008,392,796,405,0,4,4,0,401,1198,0,1,1,0,3665545,8,0,0,0,0,0,0,0,0.000000,0,0,0,0,0,0,0,0,0,0,0,0,0,493870,0.000000,0.000000
1732466492607,00006,111,3,139,139,1,83,0,1601,1584,1188,405,8,116,17,140008,392,796,405,0,4,4,0,401,1198,0,1,1,0,3665545,8,0,0,0,0,0,0,0,0.000000,0,0,0,0,0,0,0,0,0,0,0,0,0,493870,0.000000,0.000000
1732466492607,00007,111,3,139,139,1,83,0,1601,1584,1188,405,8,116,17,140008,392,796,405,0,4,4,0,401,1198,0,1,1,0,3665545,8,0,0,0,0,0,0,0,0.000000,0,0,0,0,0,0,0,0,0,0,0,0,0,493870,0.000000,0.000000
1732466492607,00010,111,3,139,139,1,83,0,1601,1584,1188,405,8,116,17,140008,392,796,405,0,4,4,0,401,1198,0,1,1,0,3665545,8,0,0,0,0,0,0,0,0.000000,0,0,0,0,0,0,0,0,0,0,0,0,0,493870,0.000000,0.000000
1732466492707,00001,111,3,139,139,1,64,0,1665,1008,678,370,617,89,657,359872,3,675,292,157,169,369,0,0,1274,56,138,150,47,5578967,8,482,293,0,279,203,189,131156,29.562321,0,0,279,0,29,174,0,0,372,0,28,82,0,581994,1535.000000,2724.000000
1732466492707,00003,111,3,139,139,1,64,0,1665,1008,678,370,617,89,657,359872,3,675,292,157,169,369,0,0,1274,56,138,150,47,5578967,8,476,296,281,0,195,180,121379,28.370893,0,281,0,0,0,195,0,0,361,0,0,68,47,622261,1120.000000,524.000000
1732466492707,00004,111,3,139,139,1,64,0,1665,1008,678,370,617,89,657,359872,3,675,292,157,169,369,0,0,1274,56,138,150,47,5578967,8,503,297,289,54,160,206,75633,30.207679,0,289,0,131,83,0,0,0,391,29,83,0,0,661958,818.000000,733.000000
1732466492707,00005,111,3,139,139,1,64,0,1665,1008,678,370,617,89,657,359872,3,675,292,157,169,369,0,0,1274,56,138,150,47,5578967,8,0,0,0,0,0,0,0,0.000000,0,0,0,0,0,0,0,0,0,0,0,0,0,755870,0.000000,0.000000
1732466492707,00006,111,3,139,139,1,64,0,1665,1008,678,370,617,89,657,359872,3,675,292,157,169,369,0,0,1274,56,138,150,47,5578967,8,0,0,0,0,0,0,0,0.000000,0,0,0,0,0,0,0,0,0,0,0,0,0,755870,0.000000,0.000000
1732466492707,00007,111,3,139,139,1,64,0,1665,1008,678,370,617,89,657,359872,3,675,292,157,169,369,0,0,1274,56,138,150,47,5578967,8,0,0,0,0,0,0,0,0.000000,0,0,0,0,0,0,0,0,0,0,0,0,0,755870,0.000000,0.000000
1732466492707,00010,111,3,139,139,1,64,0,1665,1008,678,370,617,89,657,359872,3,675,292,157,169,369,0,0,1274,56,138,150,47,5578967,8,0,0,0,0,0,0,0,0.000000,0,0,0,0,0,0,0,0,0,0,0,0,0,755870,0.000000,0.000000
1732466492707,00012,111,3,139,139,1,64,0,1665,1008,678,370,617,89,657,359872,3,675,292,157,169,369,0,0,1274,56,138,150,47,5578967,8,204,122,108,37,59,82,31704,2.968655,3,105,13,26,57,0,0,0,150,27,27,0,0,689274,558.000000,209.000000
1732466492807,00001,111,3,139,139,1,84,0,1917,1157,573,757,587,117,760,381311,281,292,671,148,219,306,0,391,1138,61,145,182,0,7497768,8,465,297,0,297,168,168,114541,28.594286,0,0,297,0,70,98,0,0,368,0,27,70,0,785795,1482.000000,1257.000000
1732466492807,00003,111,3,139,139,1,84,0,1917,1157,573,757,587,117,760,381311,281,292,671,148,219,306,0,391,1138,61,145,182,0,7497768,8,467,286,1,258,208,181,139258,29.289286,0,1,258,0,0,208,0,0,355,0,0,112,0,819572,1225.000000,1362.000000
1732466492807,00004,111,3,139,139,1,84,0,1917,1157,573,757,587,117,760,381311,281,292,671,148,219,306,0,391,1138,61,145,182,0,7497768,8,496,292,285,0,211,204,88916,30.083571,0,285,0,62,149,0,0,0,378,0,118,0,0,883679,828.000000,628.000000
1732466492807,00005,111,3,139,139,1,84,0,1917,1157,573,757,587,117,760,381311,281,292,671,148,219,306,0,391,1138,61,145,182,0,7497768,8,0,0,0,0,0,0,0,0.000000,0,0,0,0,0,0,0,0,0,0,0,0,0,1017870,0.000000,0.000000
1732466492807,00006,111,3,139,139,1,84,0,1917,1157,573,757,587,117,760,381311,281,292,671,148,219,306,0,391,1138,61,145,182,0,7497768,8,0,0,0,0,0,0,0,0.000000,0,0,0,0,0,0,0,0,0,0,0,0,0,1017870,0.000000,0.000000
1732466492807,00007,111,3,139,139,1,84,0,1917,1157,573,757,587,117,760,381311,281,292,671,148,219,306,0,391,1138,61,145,182,0,7497768,8,0,0,0,0,0,0,0,0.000000,0,0,0,0,0,0,0,0,0,0,0,0,0,1017870,0.000000,0.000000
1732466492807,00010,111,3,139,139,1,84,0,1917,1157,573,757,587,117,760,381311,281,292,671,148,219,306,0,391,1138,61,145,182,0,7497768,8,0,0,0,0,0,0,0,0.000000,0,0,0,0,0,0,0,0,0,0,0,0,0,1017870,0.000000,0.000000
1732466492807,00012,111,3,139,139,1,84,0,1917,1157,573,757,587,117,760,381311,281,292,671,148,219,306,0,391,1138,61,145,182,0,7497768,8,489,282,287,202,0,207,38596,30.282143,281,6,116,86,0,0,0,391,37,61,0,0,0,937242,488.000000,0.000000
1732466492907,00001,111,3,139,139,1,64,0,1684,996,809,48,827,89,688,386853,3,806,25,205,397,248,0,0,1118,125,268,88,85,9391359,8,496,280,246,10,240,216,102421,30.009107,0,246,10,36,204,0,0,0,361,0,135,0,0,1004300,1384.000000,733.000000
1732466492907,00003,111,3,139,139,1,64,0,1684,996,809,48,827,89,688,386853,3,806,25,205,397,248,0,0,1118,125,268,88,85,9391359,8,497,299,235,9,253,198,146751,29.959464,0,235,9,0,5,248,0,0,324,0,0,88,85,1006952,1310.000000,1781.000000
1732466492907,00004,111,3,139,139,1,64,0,1684,996,809,48,827,89,688,386853,3,806,25,205,397,248,0,0,1118,125,268,88,85,9391359,8,485,295,250,0,235,190,102590,29.165179,0,250,0,47,188,0,0,0,323,29,133,0,0,1093687,904.000000,1571.000000
1732466492907,00005,111,3,139,139,1,64,0,1684,996,809,48,827,89,688,386853,3,806,25,205,397,248,0,0,1118,125,268,88,85,9391359,8,0,0,0,0,0,0,0,0.000000,0,0,0,0,0,0,0,0,0,0,0,0,0,1279870,0.000000,0.000000
1732466492907,00006,111,3,139,139,1,64,0,1684,996,809,48,827,89,688,386853,3,806,25,205,397,248,0,0,1118,125,268,88,85,9391359,8,0,0,0,0,0,0,0,0.000000,0,0,0,0,0,0,0,0,0,0,0,0,0,1279870,0.000000,0.000000
1732466492907,00007,111,3,139,139,1,64,0,1684,996,809,48,827,89,688,386853,3,806,25,205,397,248,0,0,1118,125,268,88,85,9391359,8,0,0,0,0,0,0,0,0.000000,0,0,0,0,0,0,0,0,0,0,0,0,0,1279870,0.000000,0.000000
1732466492907,00010,111,3,139,139,1,64,0,1684,996,809,48,827,89,688,386853,3,806,25,205,397,248,0,0,1118,125,268,88,85,9391359,8,0,0,0,0,0,0,0,0.000000,0,0,0,0,0,0,0,0,0,0,0,0,0,1279870,0.000000,0.000000
1732466492907,00002,111,3,139,139,1,64,0,1684,996,809,48,827,89,688,386853,3,806,25,205,397,248,0,0,1118,125,268,88,85,9391359,8,206,122,78,29,99,84,35091,1.988194,3,75,6,122,0,0,0,0,110,96,0,0,0,1166940,543.000000,1362.000000
1732466493007,00001,111,3,139,139,1,84,0,2025,1230,599,515,911,117,795,485275,0,599,308,268,385,465,0,0,1164,270,264,211,116,11222699,8,491,317,2,199,290,174,143955,28.470179,0,2,199,0,65,225,0,0,279,0,95,117,0,1181607,1505.000000,5449.000000
1732466493007,00003,111,3,139,139,1,84,0,2025,1230,599,515,911,117,795,485275,0,599,308,268,385,465,0,0,1164,270,264,211,116,11222699,8,528,301,228,0,300,227,151231,30.406250,0,228,0,0,60,240,0,0,318,0,0,94,116,1189193,1380.000000,2200.000000
1732466493007,00004,111,3,139,139,1,84,0,2025,1230,599,515,911,117,795,485275,0,599,308,268,385,465,0,0,1164,270,264,211,116,11222699,8,513,300,198,0,315,213,117390,30.009107,0,198,0,55,260,0,0,0,302,42,169,0,0,1294694,992.000000,1781.000000
1732466493007,00005,111,3,139,139,1,84,0,2025,1230,599,515,911,117,795,485275,0,599,308,268,385,465,0,0,1164,270,264,211,116,11222699,8,0,0,0,0,0,0,0,0.000000,0,0,0,0,0,0,0,0,0,0,0,0,0,1541870,0.000000,0.000000
1732466493007,00006,111,3,139,139,1,84,0,2025,1230,599,515,911,117,795,485275,0,599,308,268,385,465,0,0,1164,270,264,211,116,11222699,8,0,0,0,0,0,0,0,0.000000,0,0,0,0,0,0,0,0,0,0,0,0,0,1541870,0.000000,0.000000
1732466493007,00007,111,3,139,139,1,84,0,2025,1230,599,515,911,117,795,485275,0,599,308,268,385,465,0,0,1164,270,264,211,116,11222699,8,0,0,0,0,0,0,0,0.000000,0,0,0,0,0,0,0,0,0,0,0,0,0,1541870,0.000000,0.000000
1732466493007,00010,111,3,139,139,1,84,0,2025,1230,599,515,911,117,795,485275,0,599,308,268,385,465,0,0,1164,270,264,211,116,11222699,8,0,0,0,0,0,0,0,0.000000,0,0,0,0,0,0,0,0,0,0,0,0,0,1541870,0.000000,0.000000
1732466493007,00002,111,3,139,139,1,84,0,2025,1230,599,515,911,117,795,485275,0,599,308,268,385,465,0,0,1164,270,264,211,116,11222699,8,493,312,171,316,6,181,72699,29.289286,0,171,109,213,0,0,0,0,265,228,0,0,0,1389725,622.000000,1781.000000
1732466493107,00001,111,3,139,139,1,83,0,2070,1176,600,287,1183,116,894,537343,1,599,238,299,359,574,0,1,1188,247,253,381,0,14756502,9,514,294,0,198,316,220,158017,29.016250,0,0,198,0,81,235,0,0,315,0,58,141,0,1364004,1569.000000,3353.000000
1732466493107,00003,111,3,139,139,1,83,0,2070,1176,600,287,1183,116,894,537343,1,599,238,299,359,574,0,1,1188,247,253,381,0,14756502,9,508,296,169,0,339,212,175852,29.115536,0,169,0,0,0,339,0,0,268,0,0,240,0,1360977,1484.000000,3353.000000
1732466493107,00004,111,3,139,139,1,83,0,2070,1176,600,287,1183,116,894,537343,1,599,238,299,359,574,0,1,1188,247,253,381,0,14756502,9,541,283,233,0,308,258,120853,30.952321,0,233,0,30,278,0,0,1,345,0,195,0,0,1502973,1011.000000,1152.000000
1732466493107,00005,111,3,139,139,1,83,0,2070,1176,600,287,1183,116,894,537343,1,599,238,299,359,574,0,1,1188,247,253,381,0,14756502,9,0,0,0,0,0,0,0,0.000000,0,0,0,0,0,0,0,0,0,0,0,0,0,1803870,0.000000,0.000000
1732466493107,00006,111,3,139,139,1,83,0,2070,1176,600,287,1183,116,894,537343,1,599,238,299,359,574,0,1,1188,247,253,381,0,14756502,9,0,0,0,0,0,0,0,0.000000,0,0,0,0,0,0,0,0,0,0,0,0,0,1803870,0.000000,0.000000
1732466493107,00007,111,3,139,139,1,83,0,2070,1176,600,287,1183,116,894,537343,1,599,238,299,359,574,0,1,1188,247,253,381,0,14756502,9,0,0,0,0,0,0,0,0.000000,0,0,0,0,0,0,0,0,0,0,0,0,0,1803870,0.000000,0.000000
1732466493107,00010,111,3,139,139,1,83,0,2070,1176,600,287,1183,116,894,537343,1,599,238,299,359,574,0,1,1188,247,253,381,0,14756502,9,0,0,0,0,0,0,0,0.000000,0,0,0,0,0,0,0,0,0,0,0,0,0,1803870,0.000000,0.000000
1732466493107,00002,111,3,139,139,1,83,0,2070,1176,600,287,1183,116,894,537343,1,599,238,299,359,574,0,1,1188,247,253,381,0,14756502,9,506,302,197,89,220,204,82618,28.792857,0,197,40,269,0,0,0,0,260,246,0,0,0,1607448,691.000000,1781.000000
1732466493107,00012,111,3,139,139,1,83,0,2070,1176,600,287,1183,116,894,537343,1,599,238,299,359,574,0,1,1188,247,253,381,0,14756502,9,1,1,1,0,0,0,3,0.003101,1,0,0,0,0,0,0,0,0,1,0,0,0,1705620,509.000000,0.000000
1732466493207,00001,111,3,139,139,1,83,0,1999,1171,725,356,918,116,828,513844,1,724,56,335,394,489,0,0,1130,260,228,381,0,16858053,9,513,281,187,0,326,232,170852,30.654464,0,187,0,0,84,242,0,0,303,0,59,151,0,1547645,1591.000000,2620.000000
1732466493207,00003,111,3,139,139,1,83,0,1999,1171,725,356,918,116,828,513844,1,724,56,335,394,489,0,0,1130,260,228,381,0,16858053,9,505,291,177,0,328,214,166483,30.033929,0,177,0,0,81,247,0,0,275,0,0,230,0,1539319,1555.000000,3353.000000
1732466493207,00004,111,3,139,139,1,83,0,1999,1171,725,356,918,116,828,513844,1,724,56,335,394,489,0,0,1130,260,228,381,0,16858053,9,511,289,199,50,262,222,104342,30.555179,1,198,0,83,229,0,0,0,299,43,169,0,0,1712413,1048.000000,1991.000000
1732466493207,00005,111,3,139,139,1,83,0,1999,1171,725,356,918,116,828,513844,1,724,56,335,394,489,0,0,1130,260,228,381,0,16858053,9,0,0,0,0,0,0,0,0.000000,0,0,0,0,0,0,0,0,0,0,0,0,0,2065870,0.000000,0.000000
1732466493207,00006,111,3,139,139,1,83,0,1999,1171,725,356,918,116,828,513844,1,724,56,335,394,489,0,0,1130,260,228,381,0,16858053,9,0,0,0,0,0,0,0,0.000000,0,0,0,0,0,0,0,0,0,0,0,0,0,2065870,0.000000,0.000000
1732466493207,00007,111,3,139,139,1,83,0,1999,1171,725,356,918,116,828,513844,1,724,56,335,394,489,0,0,1130,260,228,381,0,16858053,9,0,0,0,0,0,0,0,0.000000,0,0,0,0,0,0,0,0,0,0,0,0,0,2065870,0.000000,0.000000
1732466493207,00010,111,3,139,139,1,83,0,1999,1171,725,356,918,116,828,513844,1,724,56,335,394,489,0,0,1130,260,228,381,0,16858053,9,0,0,0,0,0,0,0,0.000000,0,0,0,0,0,0,0,0,0,0,0,0,0,2065870,0.000000,0.000000
1732466493207,00002,111,3,139,139,1,83,0,1999,1171,725,356,918,116,828,513844,1,724,56,335,394,489,0,0,1130,260,228,381,0,16858053,9,470,310,162,306,2,160,72167,26.931250,0,162,56,252,0,0,0,0,253,217,0,0,0,1827576,744.000000,2829.000000
1732466493207,00012,111,3,139,139,1,83,0,1999,1171,725,356,918,116,828,513844,1,724,56,335,394,489,0,0,1130,260,228,381,0,16858053,9,0,0,0,0,0,0,0,0.000000,0,0,0,0,0,0,0,0,0,0,0,0,0,1967620,509.000000,0.000000
1732466493307,00001,111,3,139,139,1,83,0,2053,1207,607,464,982,116,846,530727,0,607,208,256,432,550,0,0,957,451,253,392,0,18947140,9,466,318,1,148,317,148,159904,27.080179,0,1,148,0,56,261,0,0,0,235,40,191,0,1716076,3792.000000,0.000000
1732466493307,00003,111,3,139,139,1,83,0,2053,1207,607,464,982,116,846,530727,0,607,208,256,432,550,0,0,957,451,253,392,0,18947140,9,533,284,206,0,327,249,168662,31.448750,0,206,0,0,38,289,0,0,332,0,0,201,0,1725773,673.000000,0.000000
1732466493307,00004,111,3,139,139,1,83,0,2053,1207,607,464,982,116,846,530727,0,607,208,256,432,550,0,0,957,451,253,392,0,18947140,9,528,306,190,0,338,222,131474,29.264464,0,190,0,0,338,0,0,0,315,0,213,0,0,1909648,652.000000,104.000000
1732466493307,00005,111,3,139,139,1,83,0,2053,1207,607,464,982,116,846,530727,0,607,208,256,432,550,0,0,957,451,253,392,0,18947140,9,0,0,0,0,0,0,0,0.000000,0,0,0,0,0,0,0,0,0,0,0,0,0,2327870,0.000000,0.000000
1732466493307,00006,111,3,139,139,1,83,0,2053,1207,607,464,982,116,846,530727,0,607,208,256,432,550,0,0,957,451,253,392,0,18947140,9,0,0,0,0,0,0,0,0.000000,0,0,0,0,0,0,0,0,0,0,0,0,0,2327870,0.000000,0.000000
1732466493307,00007,111,3,139,139,1,83,0,2053,1207,607,464,982,116,846,530727,0,607,208,256,432,550,0,0,957,451,253,392,0,18947140,9,0,0,0,0,0,0,0,0.000000,0,0,0,0,0,0,0,0,0,0,0,0,0,2327870,0.000000,0.000000
1732466493307,00010,111,3,139,139,1,83,0,2053,1207,607,464,982,116,846,530727,0,607,208,256,432,550,0,0,957,451,253,392,0,18947140,9,0,0,0,0,0,0,0,0.000000,0,0,0,0,0,0,0,0,0,0,0,0,0,2327870,0.000000,0.000000
1732466493307,00002,111,3,139,139,1,83,0,2053,1207,607,464,982,116,846,530727,0,607,208,256,432,550,0,0,957,451,253,392,0,18947140,9,526,299,210,316,0,227,70687,29.860179,0,210,60,256,0,0,0,0,310,216,0,0,0,2054543,689.000000,0.000000
1732466493307,00012,111,3,139,139,1,83,0,2053,1207,607,464,982,116,846,530727,0,607,208,256,432,550,0,0,957,451,253,392,0,18947140,9,0,0,0,0,0,0,0,0.000000,0,0,0,0,0,0,0,0,0,0,0,0,0,2229620,0.000000,0.000000
1732466493407,00001,111,3,139,139,1,83,0,2042,1222,405,503,1134,116,820,561130,0,405,436,285,188,728,0,0,1158,226,161,497,0,21003261,9,476,309,0,199,277,167,156144,28.097857,0,0,199,0,48,229,0,0,265,0,48,163,0,1888945,2179.000000,5554.000000
1732466493407,00003,111,3,139,139,1,83,0,2042,1222,405,503,1134,116,820,561130,0,405,436,285,188,728,0,0,1158,226,161,497,0,21003261,9,538,301,213,0,325,237,169842,30.877857,0,213,0,0,3,322,0,0,321,0,0,217,0,1901363,1862.000000,2096.000000
1732466493407,00004,111,3,139,139,1,83,0,2042,1222,405,503,1134,116,820,561130,0,405,436,285,188,728,0,0,1158,226,161,497,0,21003261,9,508,306,0,194,314,202,147862,29.363750,0,0,194,0,137,177,0,0,278,0,113,117,0,2092561,1882.000000,4506.000000
1732466493407,00005,111,3,139,139,1,83,0,2042,1222,405,503,1134,116,820,561130,0,405,436,285,188,728,0,0,1158,226,161,497,0,21003261,9,0,0,0,0,0,0,0,0.000000,0,0,0,0,0,0,0,0,0,0,0,0,0,2589870,0.000000,0.000000
1732466493407,00006,111,3,139,139,1,83,0,2042,1222,405,503,1134,116,820,561130,0,405,436,285,188,728,0,0,1158,226,161,497,0,21003261,9,0,0,0,0,0,0,0,0.000000,0,0,0,0,0,0,0,0,0,0,0,0,0,2589870,0.000000,0.000000
1732466493407,00007,111,3,139,139,1,83,0,2042,1222,405,503,1134,116,820,561130,0,405,436,285,188,728,0,0,1158,226,161,497,0,21003261,9,0,0,0,0,0,0,0,0.000000,0,0,0,0,0,0,0,0,0,0,0,0,0,2589870,0.000000,0.000000
1732466493407,00010,111,3,139,139,1,83,0,2042,1222,405,503,1134,116,820,561130,0,405,436,285,188,728,0,0,1158,226,161,497,0,21003261,9,0,0,0,0,0,0,0,0.000000,0,0,0,0,0,0,0,0,0,0,0,0,0,2589870,0.000000,0.000000
1732466493407,00002,111,3,139,139,1,83,0,2042,1222,405,503,1134,116,820,561130,0,405,436,285,188,728,0,0,1158,226,161,497,0,21003261,9,520,306,192,110,218,214,87282,29.885000,0,192,43,285,0,0,0,0,294,226,0,0,0,2269292,1171.000000,1886.000000
1732466493407,00012,111,3,139,139,1,83,0,2042,1222,405,503,1134,116,820,561130,0,405,436,285,188,728,0,0,1158,226,161,497,0,21003261,9,0,0,0,0,0,0,0,0.000000,0,0,0,0,0,0,0,0,0,0,0,0,0,2491620,0.000000,0.000000
1732466493507,00001,111,3,139,139,1,84,0,2036,1192,599,516,921,117,844,509850,0,599,249,292,304,592,0,0,1199,249,219,244,125,23095548,9,505,294,179,5,321,211,152146,29.165179,0,179,5,0,77,244,0,0,311,0,59,135,0,2078964,1922.000000,3982.000000
1732466493507,00003,111,3,139,139,1,84,0,2036,1192,599,516,921,117,844,509850,0,599,249,292,304,592,0,0,1199,249,219,244,125,23095548,9,492,307,0,144,348,185,184015,28.693571,0,0,144,0,0,348,0,0,258,0,0,109,125,2058828,2324.000000,7650.000000
1732466493507,00004,111,3,139,139,1,84,0,2036,1192,599,516,921,117,844,509850,0,599,249,292,304,592,0,0,1199,249,219,244,125,23095548,9,537,290,243,43,251,247,101416,31.200536,0,243,5,62,227,0,0,0,325,52,160,0,0,2304266,1499.000000,733.000000
1732466493507,00005,111,3,139,139,1,84,0,2036,1192,599,516,921,117,844,509850,0,599,249,292,304,592,0,0,1199,249,219,244,125,23095548,9,0,0,0,0,0,0,0,0.000000,0,0,0,0,0,0,0,0,0,0,0,0,0,2851870,0.000000,0.000000
1732466493507,00006,111,3,139,139,1,84,0,2036,1192,599,516,921,117,844,509850,0,599,249,292,304,592,0,0,1199,249,219,244,125,23095548,9,0,0,0,0,0,0,0,0.000000,0,0,0,0,0,0,0,0,0,0,0,0,0,2851870,0.000000,0.000000
1732466493507,00007,111,3,139,139,1,84,0,2036,1192,599,516,921,117,844,509850,0,599,249,292,304,592,0,0,1199,249,219,244,125,23095548,9,0,0,0,0,0,0,0,0.000000,0,0,0,0,0,0,0,0,0,0,0,0,0,2851870,0.000000,0.000000
1732466493507,00010,111,3,139,139,1,84,0,2036,1192,599,516,921,117,844,509850,0,599,249,292,304,592,0,0,1199,249,219,244,125,23095548,9,0,0,0,0,0,0,0,0.000000,0,0,0,0,0,0,0,0,0,0,0,0,0,2851870,0.000000,0.000000
1732466493507,00002,111,3,139,139,1,84,0,2036,1192,599,516,921,117,844,509850,0,599,249,292,304,592,0,0,1199,249,219,244,125,23095548,9,502,301,177,324,1,201,72273,29.165179,0,177,95,230,0,0,0,0,305,197,0,0,0,2492390,1054.000000,838.000000
1732466493507,00012,111,3,139,139,1,84,0,2036,1192,599,516,921,117,844,509850,0,599,249,292,304,592,0,0,1199,249,219,244,125,23095548,9,0,0,0,0,0,0,0,0.000000,0,0,0,0,0,0,0,0,0,0,0,0,0,2753620,0.000000,0.000000
1732466493607,00001,111,3,139,139,1,84,0,2013,1210,378,661,974,117,803,529361,0,378,448,253,347,587,0,288,608,458,291,254,114,25180590,9,520,296,164,0,356,224,169002,30.406250,0,164,0,0,69,287,0,0,300,0,51,169,0,2260666,1920.000000,4296.000000
1732466493607,00003,111,3,139,139,1,84,0,2013,1210,378,661,974,117,803,529361,0,378,448,253,347,587,0,288,608,458,291,254,114,25180590,9,507,288,0,207,300,219,169018,30.083571,0,0,207,0,0,300,0,0,308,0,0,85,114,2238632,2209.000000,3458.000000
1732466493607,00004,111,3,139,139,1,84,0,2013,1210,378,661,974,117,803,529361,0,378,448,253,347,587,0,288,608,458,291,254,114,25180590,9,477,325,3,156,318,152,122229,27.551786,0,3,152,44,278,0,0,0,0,237,240,0,0,2492763,1612.000000,5030.000000
1732466493607,00005,111,3,139,139,1,84,0,2013,1210,378,661,974,117,803,529361,0,378,448,253,347,587,0,288,608,458,291,254,114,25180590,9,0,0,0,0,0,0,0,0.000000,0,0,0,0,0,0,0,0,0,0,0,0,0,3113870,0.000000,0.000000
1732466493607,00006,111,3,139,139,1,84,0,2013,1210,378,661,974,117,803,529361,0,378,448,253,347,587,0,288,608,458,291,254,114,25180590,9,0,0,0,0,0,0,0,0.000000,0,0,0,0,0,0,0,0,0,0,0,0,0,3113870,0.000000,0.000000
1732466493607,00007,111,3,139,139,1,84,0,2013,1210,378,661,974,117,803,529361,0,378,448,253,347,587,0,288,608,458,291,254,114,25180590,9,0,0,0,0,0,0,0,0.000000,0,0,0,0,0,0,0,0,0,0,0,0,0,3113870,0.000000,0.000000
1732466493607,00010,111,3,139,139,1,84,0,2013,1210,378,661,974,117,803,529361,0,378,448,253,347,587,0,288,608,458,291,254,114,25180590,9,0,0,0,0,0,0,0,0.000000,0,0,0,0,0,0,0,0,0,0,0,0,0,3113870,0.000000,0.000000
1732466493607,00002,111,3,139,139,1,84,0,2013,1210,378,661,974,117,803,529361,0,378,448,253,347,587,0,288,608,458,291,254,114,25180590,9,509,301,211,298,0,208,69112,30.108393,0,211,89,209,0,0,0,288,0,221,0,0,0,2717429,1002.000000,209.000000
1732466493607,00012,111,3,139,139,1,84,0,2013,1210,378,661,974,117,803,529361,0,378,448,253,347,587,0,288,608,458,291,254,114,25180590,9,0,0,0,0,0,0,0,0.000000,0,0,0,0,0,0,0,0,0,0,0,0,0,3015620,0.000000,0.000000
1732466493707,00001,111,3,139,139,1,70,0,1458,894,433,228,797,98,564,441723,0,433,228,67,310,420,0,0,608,312,250,210,78,21053620,7,493,299,233,0,260,194,147031,32.863571,0,233,0,0,108,152,0,0,332,0,75,86,0,2449806,1859.000000,2305.000000
1732466493707,00003,111,3,139,139,1,70,0,1458,894,433,228,797,98,564,441723,0,433,228,67,310,420,0,0,608,312,250,210,78,21053620,7,495,290,0,222,273,205,183663,34.501786,0,0,222,0,5,268,0,0,0,293,0,124,78,2408451,2217.000000,3877.000000
1732466493707,00004,111,3,139,139,1,70,0,1458,894,433,228,797,98,564,441723,0,433,228,67,310,420,0,0,608,312,250,210,78,21053620,7,470,305,200,6,264,165,111029,32.143750,0,200,6,67,197,0,0,0,276,19,175,0,0,2691883,1593.000000,3353.000000
1732466493707,00005,111,3,139,139,1,70,0,1458,894,433,228,797,98,564,441723,0,433,228,67,310,420,0,0,608,312,250,210,78,21053620,7,0,0,0,0,0,0,0,0.000000,0,0,0,0,0,0,0,0,0,0,0,0,0,3375870,0.000000,0.000000
1732466493707,00006,111,3,139,139,1,70,0,1458,894,433,228,797,98,564,441723,0,433,228,67,310,420,0,0,608,312,250,210,78,21053620,7,0,0,0,0,0,0,0,0.000000,0,0,0,0,0,0,0,0,0,0,0,0,0,3375870,0.000000,0.000000
1732466493707,00007,111,3,139,139,1,70,0,1458,894,433,228,797,98,564,441723,0,433,228,67,310,420,0,0,608,312,250,210,78,21053620,7,0,0,0,0,0,0,0,0.000000,0,0,0,0,0,0,0,0,0,0,0,0,0,3375870,0.000000,0.000000
1732466493707,00010,111,3,139,139,1,70,0,1458,894,433,228,797,98,564,441723,0,433,228,67,310,420,0,0,608,312,250,210,78,21053620,7,0,0,0,0,0,0,0,0.000000,0,0,0,0,0,0,0,0,0,0,0,0,0,3375870,0.000000,0.000000
1732466493807,00001,111,3,139,139,1,82,0,1456,877,257,505,694,115,579,499623,0,257,505,35,358,301,0,0,1023,0,191,226,16,22639251,7,479,286,3,248,228,193,170081,38.671786,0,3,248,0,162,66,0,0,339,0,64,76,0,2629621,1871.000000,3248.000000
1732466493807,00003,111,3,139,139,1,82,0,1456,877,257,505,694,115,579,499623,0,257,505,35,358,301,0,0,1023,0,191,226,16,22639251,7,491,287,250,6,235,204,188483,39.416429,0,250,6,0,0,235,0,0,348,0,0,127,16,2579134,2176.000000,1991.000000
1732466493807,00004,111,3,139,139,1,82,0,1456,877,257,505,694,115,579,499623,0,257,505,35,358,301,0,0,1023,0,191,226,16,22639251,7,486,304,4,251,231,182,141059,38.398750,0,4,251,35,196,0,0,0,336,0,127,23,0,2879016,1635.000000,2515.000000
1732466493807,00005,111,3,139,139,1,82,0,1456,877,257,505,694,115,579,499623,0,257,505,35,358,301,0,0,1023,0,191,226,16,22639251,7,0,0,0,0,0,0,0,0.000000,0,0,0,0,0,0,0,0,0,0,0,0,0,3637870,0.000000,0.000000
1732466493807,00006,111,3,139,139,1,82,0,1456,877,257,505,694,115,579,499623,0,257,505,35,358,301,0,0,1023,0,191,226,16,22639251,7,0,0,0,0,0,0,0,0.000000,0,0,0,0,0,0,0,0,0,0,0,0,0,3637870,0.000000,0.000000
1732466493807,00007,111,3,139,139,1,82,0,1456,877,257,505,694,115,579,499623,0,257,505,35,358,301,0,0,1023,0,191,226,16,22639251,7,0,0,0,0,0,0,0,0.000000,0,0,0,0,0,0,0,0,0,0,0,0,0,3637870,0.000000,0.000000
1732466493807,00010,111,3,139,139,1,82,0,1456,877,257,505,694,115,579,499623,0,257,505,35,358,301,0,0,1023,0,191,226,16,22639251,7,0,0,0,0,0,0,0,0.000000,0,0,0,0,0,0,0,0,0,0,0,0,0,3637870,0.000000,0.000000
1732466493907,00001,111,3,139,139,1,82,0,1404,954,295,577,532,115,450,441790,1,294,542,56,192,319,0,0,680,380,116,196,32,27625421,8,468,324,0,283,185,144,168000,38.646964,0,0,283,0,64,121,0,0,1,334,42,91,0,2786471,1981.000000,5554.000000
1732466493907,00003,111,3,139,139,1,82,0,1404,954,295,577,532,115,450,441790,1,294,542,56,192,319,0,0,680,380,116,196,32,27625421,8,464,322,7,259,198,142,174999,38.870357,0,7,259,0,0,198,0,0,327,0,0,105,32,2734020,2241.000000,4611.000000
1732466493907,00004,111,3,139,139,1,82,0,1404,954,295,577,532,115,450,441790,1,294,542,56,192,319,0,0,680,380,116,196,32,27625421,8,471,307,287,35,149,164,98788,39.838393,0,287,0,56,128,0,0,0,352,45,74,0,0,3091590,1562.000000,1152.000000
1732466493907,00005,111,3,139,139,1,82,0,1404,954,295,577,532,115,450,441790,1,294,542,56,192,319,0,0,680,380,116,196,32,27625421,8,0,0,0,0,0,0,0,0.000000,0,0,0,0,0,0,0,0,0,0,0,0,0,3899870,0.000000,0.000000
1732466493907,00006,111,3,139,139,1,82,0,1404,954,295,577,532,115,450,441790,1,294,542,56,192,319,0,0,680,380,116,196,32,27625421,8,0,0,0,0,0,0,0,0.000000,0,0,0,0,0,0,0,0,0,0,0,0,0,3899870,0.000000,0.000000
1732466493907,00007,111,3,139,139,1,82,0,1404,954,295,577,532,115,450,441790,1,294,542,56,192,319,0,0,680,380,116,196,32,27625421,8,0,0,0,0,0,0,0,0.000000,0,0,0,0,0,0,0,0,0,0,0,0,0,3899870,0.000000,0.000000
1732466493907,00010,111,3,139,139,1,82,0,1404,954,295,577,532,115,450,441790,1,294,542,56,192,319,0,0,680,380,116,196,32,27625421,8,0,0,0,0,0,0,0,0.000000,0,0,0,0,0,0,0,0,0,0,0,0,0,3899870,0.000000,0.000000
1732466493907,00002,111,3,139,139,1,82,0,1404,954,295,577,532,115,450,441790,1,294,542,56,192,319,0,0,680,380,116,196,32,27625421,8,1,1,1,0,0,0,3,0.001551,1,0,0,0,0,0,0,0,0,1,0,0,0,3413860,891.000000,104.000000
1732466494007,00001,111,3,139,139,1,83,0,1365,930,649,295,421,116,435,399282,0,649,295,1,217,203,0,0,760,365,109,131,0,29500709,8,448,322,0,288,160,126,164681,38.150536,0,0,288,0,33,127,0,0,0,365,2,81,0,2953993,2032.000000,5659.000000
1732466494007,00003,111,3,139,139,1,83,0,1365,930,649,295,421,116,435,399282,0,649,295,1,217,203,0,0,760,365,109,131,0,29500709,8,452,307,335,7,110,145,112832,38.324286,0,335,7,0,34,76,0,0,380,0,22,50,0,2932603,2102.000000,1362.000000
1732466494007,00004,111,3,139,139,1,83,0,1365,930,649,295,421,116,435,399282,0,649,295,1,217,203,0,0,760,365,109,131,0,29500709,8,465,301,314,0,151,164,121769,40.682321,0,314,0,1,150,0,0,0,380,0,85,0,0,3290773,1526.000000,1676.000000
1732466494007,00005,111,3,139,139,1,83,0,1365,930,649,295,421,116,435,399282,0,649,295,1,217,203,0,0,760,365,109,131,0,29500709,8,0,0,0,0,0,0,0,0.000000,0,0,0,0,0,0,0,0,0,0,0,0,0,4161870,0.000000,0.000000
1732466494007,00006,111,3,139,139,1,83,0,1365,930,649,295,421,116,435,399282,0,649,295,1,217,203,0,0,760,365,109,131,0,29500709,8,0,0,0,0,0,0,0,0.000000,0,0,0,0,0,0,0,0,0,0,0,0,0,4161870,0.000000,0.000000
1732466494007,00007,111,3,139,139,1,83,0,1365,930,649,295,421,116,435,399282,0,649,295,1,217,203,0,0,760,365,109,131,0,29500709,8,0,0,0,0,0,0,0,0.000000,0,0,0,0,0,0,0,0,0,0,0,0,0,4161870,0.000000,0.000000
1732466494007,00010,111,3,139,139,1,83,0,1365,930,649,295,421,116,435,399282,0,649,295,1,217,203,0,0,760,365,109,131,0,29500709,8,0,0,0,0,0,0,0,0.000000,0,0,0,0,0,0,0,0,0,0,0,0,0,4161870,0.000000,0.000000
1732466494007,00002,111,3,139,139,1,83,0,1365,930,649,295,421,116,435,399282,0,649,295,1,217,203,0,0,760,365,109,131,0,29500709,8,0,0,0,0,0,0,0,0.000000,0,0,0,0,0,0,0,0,0,0,0,0,0,3675860,891.000000,0.000000
1732466494107,00001,111,3,139,139,1,83,0,1410,912,307,579,524,116,498,436137,0,307,579,41,199,284,0,0,1089,10,152,117,42,31364515,8,464,317,0,292,172,147,147070,38.051250,0,0,292,0,70,102,0,0,354,1,53,56,0,3133687,2029.000000,5135.000000
1732466494107,00003,111,3,139,139,1,83,0,1410,912,307,579,524,116,498,436137,0,307,579,41,199,284,0,0,1089,10,152,117,42,31364515,8,474,301,5,287,182,173,171381,39.838393,0,5,287,0,0,182,0,0,371,0,0,61,42,3106571,2089.000000,3039.000000
1732466494107,00004,111,3,139,139,1,83,0,1410,912,307,579,524,116,498,436137,0,307,579,41,199,284,0,0,1089,10,152,117,42,31364515,8,472,294,302,0,170,178,117686,39.217857,0,302,0,41,129,0,0,0,364,9,99,0,0,3490917,1508.000000,1152.000000
1732466494107,00005,111,3,139,139,1,83,0,1410,912,307,579,524,116,498,436137,0,307,579,41,199,284,0,0,1089,10,152,117,42,31364515,8,0,0,0,0,0,0,0,0.000000,0,0,0,0,0,0,0,0,0,0,0,0,0,4423870,0.000000,0.000000
1732466494107,00006,111,3,139,139,1,83,0,1410,912,307,579,524,116,498,436137,0,307,579,41,199,284,0,0,1089,10,152,117,42,31364515,8,0,0,0,0,0,0,0,0.000000,0,0,0,0,0,0,0,0,0,0,0,0,0,4423870,0.000000,0.000000
1732466494107,00007,111,3,139,139,1,83,0,1410,912,307,579,524,116,498,436137,0,307,579,41,199,284,0,0,1089,10,152,117,42,31364515,8,0,0,0,0,0,0,0,0.000000,0,0,0,0,0,0,0,0,0,0,0,0,0,4423870,0.000000,0.000000
1732466494107,00010,111,3,139,139,1,83,0,1410,912,307,579,524,116,498,436137,0,307,579,41,199,284,0,0,1089,10,152,117,42,31364515,8,0,0,0,0,0,0,0,0.000000,0,0,0,0,0,0,0,0,0,0,0,0,0,4423870,0.000000,0.000000
1732466494107,00002,111,3,139,139,1,83,0,1410,912,307,579,524,116,498,436137,0,307,579,41,199,284,0,0,1089,10,152,117,42,31364515,8,0,0,0,0,0,0,0,0.000000,0,0,0,0,0,0,0,0,0,0,0,0,0,3937860,891.000000,0.000000
1732466494207,00001,111,3,139,139,1,82,0,1358,903,279,605,474,115,455,419056,0,279,605,70,148,256,0,0,1095,18,106,101,38,33243782,8,453,295,0,310,143,158,147075,38.969643,0,0,310,0,39,104,0,0,379,1,21,52,0,3320619,2019.000000,3563.000000
1732466494207,00003,111,3,139,139,1,82,0,1358,903,279,605,474,115,455,419056,0,279,605,70,148,256,0,0,1095,18,106,101,38,33243782,8,447,310,0,295,152,137,153716,38.076071,0,0,295,0,0,152,0,0,360,0,0,49,38,3286864,2080.000000,5240.000000
1732466494207,00004,111,3,139,139,1,82,0,1358,903,279,605,474,115,455,419056,0,279,605,70,148,256,0,0,1095,18,106,101,38,33243782,8,458,298,279,0,179,160,118265,39.689464,0,279,0,70,109,0,0,0,356,17,85,0,0,3692959,1498.000000,2096.000000
1732466494207,00005,111,3,139,139,1,82,0,1358,903,279,605,474,115,455,419056,0,279,605,70,148,256,0,0,1095,18,106,101,38,33243782,8,0,0,0,0,0,0,0,0.000000,0,0,0,0,0,0,0,0,0,0,0,0,0,4685870,0.000000,0.000000
1732466494207,00006,111,3,139,139,1,82,0,1358,903,279,605,474,115,455,419056,0,279,605,70,148,256,0,0,1095,18,106,101,38,33243782,8,0,0,0,0,0,0,0,0.000000,0,0,0,0,0,0,0,0,0,0,0,0,0,4685870,0.000000,0.000000
1732466494207,00007,111,3,139,139,1,82,0,1358,903,279,605,474,115,455,419056,0,279,605,70,148,256,0,0,1095,18,106,101,38,33243782,8,0,0,0,0,0,0,0,0.000000,0,0,0,0,0,0,0,0,0,0,0,0,0,4685870,0.000000,0.000000
1732466494207,00010,111,3,139,139,1,82,0,1358,903,279,605,474,115,455,419056,0,279,605,70,148,256,0,0,1095,18,106,101,38,33243782,8,0,0,0,0,0,0,0,0.000000,0,0,0,0,0,0,0,0,0,0,0,0,0,4685870,0.000000,0.000000
1732466494207,00002,111,3,139,139,1,82,0,1358,903,279,605,474,115,455,419056,0,279,605,70,148,256,0,0,1095,18,106,101,38,33243782,8,0,0,0,0,0,0,0,0.000000,0,0,0,0,0,0,0,0,0,0,0,0,0,4199860,891.000000,0.000000
1732466494307,00001,111,3,139,139,1,82,0,1385,914,308,588,489,115,471,430914,0,308,574,26,187,290,0,0,371,748,112,104,50,35113671,8,443,316,0,281,162,127,157682,36.586786,0,0,281,0,53,109,0,0,0,342,34,67,0,3489797,1581.000000,0.000000
1732466494307,00003,111,3,139,139,1,82,0,1385,914,308,588,489,115,471,430914,0,308,574,26,187,290,0,0,371,748,112,104,50,35113671,8,474,300,0,293,181,174,177719,40.607857,0,0,293,0,0,181,0,0,1,386,0,37,50,3463904,2445.000000,0.000000
1732466494307,00004,111,3,139,139,1,82,0,1385,914,308,588,489,115,471,430914,0,308,574,26,187,290,0,0,371,748,112,104,50,35113671,8,468,298,308,14,146,170,95513,39.813571,0,308,0,26,134,0,0,0,370,20,78,0,0,3906630,759.000000,0.000000
1732466494307,00005,111,3,139,139,1,82,0,1385,914,308,588,489,115,471,430914,0,308,574,26,187,290,0,0,371,748,112,104,50,35113671,8,0,0,0,0,0,0,0,0.000000,0,0,0,0,0,0,0,0,0,0,0,0,0,4947870,0.000000,0.000000
1732466494307,00006,111,3,139,139,1,82,0,1385,914,308,588,489,115,471,430914,0,308,574,26,187,290,0,0,371,748,112,104,50,35113671,8,0,0,0,0,0,0,0,0.000000,0,0,0,0,0,0,0,0,0,0,0,0,0,4947870,0.000000,0.000000
1732466494307,00007,111,3,139,139,1,82,0,1385,914,308,588,489,115,471,430914,0,308,574,26,187,290,0,0,371,748,112,104,50,35113671,8,0,0,0,0,0,0,0,0.000000,0,0,0,0,0,0,0,0,0,0,0,0,0,4947870,0.000000,0.000000
1732466494307,00010,111,3,139,139,1,82,0,1385,914,308,588,489,115,471,430914,0,308,574,26,187,290,0,0,371,748,112,104,50,35113671,8,0,0,0,0,0,0,0,0.000000,0,0,0,0,0,0,0,0,0,0,0,0,0,4947870,0.000000,0.000000
1732466494307,00002,111,3,139,139,1,82,0,1385,914,308,588,489,115,471,430914,0,308,574,26,187,290,0,0,371,748,112,104,50,35113671,8,0,0,0,0,0,0,0,0.000000,0,0,0,0,0,0,0,0,0,0,0,0,0,4461860,0.000000,0.000000
1732466494407,00001,111,3,139,139,1,84,0,1212,1177,394,782,36,117,35,232203,0,394,782,1,18,17,0,0,799,397,9,7,0,36999709,8,407,391,0,396,11,16,79282,39.912857,0,0,396,0,3,8,0,0,401,2,1,3,0,3680890,2041.000000,5659.000000
1732466494407,00003,111,3,139,139,1,84,0,1212,1177,394,782,36,117,35,232203,0,394,782,1,18,17,0,0,799,397,9,7,0,36999709,8,402,392,390,3,9,10,58769,39.590179,0,390,3,0,0,9,0,0,396,2,0,4,0,3674632,1352.000000,4192.000000
1732466494407,00004,111,3,139,139,1,84,0,1212,1177,394,782,36,117,35,232203,0,394,782,1,18,17,0,0,799,397,9,7,0,36999709,8,403,394,4,383,16,9,94152,39.540536,0,4,383,1,15,0,0,0,2,393,8,0,0,4080847,2118.000000,6812.000000
1732466494407,00005,111,3,139,139,1,84,0,1212,1177,394,782,36,117,35,232203,0,394,782,1,18,17,0,0,799,397,9,7,0,36999709,8,0,0,0,0,0,0,0,0.000000,0,0,0,0,0,0,0,0,0,0,0,0,0,5209870,0.000000,0.000000
1732466494407,00006,111,3,139,139,1,84,0,1212,1177,394,782,36,117,35,232203,0,394,782,1,18,17,0,0,799,397,9,7,0,36999709,8,0,0,0,0,0,0,0,0.000000,0,0,0,0,0,0,0,0,0,0,0,0,0,5209870,0.000000,0.000000
1732466494407,00007,111,3,139,139,1,84,0,1212,1177,394,782,36,117,35,232203,0,394,782,1,18,17,0,0,799,397,9,7,0,36999709,8,0,0,0,0,0,0,0,0.000000,0,0,0,0,0,0,0,0,0,0,0,0,0,5209870,0.000000,0.000000
1732466494407,00010,111,3,139,139,1,84,0,1212,1177,394,782,36,117,35,232203,0,394,782,1,18,17,0,0,799,397,9,7,0,36999709,8,0,0,0,0,0,0,0,0.000000,0,0,0,0,0,0,0,0,0,0,0,0,0,5209870,0.000000,0.000000
1732466494407,00002,111,3,139,139,1,84,0,1212,1177,394,782,36,117,35,232203,0,394,782,1,18,17,0,0,799,397,9,7,0,36999709,8,0,0,0,0,0,0,0,0.000000,0,0,0,0,0,0,0,0,0,0,0,0,0,4723860,0.000000,0.000000
1732466494507,00001,111,3,139,139,1,83,0,1314,967,640,382,292,116,347,335489,0,640,334,57,100,183,0,0,754,400,65,95,0,38906361,8,427,321,314,7,106,106,114180,38.076071,0,314,7,0,33,73,0,0,369,0,21,37,0,3882980,1688.000000,1781.000000
1732466494507,00003,111,3,139,139,1,83,0,1314,967,640,382,292,116,347,335489,0,640,334,57,100,183,0,0,754,400,65,95,0,38906361,8,439,329,5,318,116,110,149248,39.093750,0,5,318,0,6,110,0,0,2,374,5,58,0,3846579,1790.000000,4296.000000
1732466494507,00004,111,3,139,139,1,83,0,1314,967,640,382,292,116,347,335489,0,640,334,57,100,183,0,0,754,400,65,95,0,38906361,8,448,317,321,57,70,131,72061,39.863214,0,321,9,57,61,0,0,0,383,26,39,0,0,4303462,1532.000000,1152.000000
1732466494507,00005,111,3,139,139,1,83,0,1314,967,640,382,292,116,347,335489,0,640,334,57,100,183,0,0,754,400,65,95,0,38906361,8,0,0,0,0,0,0,0,0.000000,0,0,0,0,0,0,0,0,0,0,0,0,0,5471870,0.000000,0.000000
1732466494507,00006,111,3,139,139,1,83,0,1314,967,640,382,292,116,347,335489,0,640,334,57,100,183,0,0,754,400,65,95,0,38906361,8,0,0,0,0,0,0,0,0.000000,0,0,0,0,0,0,0,0,0,0,0,0,0,5471870,0.000000,0.000000
1732466494507,00007,111,3,139,139,1,83,0,1314,967,640,382,292,116,347,335489,0,640,334,57,100,183,0,0,754,400,65,95,0,38906361,8,0,0,0,0,0,0,0,0.000000,0,0,0,0,0,0,0,0,0,0,0,0,0,5471870,0.000000,0.000000
1732466494507,00010,111,3,139,139,1,83,0,1314,967,640,382,292,116,347,335489,0,640,334,57,100,183,0,0,754,400,65,95,0,38906361,8,0,0,0,0,0,0,0,0.000000,0,0,0,0,0,0,0,0,0,0,0,0,0,5471870,0.000000,0.000000
1732466494507,00002,111,3,139,139,1,83,0,1314,967,640,382,292,116,347,335489,0,640,334,57,100,183,0,0,754,400,65,95,0,38906361,8,0,0,0,0,0,0,0,0.000000,0,0,0,0,0,0,0,0,0,0,0,0,0,4985860,0.000000,0.000000
1732466494607,00001,111,3,139,139,1,84,0,1237,1149,771,385,81,118,88,233223,0,771,385,0,46,35,0,0,801,391,26,19,0,40806963,8,410,383,381,0,29,27,67215,39.441250,0,381,0,0,17,12,0,0,396,0,8,6,0,4091926,1618.000000,3668.000000
1732466494607,00003,111,3,139,139,1,84,0,1237,1149,771,385,81,118,88,233223,0,771,385,0,46,35,0,0,801,391,26,19,0,40806963,8,419,382,385,11,23,37,67751,40.086607,0,385,11,0,0,23,0,0,403,3,0,13,0,4053914,1649.000000,3668.000000
1732466494607,00004,111,3,139,139,1,84,0,1237,1149,771,385,81,118,88,233223,0,771,385,0,46,35,0,0,801,391,26,19,0,40806963,8,408,384,5,374,29,24,98257,39.267500,0,5,374,0,29,0,0,0,2,388,18,0,0,4477783,1720.000000,5973.000000
1732466494607,00005,111,3,139,139,1,84,0,1237,1149,771,385,81,118,88,233223,0,771,385,0,46,35,0,0,801,391,26,19,0,40806963,8,0,0,0,0,0,0,0,0.000000,0,0,0,0,0,0,0,0,0,0,0,0,0,5733870,0.000000,0.000000
1732466494607,00006,111,3,139,139,1,84,0,1237,1149,771,385,81,118,88,233223,0,771,385,0,46,35,0,0,801,391,26,19,0,40806963,8,0,0,0,0,0,0,0,0.000000,0,0,0,0,0,0,0,0,0,0,0,0,0,5733870,0.000000,0.000000
1732466494607,00007,111,3,139,139,1,84,0,1237,1149,771,385,81,118,88,233223,0,771,385,0,46,35,0,0,801,391,26,19,0,40806963,8,0,0,0,0,0,0,0,0.000000,0,0,0,0,0,0,0,0,0,0,0,0,0,5733870,0.000000,0.000000
1732466494607,00010,111,3,139,139,1,84,0,1237,1149,771,385,81,118,88,233223,0,771,385,0,46,35,0,0,801,391,26,19,0,40806963,8,0,0,0,0,0,0,0,0.000000,0,0,0,0,0,0,0,0,0,0,0,0,0,5733870,0.000000,0.000000
1732466494607,00002,111,3,139,139,1,84,0,1237,1149,771,385,81,118,88,233223,0,771,385,0,46,35,0,0,801,391,26,19,0,40806963,8,0,0,0,0,0,0,0,0.000000,0,0,0,0,0,0,0,0,0,0,0,0,0,5247860,0.000000,0.000000
1732466494707,00001,111,3,139,139,1,82,0,1410,911,602,284,524,115,499,396495,0,602,277,39,190,302,0,0,1082,29,121,138,40,42701692,8,453,297,5,272,176,156,159296,38.746250,0,5,272,0,49,127,0,0,344,0,40,69,0,4271774,1668.000000,2515.000000
1732466494707,00003,111,3,139,139,1,82,0,1410,911,602,284,524,115,499,396495,0,602,277,39,190,302,0,0,1082,29,121,138,40,42701692,8,469,305,294,0,175,164,139316,38.423571,0,294,0,0,0,175,0,0,360,0,0,69,40,4246897,1589.000000,1048.000000
1732466494707,00004,111,3,139,139,1,82,0,1410,911,602,284,524,115,499,396495,0,602,277,39,190,302,0,0,1082,29,121,138,40,42701692,8,488,309,303,12,173,179,97883,39.490893,0,303,5,39,141,0,0,0,378,29,81,0,0,4689681,1561.000000,733.000000
1732466494707,00005,111,3,139,139,1,82,0,1410,911,602,284,524,115,499,396495,0,602,277,39,190,302,0,0,1082,29,121,138,40,42701692,8,0,0,0,0,0,0,0,0.000000,0,0,0,0,0,0,0,0,0,0,0,0,0,5995870,0.000000,0.000000
1732466494707,00006,111,3,139,139,1,82,0,1410,911,602,284,524,115,499,396495,0,602,277,39,190,302,0,0,1082,29,121,138,40,42701692,8,0,0,0,0,0,0,0,0.000000,0,0,0,0,0,0,0,0,0,0,0,0,0,5995870,0.000000,0.000000
1732466494707,00007,111,3,139,139,1,82,0,1410,911,602,284,524,115,499,396495,0,602,277,39,190,302,0,0,1082,29,121,138,40,42701692,8,0,0,0,0,0,0,0,0.000000,0,0,0,0,0,0,0,0,0,0,0,0,0,5995870,0.000000,0.000000
1732466494707,00010,111,3,139,139,1,82,0,1410,911,602,284,524,115,499,396495,0,602,277,39,190,302,0,0,1082,29,121,138,40,42701692,8,0,0,0,0,0,0,0,0.000000,0,0,0,0,0,0,0,0,0,0,0,0,0,5995870,0.000000,0.000000
1732466494707,00002,111,3,139,139,1,82,0,1410,911,602,284,524,115,499,396495,0,602,277,39,190,302,0,0,1082,29,121,138,40,42701692,8,0,0,0,0,0,0,0,0.000000,0,0,0,0,0,0,0,0,0,0,0,0,0,5509860,0.000000,0.000000
1732466494807,00001,111,3,139,139,1,82,0,1386,896,306,604,476,115,490,403384,0,306,604,8,250,218,0,0,1133,0,67,186,0,44592848,8,462,309,0,333,129,153,126989,38.125714,0,0,333,0,58,71,0,0,376,0,23,63,0,4458755,1662.000000,2200.000000
1732466494807,00003,111,3,139,139,1,82,0,1386,896,306,604,476,115,490,403384,0,306,604,8,250,218,0,0,1133,0,67,186,0,44592848,8,468,292,305,0,163,176,137138,39.888036,0,305,0,0,16,147,0,0,388,0,0,80,0,4448811,1496.000000,524.000000
1732466494807,00004,111,3,139,139,1,82,0,1386,896,306,604,476,115,490,403384,0,306,604,8,250,218,0,0,1133,0,67,186,0,44592848,8,456,295,1,271,184,161,139257,38.448393,0,1,271,8,176,0,0,0,369,0,44,43,0,4881942,1592.000000,3353.000000
1732466494807,00005,111,3,139,139,1,82,0,1386,896,306,604,476,115,490,403384,0,306,604,8,250,218,0,0,1133,0,67,186,0,44592848,8,0,0,0,0,0,0,0,0.000000,0,0,0,0,0,0,0,0,0,0,0,0,0,6257870,0.000000,0.000000
1732466494807,00006,111,3,139,139,1,82,0,1386,896,306,604,476,115,490,403384,0,306,604,8,250,218,0,0,1133,0,67,186,0,44592848,8,0,0,0,0,0,0,0,0.000000,0,0,0,0,0,0,0,0,0,0,0,0,0,6257870,0.000000,0.000000
1732466494807,00007,111,3,139,139,1,82,0,1386,896,306,604,476,115,490,403384,0,306,604,8,250,218,0,0,1133,0,67,186,0,44592848,8,0,0,0,0,0,0,0,0.000000,0,0,0,0,0,0,0,0,0,0,0,0,0,6257870,0.000000,0.000000
1732466494807,00010,111,3,139,139,1,82,0,1386,896,306,604,476,115,490,403384,0,306,604,8,250,218,0,0,1133,0,67,186,0,44592848,8,0,0,0,0,0,0,0,0.000000,0,0,0,0,0,0,0,0,0,0,0,0,0,6257870,0.000000,0.000000
1732466494807,00002,111,3,139,139,1,82,0,1386,896,306,604,476,115,490,403384,0,306,604,8,250,218,0,0,1133,0,67,186,0,44592848,8,0,0,0,0,0,0,0,0.000000,0,0,0,0,0,0,0,0,0,0,0,0,0,5771860,0.000000,0.000000
1732466494907,00001,111,3,139,139,1,74,0,1607,1062,589,248,770,103,545,457289,3,586,248,27,423,320,0,0,1084,15,257,251,0,52861512,9,458,312,251,3,204,146,125546,33.831607,0,251,3,0,85,119,0,0,327,0,31,100,0,4653610,1642.000000,2724.000000
1732466494907,00003,111,3,139,139,1,74,0,1607,1062,589,248,770,103,545,457289,3,586,248,27,423,320,0,0,1084,15,257,251,0,52861512,9,471,312,266,0,205,159,145199,35.544286,0,266,0,0,4,201,0,0,320,0,0,151,0,4630905,1540.000000,2724.000000
1732466494907,00004,111,3,139,139,1,74,0,1607,1062,589,248,770,103,545,457289,3,586,248,27,423,320,0,0,1084,15,257,251,0,52861512,9,469,314,0,245,224,155,135102,35.469821,0,0,245,4,220,0,0,0,325,0,144,0,0,5070275,1630.000000,4087.000000
1732466494907,00005,111,3,139,139,1,74,0,1607,1062,589,248,770,103,545,457289,3,586,248,27,423,320,0,0,1084,15,257,251,0,52861512,9,0,0,0,0,0,0,0,0.000000,0,0,0,0,0,0,0,0,0,0,0,0,0,6519870,0.000000,0.000000
1732466494907,00006,111,3,139,139,1,74,0,1607,1062,589,248,770,103,545,457289,3,586,248,27,423,320,0,0,1084,15,257,251,0,52861512,9,0,0,0,0,0,0,0,0.000000,0,0,0,0,0,0,0,0,0,0,0,0,0,6519870,0.000000,0.000000
1732466494907,00007,111,3,139,139,1,74,0,1607,1062,589,248,770,103,545,457289,3,586,248,27,423,320,0,0,1084,15,257,251,0,52861512,9,0,0,0,0,0,0,0,0.000000,0,0,0,0,0,0,0,0,0,0,0,0,0,6519870,0.000000,0.000000
1732466494907,00010,111,3,139,139,1,74,0,1607,1062,589,248,770,103,545,457289,3,586,248,27,423,320,0,0,1084,15,257,251,0,52861512,9,0,0,0,0,0,0,0,0.000000,0,0,0,0,0,0,0,0,0,0,0,0,0,6519870,0.000000,0.000000
1732466494907,00002,111,3,139,139,1,74,0,1607,1062,589,248,770,103,545,457289,3,586,248,27,423,320,0,0,1084,15,257,251,0,52861512,9,0,0,0,0,0,0,0,0.000000,0,0,0,0,0,0,0,0,0,0,0,0,0,6033860,0.000000,0.000000
1732466494907,00012,111,3,139,139,1,74,0,1607,1062,589,248,770,103,545,457289,3,586,248,27,423,320,0,0,1084,15,257,251,0,52861512,9,209,124,72,0,137,85,51442,0.484879,3,69,0,23,114,0,0,0,112,15,82,0,0,6393382,1632.000000,943.000000
1732466495007,00001,111,3,139,139,1,83,0,2045,1188,611,276,1158,116,857,528795,0,611,211,352,279,592,0,0,909,509,179,335,113,54943353,9,499,303,3,167,329,196,180037,28.892143,0,3,167,0,1,328,0,0,2,261,0,236,0,4814739,1772.000000,5344.000000
1732466495007,00003,111,3,139,139,1,83,0,2045,1188,611,276,1158,116,857,528795,0,611,211,352,279,592,0,0,909,509,179,335,113,54943353,9,503,301,202,0,301,202,153874,28.470179,0,202,0,0,37,264,0,0,291,0,0,99,113,4813373,1590.000000,3248.000000
1732466495007,00004,111,3,139,139,1,83,0,2045,1188,611,276,1158,116,857,528795,0,611,211,352,279,592,0,0,909,509,179,335,113,54943353,9,508,290,200,2,306,218,108614,29.140357,0,200,2,69,237,0,0,0,288,42,178,0,0,5277066,1584.000000,943.000000
1732466495007,00005,111,3,139,139,1,83,0,2045,1188,611,276,1158,116,857,528795,0,611,211,352,279,592,0,0,909,509,179,335,113,54943353,9,0,0,0,0,0,0,0,0.000000,0,0,0,0,0,0,0,0,0,0,0,0,0,6781870,0.000000,0.000000
1732466495007,00006,111,3,139,139,1,83,0,2045,1188,611,276,1158,116,857,528795,0,611,211,352,279,592,0,0,909,509,179,335,113,54943353,9,0,0,0,0,0,0,0,0.000000,0,0,0,0,0,0,0,0,0,0,0,0,0,6781870,0.000000,0.000000
1732466495007,00007,111,3,139,139,1,83,0,2045,1188,611,276,1158,116,857,528795,0,611,211,352,279,592,0,0,909,509,179,335,113,54943353,9,0,0,0,0,0,0,0,0.000000,0,0,0,0,0,0,0,0,0,0,0,0,0,6781870,0.000000,0.000000
1732466495007,00010,111,3,139,139,1,83,0,2045,1188,611,276,1158,116,857,528795,0,611,211,352,279,592,0,0,909,509,179,335,113,54943353,9,0,0,0,0,0,0,0,0.000000,0,0,0,0,0,0,0,0,0,0,0,0,0,6781870,0.000000,0.000000
1732466495007,00002,111,3,139,139,1,83,0,2045,1188,611,276,1158,116,857,528795,0,611,211,352,279,592,0,0,909,509,179,335,113,54943353,9,0,0,0,0,0,0,0,0.000000,0,0,0,0,0,0,0,0,0,0,0,0,0,6295860,0.000000,0.000000
1732466495007,00012,111,3,139,139,1,83,0,2045,1188,611,276,1158,116,857,528795,0,611,211,352,279,592,0,0,909,509,179,335,113,54943353,9,535,294,206,107,222,241,86270,31.275000,0,206,42,283,4,0,0,0,328,206,1,0,0,6614835,1154.000000,1048.000000
1732466495107,00001,111,3,139,139,1,70,0,1497,901,407,207,883,98,596,478798,0,407,189,123,244,534,0,0,614,345,216,257,65,50173609,8,497,302,0,189,308,195,192972,33.086964,0,0,189,0,61,247,0,0,0,293,53,151,0,4972580,1875.000000,5554.000000
1732466495107,00003,111,3,139,139,1,70,0,1497,901,407,207,883,98,596,478798,0,407,189,123,244,534,0,0,614,345,216,257,65,50173609,8,513,297,226,0,287,216,171773,33.633036,0,226,0,0,0,287,0,0,342,0,0,106,65,4990090,1632.000000,1991.000000
1732466495107,00004,111,3,139,139,1,70,0,1497,901,407,207,883,98,596,478798,0,407,189,123,244,534,0,0,614,345,216,257,65,50173609,8,487,302,181,18,288,185,114053,32.292679,0,181,0,123,183,0,0,0,272,52,163,0,0,5477599,1571.000000,2620.000000
1732466495107,00005,111,3,139,139,1,70,0,1497,901,407,207,883,98,596,478798,0,407,189,123,244,534,0,0,614,345,216,257,65,50173609,8,0,0,0,0,0,0,0,0.000000,0,0,0,0,0,0,0,0,0,0,0,0,0,7043870,0.000000,0.000000
1732466495107,00006,111,3,139,139,1,70,0,1497,901,407,207,883,98,596,478798,0,407,189,123,244,534,0,0,614,345,216,257,65,50173609,8,0,0,0,0,0,0,0,0.000000,0,0,0,0,0,0,0,0,0,0,0,0,0,7043870,0.000000,0.000000
1732466495107,00007,111,3,139,139,1,70,0,1497,901,407,207,883,98,596,478798,0,407,189,123,244,534,0,0,614,345,216,257,65,50173609,8,0,0,0,0,0,0,0,0.000000,0,0,0,0,0,0,0,0,0,0,0,0,0,7043870,0.000000,0.000000
1732466495107,00010,111,3,139,139,1,70,0,1497,901,407,207,883,98,596,478798,0,407,189,123,244,534,0,0,614,345,216,257,65,50173609,8,0,0,0,0,0,0,0,0.000000,0,0,0,0,0,0,0,0,0,0,0,0,0,7043870,0.000000,0.000000
1732466495107,00002,111,3,139,139,1,70,0,1497,901,407,207,883,98,596,478798,0,407,189,123,244,534,0,0,614,345,216,257,65,50173609,8,0,0,0,0,0,0,0,0.000000,0,0,0,0,0,0,0,0,0,0,0,0,0,6557860,0.000000,0.000000
1732466495207,00001,111,3,139,139,1,82,0,1455,870,497,317,641,115,585,467786,0,497,259,80,201,418,0,0,1008,57,123,246,21,52031120,8,490,296,0,259,231,194,175160,38.969643,0,0,259,0,61,170,0,0,336,0,40,114,0,5141351,1921.000000,5763.000000
1732466495207,00003,111,3,139,139,1,82,0,1455,870,497,317,641,115,585,467786,0,497,259,80,201,418,0,0,1008,57,123,246,21,52031120,8,486,282,238,0,248,204,188891,39.093750,0,238,0,0,0,248,0,0,333,0,0,132,21,5158877,1688.000000,2829.000000
1732466495207,00004,111,3,139,139,1,82,0,1455,870,497,317,641,115,585,467786,0,497,259,80,201,418,0,0,1008,57,123,246,21,52031120,8,479,292,259,58,162,187,103735,38.994464,0,259,0,80,140,0,0,0,339,57,83,0,0,5687552,1525.000000,628.000000
1732466495207,00005,111,3,139,139,1,82,0,1455,870,497,317,641,115,585,467786,0,497,259,80,201,418,0,0,1008,57,123,246,21,52031120,8,0,0,0,0,0,0,0,0.000000,0,0,0,0,0,0,0,0,0,0,0,0,0,7305870,0.000000,0.000000
1732466495207,00006,111,3,139,139,1,82,0,1455,870,497,317,641,115,585,467786,0,497,259,80,201,418,0,0,1008,57,123,246,21,52031120,8,0,0,0,0,0,0,0,0.000000,0,0,0,0,0,0,0,0,0,0,0,0,0,7305870,0.000000,0.000000
1732466495207,00007,111,3,139,139,1,82,0,1455,870,497,317,641,115,585,467786,0,497,259,80,201,418,0,0,1008,57,123,246,21,52031120,8,0,0,0,0,0,0,0,0.000000,0,0,0,0,0,0,0,0,0,0,0,0,0,7305870,0.000000,0.000000
1732466495207,00010,111,3,139,139,1,82,0,1455,870,497,317,641,115,585,467786,0,497,259,80,201,418,0,0,1008,57,123,246,21,52031120,8,0,0,0,0,0,0,0,0.000000,0,0,0,0,0,0,0,0,0,0,0,0,0,7305870,0.000000,0.000000
1732466495207,00002,111,3,139,139,1,82,0,1455,870,497,317,641,115,585,467786,0,497,259,80,201,418,0,0,1008,57,123,246,21,52031120,8,0,0,0,0,0,0,0,0.000000,0,0,0,0,0,0,0,0,0,0,0,0,0,6819860,0.000000,0.000000
1732466495307,00001,111,3,139,139,1,82,0,1490,832,720,4,766,115,658,448130,271,449,1,99,429,241,0,385,625,35,293,152,0,53915877,8,480,282,209,1,270,198,161859,37.256964,0,209,1,0,202,68,0,0,311,0,112,57,0,5324779,662.000000,0.000000
1732466495307,00003,111,3,139,139,1,82,0,1490,832,720,4,766,115,658,448130,271,449,1,99,429,241,0,385,625,35,293,152,0,53915877,8,523,265,275,0,248,258,162919,41.029821,271,4,0,0,75,173,0,385,2,0,41,95,0,5351831,241.000000,0.000000
1732466495307,00004,111,3,139,139,1,82,0,1490,832,720,4,766,115,658,448130,271,449,1,99,429,241,0,385,625,35,293,152,0,53915877,8,487,285,236,3,248,202,123352,37.827857,0,236,0,99,152,0,0,0,312,35,140,0,0,5885927,1453.000000,0.000000
1732466495307,00005,111,3,139,139,1,82,0,1490,832,720,4,766,115,658,448130,271,449,1,99,429,241,0,385,625,35,293,152,0,53915877,8,0,0,0,0,0,0,0,0.000000,0,0,0,0,0,0,0,0,0,0,0,0,0,7567870,0.000000,0.000000
1732466495307,00006,111,3,139,139,1,82,0,1490,832,720,4,766,115,658,448130,271,449,1,99,429,241,0,385,625,35,293,152,0,53915877,8,0,0,0,0,0,0,0,0.000000,0,0,0,0,0,0,0,0,0,0,0,0,0,7567870,0.000000,0.000000
1732466495307,00007,111,3,139,139,1,82,0,1490,832,720,4,766,115,658,448130,271,449,1,99,429,241,0,385,625,35,293,152,0,53915877,8,0,0,0,0,0,0,0,0.000000,0,0,0,0,0,0,0,0,0,0,0,0,0,7567870,0.000000,0.000000
1732466495307,00010,111,3,139,139,1,82,0,1490,832,720,4,766,115,658,448130,271,449,1,99,429,241,0,385,625,35,293,152,0,53915877,8,0,0,0,0,0,0,0,0.000000,0,0,0,0,0,0,0,0,0,0,0,0,0,7567870,0.000000,0.000000
1732466495307,00002,111,3,139,139,1,82,0,1490,832,720,4,766,115,658,448130,271,449,1,99,429,241,0,385,625,35,293,152,0,53915877,8,0,0,0,0,0,0,0,0.000000,0,0,0,0,0,0,0,0,0,0,0,0,0,7081860,0.000000,0.000000
1732466495407,00001,111,3,139,139,1,83,0,1460,913,294,488,678,116,547,529120,8,286,436,84,236,410,0,2,695,333,185,209,36,55718685,8,472,314,5,204,263,158,205308,37.678929,0,5,204,0,90,173,0,0,3,297,70,102,0,5466061,3008.000000,8384.000000
1732466495407,00003,111,3,139,139,1,83,0,1460,913,294,488,678,116,547,529120,8,286,436,84,236,410,0,2,695,333,185,209,36,55718685,8,478,294,8,232,238,184,208186,39.019286,8,0,232,0,1,237,0,2,332,0,1,107,36,5505930,2787.000000,5030.000000
1732466495407,00004,111,3,139,139,1,83,0,1460,913,294,488,678,116,547,529120,8,286,436,84,236,410,0,2,695,333,185,209,36,55718685,8,510,305,281,52,177,205,115626,40.905714,0,281,0,84,145,0,0,0,360,36,114,0,0,6083354,1458.000000,1676.000000
1732466495407,00005,111,3,139,139,1,83,0,1460,913,294,488,678,116,547,529120,8,286,436,84,236,410,0,2,695,333,185,209,36,55718685,8,0,0,0,0,0,0,0,0.000000,0,0,0,0,0,0,0,0,0,0,0,0,0,7829870,0.000000,0.000000
1732466495407,00006,111,3,139,139,1,83,0,1460,913,294,488,678,116,547,529120,8,286,436,84,236,410,0,2,695,333,185,209,36,55718685,8,0,0,0,0,0,0,0,0.000000,0,0,0,0,0,0,0,0,0,0,0,0,0,7829870,0.000000,0.000000
1732466495407,00007,111,3,139,139,1,83,0,1460,913,294,488,678,116,547,529120,8,286,436,84,236,410,0,2,695,333,185,209,36,55718685,8,0,0,0,0,0,0,0,0.000000,0,0,0,0,0,0,0,0,0,0,0,0,0,7829870,0.000000,0.000000
1732466495407,00010,111,3,139,139,1,83,0,1460,913,294,488,678,116,547,529120,8,286,436,84,236,410,0,2,695,333,185,209,36,55718685,8,0,0,0,0,0,0,0,0.000000,0,0,0,0,0,0,0,0,0,0,0,0,0,7829870,0.000000,0.000000
1732466495407,00002,111,3,139,139,1,83,0,1460,913,294,488,678,116,547,529120,8,286,436,84,236,410,0,2,695,333,185,209,36,55718685,8,0,0,0,0,0,0,0,0.000000,0,0,0,0,0,0,0,0,0,0,0,0,0,7343860,0.000000,0.000000
1732466495507,00001,111,3,139,139,1,74,0,1716,980,320,450,946,104,736,478850,3,317,448,83,712,153,0,0,1092,55,326,243,0,65309739,9,517,291,0,224,293,226,173366,35.445000,0,0,224,0,143,150,0,0,344,4,86,83,0,5643183,2488.000000,3039.000000
1732466495507,00003,111,3,139,139,1,74,0,1716,980,320,450,946,104,736,478850,3,317,448,83,712,153,0,0,1092,55,326,243,0,65309739,9,517,277,236,13,268,240,135001,36.437857,0,236,13,0,265,3,0,0,343,0,14,160,0,5705699,2093.000000,1886.000000
1732466495507,00004,111,3,139,139,1,74,0,1716,980,320,450,946,104,736,478850,3,317,448,83,712,153,0,0,1092,55,326,243,0,65309739,9,485,293,12,198,275,192,131087,33.484107,0,12,198,71,204,0,0,0,291,24,170,0,0,6277508,1576.000000,3458.000000
1732466495507,00005,111,3,139,139,1,74,0,1716,980,320,450,946,104,736,478850,3,317,448,83,712,153,0,0,1092,55,326,243,0,65309739,9,0,0,0,0,0,0,0,0.000000,0,0,0,0,0,0,0,0,0,0,0,0,0,8091870,0.000000,0.000000
1732466495507,00006,111,3,139,139,1,74,0,1716,980,320,450,946,104,736,478850,3,317,448,83,712,153,0,0,1092,55,326,243,0,65309739,9,0,0,0,0,0,0,0,0.000000,0,0,0,0,0,0,0,0,0,0,0,0,0,8091870,0.000000,0.000000
1732466495507,00007,111,3,139,139,1,74,0,1716,980,320,450,946,104,736,478850,3,317,448,83,712,153,0,0,1092,55,326,243,0,65309739,9,0,0,0,0,0,0,0,0.000000,0,0,0,0,0,0,0,0,0,0,0,0,0,8091870,0.000000,0.000000
1732466495507,00010,111,3,139,139,1,74,0,1716,980,320,450,946,104,736,478850,3,317,448,83,712,153,0,0,1092,55,326,243,0,65309739,9,0,0,0,0,0,0,0,0.000000,0,0,0,0,0,0,0,0,0,0,0,0,0,8091870,0.000000,0.000000
1732466495507,00002,111,3,139,139,1,74,0,1716,980,320,450,946,104,736,478850,3,317,448,83,712,153,0,0,1092,55,326,243,0,65309739,9,0,0,0,0,0,0,0,0.000000,0,0,0,0,0,0,0,0,0,0,0,0,0,7605860,0.000000,0.000000
1732466495507,00012,111,3,139,139,1,74,0,1716,980,320,450,946,104,736,478850,3,317,448,83,712,153,0,0,1092,55,326,243,0,65309739,9,197,119,72,15,110,78,39396,0.369161,3,69,13,12,100,0,0,0,114,27,56,0,0,7710009,931.000000,733.000000
1732466495607,00001,111,3,139,139,1,83,0,1922,1335,538,321,1063,116,587,563680,0,538,155,254,335,640,0,0,748,419,238,517,0,67278101,9,469,341,0,151,318,128,175892,28.892143,0,0,151,0,30,288,0,0,3,203,17,246,0,5774111,2719.000000,8803.000000
1732466495607,00003,111,3,139,139,1,83,0,1922,1335,538,321,1063,116,587,563680,0,538,155,254,335,640,0,0,748,419,238,517,0,67278101,9,492,335,137,0,355,157,198063,29.885000,0,137,0,0,3,352,0,0,221,0,0,271,0,5828631,2580.000000,7860.000000
1732466495607,00004,111,3,139,139,1,83,0,1922,1335,538,321,1063,116,587,563680,0,538,155,254,335,640,0,0,748,419,238,517,0,67278101,9,489,330,277,4,208,159,88726,30.108393,0,277,4,47,161,0,0,0,346,25,118,0,0,6488805,1461.000000,1781.000000
1732466495607,00005,111,3,139,139,1,83,0,1922,1335,538,321,1063,116,587,563680,0,538,155,254,335,640,0,0,748,419,238,517,0,67278101,9,0,0,0,0,0,0,0,0.000000,0,0,0,0,0,0,0,0,0,0,0,0,0,8353870,0.000000,0.000000
1732466495607,00006,111,3,139,139,1,83,0,1922,1335,538,321,1063,116,587,563680,0,538,155,254,335,640,0,0,748,419,238,517,0,67278101,9,0,0,0,0,0,0,0,0.000000,0,0,0,0,0,0,0,0,0,0,0,0,0,8353870,0.000000,0.000000
1732466495607,00007,111,3,139,139,1,83,0,1922,1335,538,321,1063,116,587,563680,0,538,155,254,335,640,0,0,748,419,238,517,0,67278101,9,0,0,0,0,0,0,0,0.000000,0,0,0,0,0,0,0,0,0,0,0,0,0,8353870,0.000000,0.000000
1732466495607,00010,111,3,139,139,1,83,0,1922,1335,538,321,1063,116,587,563680,0,538,155,254,335,640,0,0,748,419,238,517,0,67278101,9,0,0,0,0,0,0,0,0.000000,0,0,0,0,0,0,0,0,0,0,0,0,0,8353870,0.000000,0.000000
1732466495607,00002,111,3,139,139,1,83,0,1922,1335,538,321,1063,116,587,563680,0,538,155,254,335,640,0,0,748,419,238,517,0,67278101,9,0,0,0,0,0,0,0,0.000000,0,0,0,0,0,0,0,0,0,0,0,0,0,7867860,0.000000,0.000000
1732466495607,00012,111,3,139,139,1,83,0,1922,1335,538,321,1063,116,587,563680,0,538,155,254,335,640,0,0,748,419,238,517,0,67278101,9,472,329,124,166,182,143,100999,29.438214,0,124,0,207,141,0,0,0,178,191,103,0,0,7903214,1224.000000,4192.000000
1732466495707,00001,111,3,139,139,1,83,0,2060,1171,614,242,1204,116,889,553201,0,614,208,296,200,742,0,0,915,352,285,386,122,69356195,9,534,280,231,2,301,254,147278,30.431071,0,231,2,0,83,218,0,0,329,2,48,155,0,5969233,2458.000000,2620.000000
1732466495707,00003,111,3,139,139,1,83,0,2060,1171,614,242,1204,116,889,553201,0,614,208,296,200,742,0,0,915,352,285,386,122,69356195,9,516,297,197,0,319,219,163793,29.314107,0,197,0,0,0,319,0,0,284,0,0,110,122,6002539,2439.000000,2620.000000
1732466495707,00004,111,3,139,139,1,83,0,2060,1171,614,242,1204,116,889,553201,0,614,208,296,200,742,0,0,915,352,285,386,122,69356195,9,500,311,5,175,320,189,157971,28.370893,0,5,175,2,113,205,0,0,3,269,107,121,0,6665382,1615.000000,5344.000000
1732466495707,00005,111,3,139,139,1,83,0,2060,1171,614,242,1204,116,889,553201,0,614,208,296,200,742,0,0,915,352,285,386,122,69356195,9,0,0,0,0,0,0,0,0.000000,0,0,0,0,0,0,0,0,0,0,0,0,0,8615870,0.000000,0.000000
1732466495707,00006,111,3,139,139,1,83,0,2060,1171,614,242,1204,116,889,553201,0,614,208,296,200,742,0,0,915,352,285,386,122,69356195,9,0,0,0,0,0,0,0,0.000000,0,0,0,0,0,0,0,0,0,0,0,0,0,8615870,0.000000,0.000000
1732466495707,00007,111,3,139,139,1,83,0,2060,1171,614,242,1204,116,889,553201,0,614,208,296,200,742,0,0,915,352,285,386,122,69356195,9,0,0,0,0,0,0,0,0.000000,0,0,0,0,0,0,0,0,0,0,0,0,0,8615870,0.000000,0.000000
1732466495707,00010,111,3,139,139,1,83,0,2060,1171,614,242,1204,116,889,553201,0,614,208,296,200,742,0,0,915,352,285,386,122,69356195,9,0,0,0,0,0,0,0,0.000000,0,0,0,0,0,0,0,0,0,0,0,0,0,8615870,0.000000,0.000000
1732466495707,00002,111,3,139,139,1,83,0,2060,1171,614,242,1204,116,889,553201,0,614,208,296,200,742,0,0,915,352,285,386,122,69356195,9,0,0,0,0,0,0,0,0.000000,0,0,0,0,0,0,0,0,0,0,0,0,0,8129860,0.000000,0.000000
1732466495707,00012,111,3,139,139,1,83,0,2060,1171,614,242,1204,116,889,553201,0,614,208,296,200,742,0,0,915,352,285,386,122,69356195,9,510,283,181,65,264,227,84159,29.686429,0,181,31,294,4,0,0,0,299,81,130,0,0,8125701,1169.000000,838.000000
1732466495807,00001,111,3,139,139,1,82,0,2065,1182,583,368,1114,115,883,504569,0,583,257,328,322,575,0,332,846,147,350,252,138,71451649,9,523,295,6,197,320,228,153285,29.909821,0,6,197,0,88,232,0,4,304,0,58,157,0,6153362,2331.000000,3353.000000
1732466495807,00003,111,3,139,139,1,82,0,2065,1182,583,368,1114,115,883,504569,0,583,257,328,322,575,0,332,846,147,350,252,138,71451649,9,495,297,156,0,339,198,176880,28.445357,0,156,0,0,0,339,0,0,263,0,0,94,138,6166499,2469.000000,3982.000000
1732466495807,00004,111,3,139,139,1,82,0,2065,1182,583,368,1114,115,883,504569,0,583,257,328,322,575,0,332,846,147,350,252,138,71451649,9,538,296,230,57,251,242,92395,29.835357,0,230,1,69,234,4,0,328,0,52,157,1,0,6881741,1516.000000,314.000000
1732466495807,00005,111,3,139,139,1,82,0,2065,1182,583,368,1114,115,883,504569,0,583,257,328,322,575,0,332,846,147,350,252,138,71451649,9,0,0,0,0,0,0,0,0.000000,0,0,0,0,0,0,0,0,0,0,0,0,0,8877870,0.000000,0.000000
1732466495807,00006,111,3,139,139,1,82,0,2065,1182,583,368,1114,115,883,504569,0,583,257,328,322,575,0,332,846,147,350,252,138,71451649,9,0,0,0,0,0,0,0,0.000000,0,0,0,0,0,0,0,0,0,0,0,0,0,8877870,0.000000,0.000000
1732466495807,00007,111,3,139,139,1,82,0,2065,1182,583,368,1114,115,883,504569,0,583,257,328,322,575,0,332,846,147,350,252,138,71451649,9,0,0,0,0,0,0,0,0.000000,0,0,0,0,0,0,0,0,0,0,0,0,0,8877870,0.000000,0.000000
1732466495807,00010,111,3,139,139,1,82,0,2065,1182,583,368,1114,115,883,504569,0,583,257,328,322,575,0,332,846,147,350,252,138,71451649,9,0,0,0,0,0,0,0,0.000000,0,0,0,0,0,0,0,0,0,0,0,0,0,8877870,0.000000,0.000000
1732466495807,00002,111,3,139,139,1,82,0,2065,1182,583,368,1114,115,883,504569,0,583,257,328,322,575,0,332,846,147,350,252,138,71451649,9,0,0,0,0,0,0,0,0.000000,0,0,0,0,0,0,0,0,0,0,0,0,0,8391860,0.000000,0.000000
1732466495807,00012,111,3,139,139,1,82,0,2065,1182,583,368,1114,115,883,504569,0,583,257,328,322,575,0,332,846,147,350,252,138,71451649,9,509,294,191,114,204,215,82009,29.835357,0,191,59,259,0,0,0,0,279,95,135,0,0,8346707,1139.000000,943.000000
1732466495907,00001,111,3,139,139,1,83,0,2004,1110,600,302,1102,116,894,506010,229,371,214,320,389,481,0,560,580,264,276,324,0,73561044,9,497,288,0,182,315,209,168761,28.619107,0,0,182,0,45,270,0,0,293,0,46,158,0,6331724,2298.000000,4925.000000
1732466495907,00003,111,3,139,139,1,83,0,2004,1110,600,302,1102,116,894,506010,229,371,214,320,389,481,0,560,580,264,276,324,0,73561044,9,512,273,232,0,280,239,124338,29.338929,229,3,0,0,69,211,0,295,1,0,50,166,0,6365788,2341.000000,838.000000
1732466495907,00004,111,3,139,139,1,83,0,2004,1110,600,302,1102,116,894,506010,229,371,214,320,389,481,0,560,580,264,276,324,0,73561044,9,500,282,186,1,313,218,128709,29.785714,0,186,0,39,275,0,0,1,278,41,180,0,0,7080105,1526.000000,3039.000000
1732466495907,00005,111,3,139,139,1,83,0,2004,1110,600,302,1102,116,894,506010,229,371,214,320,389,481,0,560,580,264,276,324,0,73561044,9,0,0,0,0,0,0,0,0.000000,0,0,0,0,0,0,0,0,0,0,0,0,0,9139870,0.000000,0.000000
1732466495907,00006,111,3,139,139,1,83,0,2004,1110,600,302,1102,116,894,506010,229,371,214,320,389,481,0,560,580,264,276,324,0,73561044,9,0,0,0,0,0,0,0,0.000000,0,0,0,0,0,0,0,0,0,0,0,0,0,9139870,0.000000,0.000000
1732466495907,00007,111,3,139,139,1,83,0,2004,1110,600,302,1102,116,894,506010,229,371,214,320,389,481,0,560,580,264,276,324,0,73561044,9,0,0,0,0,0,0,0,0.000000,0,0,0,0,0,0,0,0,0,0,0,0,0,9139870,0.000000,0.000000
1732466495907,00010,111,3,139,139,1,83,0,2004,1110,600,302,1102,116,894,506010,229,371,214,320,389,481,0,560,580,264,276,324,0,73561044,9,0,0,0,0,0,0,0,0.000000,0,0,0,0,0,0,0,0,0,0,0,0,0,9139870,0.000000,0.000000
1732466495907,00002,111,3,139,139,1,83,0,2004,1110,600,302,1102,116,894,506010,229,371,214,320,389,481,0,560,580,264,276,324,0,73561044,9,0,0,0,0,0,0,0,0.000000,0,0,0,0,0,0,0,0,0,0,0,0,0,8653860,0.000000,0.000000
1732466495907,00012,111,3,139,139,1,83,0,2004,1110,600,302,1102,116,894,506010,229,371,214,320,389,481,0,560,580,264,276,324,0,73561044,9,495,267,182,119,194,228,84202,30.207679,0,182,32,281,0,0,0,264,8,223,0,0,0,8570087,1119.000000,838.000000
1732466496007,00001,111,3,139,139,1,70,0,1459,871,666,5,788,98,588,420675,3,663,4,36,341,412,0,3,937,25,233,146,115,66871601,8,488,285,244,4,240,203,131907,33.186250,0,244,4,0,113,127,0,0,327,0,98,63,0,6530582,2184.000000,2724.000000
1732466496007,00003,111,3,139,139,1,70,0,1459,871,666,5,788,98,588,420675,3,663,4,36,341,412,0,3,937,25,233,146,115,66871601,8,474,307,186,0,288,167,169360,31.076429,3,183,0,0,3,285,0,3,273,0,0,83,115,6531056,2340.000000,4192.000000
1732466496007,00004,111,3,139,139,1,70,0,1459,871,666,5,788,98,588,420675,3,663,4,36,341,412,0,3,937,25,233,146,115,66871601,8,497,279,236,1,260,218,119408,34.278393,0,236,0,36,225,0,0,0,337,25,135,0,0,7286623,1488.000000,1676.000000
1732466496007,00005,111,3,139,139,1,70,0,1459,871,666,5,788,98,588,420675,3,663,4,36,341,412,0,3,937,25,233,146,115,66871601,8,0,0,0,0,0,0,0,0.000000,0,0,0,0,0,0,0,0,0,0,0,0,0,9401870,0.000000,0.000000
1732466496007,00006,111,3,139,139,1,70,0,1459,871,666,5,788,98,588,420675,3,663,4,36,341,412,0,3,937,25,233,146,115,66871601,8,0,0,0,0,0,0,0,0.000000,0,0,0,0,0,0,0,0,0,0,0,0,0,9401870,0.000000,0.000000
1732466496007,00007,111,3,139,139,1,70,0,1459,871,666,5,788,98,588,420675,3,663,4,36,341,412,0,3,937,25,233,146,115,66871601,8,0,0,0,0,0,0,0,0.000000,0,0,0,0,0,0,0,0,0,0,0,0,0,9401870,0.000000,0.000000
1732466496007,00010,111,3,139,139,1,70,0,1459,871,666,5,788,98,588,420675,3,663,4,36,341,412,0,3,937,25,233,146,115,66871601,8,0,0,0,0,0,0,0,0.000000,0,0,0,0,0,0,0,0,0,0,0,0,0,9401870,0.000000,0.000000
1732466496007,00002,111,3,139,139,1,70,0,1459,871,666,5,788,98,588,420675,3,663,4,36,341,412,0,3,937,25,233,146,115,66871601,8,0,0,0,0,0,0,0,0.000000,0,0,0,0,0,0,0,0,0,0,0,0,0,8915860,0.000000,0.000000
1732466496107,00001,111,3,139,139,1,82,0,1373,905,963,31,379,114,468,313456,0,963,0,60,161,189,0,392,738,20,99,91,33,68807457,8,440,303,268,0,172,137,133641,37.579643,0,268,0,0,92,80,0,0,354,0,39,47,0,6729077,2104.000000,3982.000000
1732466496107,00003,111,3,139,139,1,82,0,1373,905,963,31,379,114,468,313456,0,963,0,60,161,189,0,392,738,20,99,91,33,68807457,8,475,293,365,0,110,182,103803,39.962500,0,365,0,0,1,109,0,392,6,0,0,44,33,6735269,2178.000000,419.000000
1732466496107,00004,111,3,139,139,1,82,0,1373,905,963,31,379,114,468,313456,0,963,0,60,161,189,0,392,738,20,99,91,33,68807457,8,458,309,330,31,97,149,76012,38.646964,0,330,0,60,68,0,0,0,378,20,60,0,0,7509771,1419.000000,838.000000
1732466496107,00005,111,3,139,139,1,82,0,1373,905,963,31,379,114,468,313456,0,963,0,60,161,189,0,392,738,20,99,91,33,68807457,8,0,0,0,0,0,0,0,0.000000,0,0,0,0,0,0,0,0,0,0,0,0,0,9663870,0.000000,0.000000
1732466496107,00006,111,3,139,139,1,82,0,1373,905,963,31,379,114,468,313456,0,963,0,60,161,189,0,392,738,20,99,91,33,68807457,8,0,0,0,0,0,0,0,0.000000,0,0,0,0,0,0,0,0,0,0,0,0,0,9663870,0.000000,0.000000
1732466496107,00007,111,3,139,139,1,82,0,1373,905,963,31,379,114,468,313456,0,963,0,60,161,189,0,392,738,20,99,91,33,68807457,8,0,0,0,0,0,0,0,0.000000,0,0,0,0,0,0,0,0,0,0,0,0,0,9663870,0.000000,0.000000
1732466496107,00010,111,3,139,139,1,82,0,1373,905,963,31,379,114,468,313456,0,963,0,60,161,189,0,392,738,20,99,91,33,68807457,8,0,0,0,0,0,0,0,0.000000,0,0,0,0,0,0,0,0,0,0,0,0,0,9663870,0.000000,0.000000
1732466496107,00002,111,3,139,139,1,82,0,1373,905,963,31,379,114,468,313456,0,963,0,60,161,189,0,392,738,20,99,91,33,68807457,8,0,0,0,0,0,0,0,0.000000,0,0,0,0,0,0,0,0,0,0,0,0,0,9177860,0.000000,0.000000
1732466496207,00001,111,3,139,139,1,82,0,1389,895,603,349,437,114,494,373802,301,302,303,54,159,270,0,388,721,36,77,119,48,70714112,8,455,301,8,296,151,154,148086,38.622143,0,8,296,0,53,98,0,0,366,0,21,68,0,6912729,2064.000000,1781.000000
1732466496207,00003,111,3,139,139,1,82,0,1389,895,603,349,437,114,494,373802,301,302,303,54,159,270,0,388,721,36,77,119,48,70714112,8,455,299,283,0,172,156,149856,37.778214,0,283,0,0,0,172,0,4,352,0,0,51,48,6922021,2105.000000,943.000000
1732466496207,00004,111,3,139,139,1,82,0,1389,895,603,349,437,114,494,373802,301,302,303,54,159,270,0,388,721,36,77,119,48,70714112,8,479,295,312,53,114,184,75860,39.838393,301,11,7,54,106,0,0,384,3,36,56,0,0,7736022,1349.000000,104.000000
1732466496207,00005,111,3,139,139,1,82,0,1389,895,603,349,437,114,494,373802,301,302,303,54,159,270,0,388,721,36,77,119,48,70714112,8,0,0,0,0,0,0,0,0.000000,0,0,0,0,0,0,0,0,0,0,0,0,0,9925870,0.000000,0.000000
1732466496207,00006,111,3,139,139,1,82,0,1389,895,603,349,437,114,494,373802,301,302,303,54,159,270,0,388,721,36,77,119,48,70714112,8,0,0,0,0,0,0,0,0.000000,0,0,0,0,0,0,0,0,0,0,0,0,0,9925870,0.000000,0.000000
1732466496207,00007,111,3,139,139,1,82,0,1389,895,603,349,437,114,494,373802,301,302,303,54,159,270,0,388,721,36,77,119,48,70714112,8,0,0,0,0,0,0,0,0.000000,0,0,0,0,0,0,0,0,0,0,0,0,0,9925870,0.000000,0.000000
1732466496207,00010,111,3,139,139,1,82,0,1389,895,603,349,437,114,494,373802,301,302,303,54,159,270,0,388,721,36,77,119,48,70714112,8,0,0,0,0,0,0,0,0.000000,0,0,0,0,0,0,0,0,0,0,0,0,0,9925870,0.000000,0.000000
1732466496207,00002,111,3,139,139,1,82,0,1389,895,603,349,437,114,494,373802,301,302,303,54,159,270,0,388,721,36,77,119,48,70714112,8,0,0,0,0,0,0,0,0.000000,0,0,0,0,0,0,0,0,0,0,0,0,0,9439860,0.000000,0.000000
1732466496307,00001,111,3,139,139,1,83,0,1345,946,625,297,423,116,399,392329,4,621,295,39,144,242,0,3,755,383,85,119,0,72598643,8,441,322,0,295,146,119,159091,38.125714,0,0,295,0,35,111,0,0,4,361,25,51,0,7084554,3554.000000,0.000000
1732466496307,00003,111,3,139,139,1,83,0,1345,946,625,297,423,116,399,392329,4,621,295,39,144,242,0,3,755,383,85,119,0,72598643,8,450,312,307,0,143,138,138194,39.391607,0,307,0,0,12,131,0,0,379,0,3,68,0,7116770,1497.000000,0.000000
1732466496307,00004,111,3,139,139,1,83,0,1345,946,625,297,423,116,399,392329,4,621,295,39,144,242,0,3,755,383,85,119,0,72598643,8,454,312,318,2,134,142,95044,39.341964,4,314,0,39,97,0,0,3,372,22,57,0,0,7943979,1169.000000,0.000000
1732466496307,00005,111,3,139,139,1,83,0,1345,946,625,297,423,116,399,392329,4,621,295,39,144,242,0,3,755,383,85,119,0,72598643,8,0,0,0,0,0,0,0,0.000000,0,0,0,0,0,0,0,0,0,0,0,0,0,10187870,0.000000,0.000000
1732466496307,00006,111,3,139,139,1,83,0,1345,946,625,297,423,116,399,392329,4,621,295,39,144,242,0,3,755,383,85,119,0,72598643,8,0,0,0,0,0,0,0,0.000000,0,0,0,0,0,0,0,0,0,0,0,0,0,10187870,0.000000,0.000000
1732466496307,00007,111,3,139,139,1,83,0,1345,946,625,297,423,116,399,392329,4,621,295,39,144,242,0,3,755,383,85,119,0,72598643,8,0,0,0,0,0,0,0,0.000000,0,0,0,0,0,0,0,0,0,0,0,0,0,10187870,0.000000,0.000000
1732466496307,00010,111,3,139,139,1,83,0,1345,946,625,297,423,116,399,392329,4,621,295,39,144,242,0,3,755,383,85,119,0,72598643,8,0,0,0,0,0,0,0,0.000000,0,0,0,0,0,0,0,0,0,0,0,0,0,10187870,0.000000,0.000000
1732466496307,00002,111,3,139,139,1,83,0,1345,946,625,297,423,116,399,392329,4,621,295,39,144,242,0,3,755,383,85,119,0,72598643,8,0,0,0,0,0,0,0,0.000000,0,0,0,0,0,0,0,0,0,0,0,0,0,9701860,0.000000,0.000000
1732466496407,00001,111,3,139,139,1,83,0,1380,900,551,322,507,116,480,406654,0,551,320,55,194,260,0,0,1123,27,105,90,35,74499552,8,467,315,0,320,147,152,142888,39.068929,0,0,320,0,65,82,0,0,379,4,37,47,0,7269681,1904.000000,4401.000000
1732466496407,00003,111,3,139,139,1,83,0,1380,900,551,322,507,116,480,406654,0,551,320,55,194,260,0,0,1123,27,105,90,35,74499552,8,473,295,295,0,178,178,150193,39.391607,0,295,0,0,0,178,0,0,395,0,0,43,35,7316770,1033.000000,628.000000
1732466496407,00004,111,3,139,139,1,83,0,1380,900,551,322,507,116,480,406654,0,551,320,55,194,260,0,0,1123,27,105,90,35,74499552,8,440,290,256,2,182,150,113573,38.175357,0,256,0,55,129,0,0,0,349,23,68,0,0,8149761,1382.000000,2305.000000
1732466496407,00005,111,3,139,139,1,83,0,1380,900,551,322,507,116,480,406654,0,551,320,55,194,260,0,0,1123,27,105,90,35,74499552,8,0,0,0,0,0,0,0,0.000000,0,0,0,0,0,0,0,0,0,0,0,0,0,10449870,0.000000,0.000000
1732466496407,00006,111,3,139,139,1,83,0,1380,900,551,322,507,116,480,406654,0,551,320,55,194,260,0,0,1123,27,105,90,35,74499552,8,0,0,0,0,0,0,0,0.000000,0,0,0,0,0,0,0,0,0,0,0,0,0,10449870,0.000000,0.000000
1732466496407,00007,111,3,139,139,1,83,0,1380,900,551,322,507,116,480,406654,0,551,320,55,194,260,0,0,1123,27,105,90,35,74499552,8,0,0,0,0,0,0,0,0.000000,0,0,0,0,0,0,0,0,0,0,0,0,0,10449870,0.000000,0.000000
1732466496407,00010,111,3,139,139,1,83,0,1380,900,551,322,507,116,480,406654,0,551,320,55,194,260,0,0,1123,27,105,90,35,74499552,8,0,0,0,0,0,0,0,0.000000,0,0,0,0,0,0,0,0,0,0,0,0,0,10449870,0.000000,0.000000
1732466496407,00002,111,3,139,139,1,83,0,1380,900,551,322,507,116,480,406654,0,551,320,55,194,260,0,0,1123,27,105,90,35,74499552,8,0,0,0,0,0,0,0,0.000000,0,0,0,0,0,0,0,0,0,0,0,0,0,9963860,0.000000,0.000000
1732466496507,00001,111,3,139,139,1,83,0,1429,900,871,43,515,116,529,405765,0,871,4,84,152,318,0,0,1089,41,107,141,51,75480933,8,480,303,292,4,184,177,150283,38.299464,0,292,4,0,63,121,0,0,360,1,45,74,0,7453616,1706.000000,1257.000000
1732466496507,00003,111,3,139,139,1,83,0,1429,900,871,43,515,116,529,405765,0,871,4,84,152,318,0,0,1089,41,107,141,51,75480933,8,482,293,285,0,197,189,168763,40.185893,0,285,0,0,0,197,0,0,364,0,0,67,51,7492190,1382.000000,1257.000000
1732466496507,00004,111,3,139,139,1,83,0,1429,900,871,43,515,116,529,405765,0,871,4,84,152,318,0,0,1089,41,107,141,51,75480933,8,467,304,294,39,134,163,86719,38.125714,0,294,0,84,89,0,0,0,365,40,62,0,0,8368307,1166.000000,1152.000000
1732466496507,00005,111,3,139,139,1,83,0,1429,900,871,43,515,116,529,405765,0,871,4,84,152,318,0,0,1089,41,107,141,51,75480933,8,0,0,0,0,0,0,0,0.000000,0,0,0,0,0,0,0,0,0,0,0,0,0,10485240,0.000000,0.000000
1732466496507,00006,111,3,139,139,1,83,0,1429,900,871,43,515,116,529,405765,0,871,4,84,152,318,0,0,1089,41,107,141,51,75480933,8,0,0,0,0,0,0,0,0.000000,0,0,0,0,0,0,0,0,0,0,0,0,0,10485240,0.000000,0.000000
1732466496507,00007,111,3,139,139,1,83,0,1429,900,871,43,515,116,529,405765,0,871,4,84,152,318,0,0,1089,41,107,141,51,75480933,8,0,0,0,0,0,0,0,0.000000,0,0,0,0,0,0,0,0,0,0,0,0,0,10485240,0.000000,0.000000
1732466496507,00010,111,3,139,139,1,83,0,1429,900,871,43,515,116,529,405765,0,871,4,84,152,318,0,0,1089,41,107,141,51,75480933,8,0,0,0,0,0,0,0,0.000000,0,0,0,0,0,0,0,0,0,0,0,0,0,10485240,0.000000,0.000000
1732466496507,00002,111,3,139,139,1,83,0,1429,900,871,43,515,116,529,405765,0,871,4,84,152,318,0,0,1089,41,107,141,51,75480933,8,0,0,0,0,0,0,0,0.000000,0,0,0,0,0,0,0,0,0,0,0,0,0,10225860,0.000000,0.000000
1732466496607,00001,111,3,139,139,1,84,0,1291,1064,396,687,208,117,227,332258,0,396,684,16,68,127,0,0,411,785,20,60,15,76298758,8,429,353,6,334,89,76,137907,39.168214,0,6,334,0,11,78,0,0,3,390,1,35,0,7627309,1901.000000,5973.000000
1732466496607,00003,111,3,139,139,1,84,0,1291,1064,396,687,208,117,227,332258,0,396,684,16,68,127,0,0,411,785,20,60,15,76298758,8,430,360,6,350,74,70,124609,39.217857,0,6,350,0,25,49,0,0,6,384,0,25,15,7665385,1704.000000,4925.000000
1732466496607,00004,111,3,139,139,1,84,0,1291,1064,396,687,208,117,227,332258,0,396,684,16,68,127,0,0,411,785,20,60,15,76298758,8,432,351,384,3,45,81,69742,39.341964,0,384,0,16,32,0,0,0,402,11,19,0,0,8579864,1172.000000,1676.000000
1732466496607,00005,111,3,139,139,1,84,0,1291,1064,396,687,208,117,227,332258,0,396,684,16,68,127,0,0,411,785,20,60,15,76298758,8,0,0,0,0,0,0,0,0.000000,0,0,0,0,0,0,0,0,0,0,0,0,0,10485240,0.000000,0.000000
1732466496607,00006,111,3,139,139,1,84,0,1291,1064,396,687,208,117,227,332258,0,396,684,16,68,127,0,0,411,785,20,60,15,76298758,8,0,0,0,0,0,0,0,0.000000,0,0,0,0,0,0,0,0,0,0,0,0,0,10485240,0.000000,0.000000
1732466496607,00007,111,3,139,139,1,84,0,1291,1064,396,687,208,117,227,332258,0,396,684,16,68,127,0,0,411,785,20,60,15,76298758,8,0,0,0,0,0,0,0,0.000000,0,0,0,0,0,0,0,0,0,0,0,0,0,10485240,0.000000,0.000000
1732466496607,00010,111,3,139,139,1,84,0,1291,1064,396,687,208,117,227,332258,0,396,684,16,68,127,0,0,411,785,20,60,15,76298758,8,0,0,0,0,0,0,0,0.000000,0,0,0,0,0,0,0,0,0,0,0,0,0,10485240,0.000000,0.000000
1732466496607,00002,111,3,139,139,1,84,0,1291,1064,396,687,208,117,227,332258,0,396,684,16,68,127,0,0,411,785,20,60,15,76298758,8,0,0,0,0,0,0,0,0.000000,0,0,0,0,0,0,0,0,0,0,0,0,0,10485240,0.000000,0.000000
1732466496707,00001,111,3,139,139,1,83,0,1362,954,624,17,721,116,408,444805,0,624,17,34,494,193,0,0,396,375,439,152,0,76817197,8,449,331,0,6,443,118,226988,38.373929,0,0,6,0,348,95,0,0,1,3,362,83,0,7733082,2468.000000,9327.000000
1732466496707,00003,111,3,139,139,1,83,0,1362,954,624,17,721,116,408,444805,0,624,17,34,494,193,0,0,396,375,439,152,0,76817197,8,468,311,318,11,139,157,119045,40.161071,0,318,11,0,41,98,0,0,389,6,4,69,0,7869266,1569.000000,1362.000000
1732466496707,00004,111,3,139,139,1,83,0,1362,954,624,17,721,116,408,444805,0,624,17,34,494,193,0,0,396,375,439,152,0,76817197,8,445,312,306,0,139,133,98772,38.845536,0,306,0,34,105,0,0,0,6,366,73,0,0,8788649,1190.000000,2096.000000
1732466496707,00005,111,3,139,139,1,83,0,1362,954,624,17,721,116,408,444805,0,624,17,34,494,193,0,0,396,375,439,152,0,76817197,8,0,0,0,0,0,0,0,0.000000,0,0,0,0,0,0,0,0,0,0,0,0,0,10485240,0.000000,0.000000
1732466496707,00006,111,3,139,139,1,83,0,1362,954,624,17,721,116,408,444805,0,624,17,34,494,193,0,0,396,375,439,152,0,76817197,8,0,0,0,0,0,0,0,0.000000,0,0,0,0,0,0,0,0,0,0,0,0,0,10485240,0.000000,0.000000
1732466496707,00007,111,3,139,139,1,83,0,1362,954,624,17,721,116,408,444805,0,624,17,34,494,193,0,0,396,375,439,152,0,76817197,8,0,0,0,0,0,0,0,0.000000,0,0,0,0,0,0,0,0,0,0,0,0,0,10485240,0.000000,0.000000
1732466496707,00010,111,3,139,139,1,83,0,1362,954,624,17,721,116,408,444805,0,624,17,34,494,193,0,0,396,375,439,152,0,76817197,8,0,0,0,0,0,0,0,0.000000,0,0,0,0,0,0,0,0,0,0,0,0,0,10485240,0.000000,0.000000
1732466496707,00002,111,3,139,139,1,83,0,1362,954,624,17,721,116,408,444805,0,624,17,34,494,193,0,0,396,375,439,152,0,76817197,8,0,0,0,0,0,0,0,0.000000,0,0,0,0,0,0,0,0,0,0,0,0,0,10485240,0.000000,0.000000
1732466496807,00001,111,3,139,139,1,84,0,1273,1083,364,707,202,117,190,316139,0,364,707,8,95,99,0,0,389,771,51,44,18,77379996,8,432,357,0,339,93,75,134196,40.161071,0,0,339,0,53,40,0,0,0,381,20,31,0,7901713,2450.000000,7021.000000
1732466496807,00003,111,3,139,139,1,84,0,1273,1083,364,707,202,117,190,316139,0,364,707,8,95,99,0,0,389,771,51,44,18,77379996,8,420,359,356,0,64,61,93526,39.044107,0,356,0,0,5,59,0,0,389,0,0,13,18,8071747,1514.000000,2410.000000
1732466496807,00004,111,3,139,139,1,84,0,1273,1083,364,707,202,117,190,316139,0,364,707,8,95,99,0,0,389,771,51,44,18,77379996,8,421,367,8,368,45,54,88417,38.895179,0,8,368,8,37,0,0,0,0,390,31,0,0,8980336,1301.000000,4192.000000
1732466496807,00005,111,3,139,139,1,84,0,1273,1083,364,707,202,117,190,316139,0,364,707,8,95,99,0,0,389,771,51,44,18,77379996,8,0,0,0,0,0,0,0,0.000000,0,0,0,0,0,0,0,0,0,0,0,0,0,10485240,0.000000,0.000000
1732466496807,00006,111,3,139,139,1,84,0,1273,1083,364,707,202,117,190,316139,0,364,707,8,95,99,0,0,389,771,51,44,18,77379996,8,0,0,0,0,0,0,0,0.000000,0,0,0,0,0,0,0,0,0,0,0,0,0,10485240,0.000000,0.000000
1732466496807,00007,111,3,139,139,1,84,0,1273,1083,364,707,202,117,190,316139,0,364,707,8,95,99,0,0,389,771,51,44,18,77379996,8,0,0,0,0,0,0,0,0.000000,0,0,0,0,0,0,0,0,0,0,0,0,0,10485240,0.000000,0.000000
1732466496807,00010,111,3,139,139,1,84,0,1273,1083,364,707,202,117,190,316139,0,364,707,8,95,99,0,0,389,771,51,44,18,77379996,8,0,0,0,0,0,0,0,0.000000,0,0,0,0,0,0,0,0,0,0,0,0,0,10485240,0.000000,0.000000
1732466496807,00002,111,3,139,139,1,84,0,1273,1083,364,707,202,117,190,316139,0,364,707,8,95,99,0,0,389,771,51,44,18,77379996,8,0,0,0,0,0,0,0,0.000000,0,0,0,0,0,0,0,0,0,0,0,0,0,10485240,0.000000,0.000000
1732466496907,00001,111,3,139,139,1,82,0,1371,961,624,311,436,115,410,396192,0,624,311,18,124,294,0,0,752,383,88,112,36,77955460,8,460,324,0,300,160,136,168146,39.490893,0,0,300,0,28,132,0,0,0,367,26,67,0,8069960,2447.000000,5240.000000
1732466496907,00003,111,3,139,139,1,82,0,1371,961,624,311,436,115,410,396192,0,624,311,18,124,294,0,0,752,383,88,112,36,77955460,8,453,316,291,0,162,137,149739,38.969643,0,291,0,0,0,162,0,0,372,0,0,45,36,8260724,1510.000000,1152.000000
1732466496907,00004,111,3,139,139,1,82,0,1371,961,624,311,436,115,410,396192,0,624,311,18,124,294,0,0,752,383,88,112,36,77955460,8,458,321,333,11,114,137,78307,38.746250,0,333,11,18,96,0,0,0,380,16,62,0,0,9198576,1240.000000,838.000000
1732466496907,00005,111,3,139,139,1,82,0,1371,961,624,311,436,115,410,396192,0,624,311,18,124,294,0,0,752,383,88,112,36,77955460,8,0,0,0,0,0,0,0,0.000000,0,0,0,0,0,0,0,0,0,0,0,0,0,10485240,0.000000,0.000000
1732466496907,00006,111,3,139,139,1,82,0,1371,961,624,311,436,115,410,396192,0,624,311,18,124,294,0,0,752,383,88,112,36,77955460,8,0,0,0,0,0,0,0,0.000000,0,0,0,0,0,0,0,0,0,0,0,0,0,10485240,0.000000,0.000000
1732466496907,00007,111,3,139,139,1,82,0,1371,961,624,311,436,115,410,396192,0,624,311,18,124,294,0,0,752,383,88,112,36,77955460,8,0,0,0,0,0,0,0,0.000000,0,0,0,0,0,0,0,0,0,0,0,0,0,10485240,0.000000,0.000000
1732466496907,00010,111,3,139,139,1,82,0,1371,961,624,311,436,115,410,396192,0,624,311,18,124,294,0,0,752,383,88,112,36,77955460,8,0,0,0,0,0,0,0,0.000000,0,0,0,0,0,0,0,0,0,0,0,0,0,10485240,0.000000,0.000000
1732466496907,00002,111,3,139,139,1,82,0,1371,961,624,311,436,115,410,396192,0,624,311,18,124,294,0,0,752,383,88,112,36,77955460,8,0,0,0,0,0,0,0,0.000000,0,0,0,0,0,0,0,0,0,0,0,0,0,10485240,0.000000,0.000000
1732466497007,00001,111,3,139,139,1,82,0,1327,1023,344,662,321,115,304,349847,0,344,657,34,84,208,0,0,1130,24,53,91,29,78529007,8,436,346,0,335,101,90,137407,38.646964,0,0,335,0,17,84,0,0,364,7,16,49,0,8242924,2412.000000,5659.000000
1732466497007,00003,111,3,139,139,1,82,0,1327,1023,344,662,321,115,304,349847,0,344,657,34,84,208,0,0,1130,24,53,91,29,78529007,8,449,336,3,322,124,113,143268,39.912857,0,3,322,0,0,124,0,0,378,0,0,42,29,8438293,1576.000000,3248.000000
1732466497007,00004,111,3,139,139,1,82,0,1327,1023,344,662,321,115,304,349847,0,344,657,34,84,208,0,0,1130,24,53,91,29,78529007,8,442,341,341,5,96,101,69172,38.820714,0,341,0,34,67,0,0,0,388,17,37,0,0,9421590,1202.000000,1886.000000
1732466497007,00005,111,3,139,139,1,82,0,1327,1023,344,662,321,115,304,349847,0,344,657,34,84,208,0,0,1130,24,53,91,29,78529007,8,0,0,0,0,0,0,0,0.000000,0,0,0,0,0,0,0,0,0,0,0,0,0,10485240,0.000000,0.000000
1732466497007,00006,111,3,139,139,1,82,0,1327,1023,344,662,321,115,304,349847,0,344,657,34,84,208,0,0,1130,24,53,91,29,78529007,8,0,0,0,0,0,0,0,0.000000,0,0,0,0,0,0,0,0,0,0,0,0,0,10485240,0.000000,0.000000
1732466497007,00007,111,3,139,139,1,82,0,1327,1023,344,662,321,115,304,349847,0,344,657,34,84,208,0,0,1130,24,53,91,29,78529007,8,0,0,0,0,0,0,0,0.000000,0,0,0,0,0,0,0,0,0,0,0,0,0,10485240,0.000000,0.000000
1732466497007,00010,111,3,139,139,1,82,0,1327,1023,344,662,321,115,304,349847,0,344,657,34,84,208,0,0,1130,24,53,91,29,78529007,8,0,0,0,0,0,0,0,0.000000,0,0,0,0,0,0,0,0,0,0,0,0,0,10485240,0.000000,0.000000
1732466497007,00002,111,3,139,139,1,82,0,1327,1023,344,662,321,115,304,349847,0,344,657,34,84,208,0,0,1130,24,53,91,29,78529007,8,0,0,0,0,0,0,0,0.000000,0,0,0,0,0,0,0,0,0,0,0,0,0,10485240,0.000000,0.000000
1732466497107,00001,111,3,139,139,1,82,0,1326,982,662,335,329,115,344,344823,0,662,332,19,142,171,0,0,790,369,75,92,0,79112486,8,439,329,0,322,117,110,137616,38.969643,0,0,322,0,44,73,0,0,6,360,24,49,0,8417010,2383.000000,5449.000000
1732466497107,00003,111,3,139,139,1,82,0,1326,982,662,335,329,115,344,344823,0,662,332,19,142,171,0,0,790,369,75,92,0,79112486,8,454,323,342,10,102,131,113140,39.615000,0,342,10,0,4,98,0,0,409,0,2,43,0,8639978,1538.000000,1152.000000
1732466497107,00004,111,3,139,139,1,82,0,1326,982,662,335,329,115,344,344823,0,662,332,19,142,171,0,0,790,369,75,92,0,79112486,8,433,330,320,3,110,103,94067,38.547679,0,320,0,19,94,0,0,0,375,9,49,0,0,9629298,1214.000000,2200.000000
1732466497107,00005,111,3,139,139,1,82,0,1326,982,662,335,329,115,344,344823,0,662,332,19,142,171,0,0,790,369,75,92,0,79112486,8,0,0,0,0,0,0,0,0.000000,0,0,0,0,0,0,0,0,0,0,0,0,0,10485240,0.000000,0.000000
1732466497107,00006,111,3,139,139,1,82,0,1326,982,662,335,329,115,344,344823,0,662,332,19,142,171,0,0,790,369,75,92,0,79112486,8,0,0,0,0,0,0,0,0.000000,0,0,0,0,0,0,0,0,0,0,0,0,0,10485240,0.000000,0.000000
1732466497107,00007,111,3,139,139,1,82,0,1326,982,662,335,329,115,344,344823,0,662,332,19,142,171,0,0,790,369,75,92,0,79112486,8,0,0,0,0,0,0,0,0.000000,0,0,0,0,0,0,0,0,0,0,0,0,0,10485240,0.000000,0.000000
1732466497107,00010,111,3,139,139,1,82,0,1326,982,662,335,329,115,344,344823,0,662,332,19,142,171,0,0,790,369,75,92,0,79112486,8,0,0,0,0,0,0,0,0.000000,0,0,0,0,0,0,0,0,0,0,0,0,0,10485240,0.000000,0.000000
1732466497107,00002,111,3,139,139,1,82,0,1326,982,662,335,329,115,344,344823,0,662,332,19,142,171,0,0,790,369,75,92,0,79112486,8,0,0,0,0,0,0,0,0.000000,0,0,0,0,0,0,0,0,0,0,0,0,0,10485240,0.000000,0.000000
1732466497207,00001,111,3,139,139,1,82,0,1287,1062,387,717,183,115,225,296600,368,19,705,47,28,120,0,399,385,394,38,51,20,79688939,8,423,362,0,358,65,61,141374,38.696607,0,0,358,0,27,38,0,0,0,381,18,24,0,8568474,2432.000000,5659.000000
1732466497207,00003,111,3,139,139,1,82,0,1287,1062,387,717,183,115,225,296600,368,19,705,47,28,120,0,399,385,394,38,51,20,79688939,8,428,354,10,336,82,74,116121,38.820714,0,10,336,0,0,82,0,0,381,0,0,27,20,8827202,1570.000000,3982.000000
1732466497207,00004,111,3,139,139,1,82,0,1287,1062,387,717,183,115,225,296600,368,19,705,47,28,120,0,399,385,394,38,51,20,79688939,8,436,346,377,23,36,90,39105,39.962500,368,9,11,47,1,0,0,399,4,13,20,0,0,9867063,1141.000000,419.000000
1732466497207,00005,111,3,139,139,1,82,0,1287,1062,387,717,183,115,225,296600,368,19,705,47,28,120,0,399,385,394,38,51,20,79688939,8,0,0,0,0,0,0,0,0.000000,0,0,0,0,0,0,0,0,0,0,0,0,0,10485240,0.000000,0.000000
1732466497207,00006,111,3,139,139,1,82,0,1287,1062,387,717,183,115,225,296600,368,19,705,47,28,120,0,399,385,394,38,51,20,79688939,8,0,0,0,0,0,0,0,0.000000,0,0,0,0,0,0,0,0,0,0,0,0,0,10485240,0.000000,0.000000
1732466497207,00007,111,3,139,139,1,82,0,1287,1062,387,717,183,115,225,296600,368,19,705,47,28,120,0,399,385,394,38,51,20,79688939,8,0,0,0,0,0,0,0,0.000000,0,0,0,0,0,0,0,0,0,0,0,0,0,10485240,0.000000,0.000000
1732466497207,00010,111,3,139,139,1,82,0,1287,1062,387,717,183,115,225,296600,368,19,705,47,28,120,0,399,385,394,38,51,20,79688939,8,0,0,0,0,0,0,0,0.000000,0,0,0,0,0,0,0,0,0,0,0,0,0,10485240,0.000000,0.000000
1732466497207,00002,111,3,139,139,1,82,0,1287,1062,387,717,183,115,225,296600,368,19,705,47,28,120,0,399,385,394,38,51,20,79688939,8,0,0,0,0,0,0,0,0.000000,0,0,0,0,0,0,0,0,0,0,0,0,0,10485240,0.000000,0.000000
