0.0542144 1 2 1 
0.0542145 2 2 2 
0.0542146 3 2 3 
0.0542147 4 3 1 
0.0542148 5 2 4 
0.0542149 7 2 6 
0.054215 8 2 7 
0.054215 9 2 8 
0.0542151 11 3 2 
0.0542152 12 2 10 
0.0592144 6 2 5 
0.0592145 10 2 9 
0.3577 6 3 3 
0.358268 6 3 3 
0.7577 10 3 4 
0.758268 10 3 4 
1.1577 6 2 11 
1.15827 6 2 11 
1.15827 6 2 11 
1.2539 10 2 12 
1.25452 10 2 12 
1.25452 10 2 12 
1.3577 6 3 5 
1.35827 6 3 5 
1.35827 6 3 5 
1.35827 6 3 5 
1.7577 6 2 13 
1.75827 6 2 13 
1.75827 6 2 13 
1.75827 6 2 13 
1.75827 6 2 13 
2.1577 6 3 6 
2.15827 6 3 6 
2.15827 6 3 6 
2.15827 6 3 6 
2.15827 6 3 6 
2.15827 6 3 6 
2.3577 6 2 14 
2.35827 6 2 14 
2.35827 6 2 14 
2.35827 6 2 14 
2.35827 6 2 14 
2.35827 6 2 14 
2.35827 6 2 14 
2.5577 6 3 7 
2.55827 6 3 7 
2.55827 6 3 7 
2.55827 6 3 7 
2.55827 6 3 7 
2.55827 6 3 7 
2.55827 6 3 7 
2.55827 6 3 7 
2.9577 6 2 15 
2.9577 10 3 8 
2.95827 10 3 8 
2.95827 10 3 8 
2.95827 10 3 8 
2.95827 6 2 15 
2.95827 6 2 15 
2.95827 6 2 15 
2.95827 6 2 15 
2.95827 6 2 15 
2.95827 6 2 15 
2.95827 6 2 15 
2.95827 6 2 15 
3.1577 10 2 16 
3.15827 10 2 16 
3.15827 10 2 16 
3.15827 10 2 16 
3.15827 10 2 16 
3.5593 6 3 9 
3.56002 6 3 9 
3.56002 6 3 9 
3.56002 6 3 9 
3.56002 6 3 9 
3.56002 6 3 9 
3.56002 6 3 9 
3.56002 6 3 9 
3.56002 6 3 9 
3.56002 6 3 9 
3.7593 6 2 17 
3.76002 6 2 17 
3.76002 6 2 17 
3.76002 6 2 17 
3.76002 6 2 17 
3.76002 6 2 17 
3.76002 6 2 17 
3.76002 6 2 17 
3.76002 6 2 17 
3.76002 6 2 17 
3.76002 6 2 17 
3.9593 6 3 10 
3.9593 10 3 11 
3.96002 6 3 10 
3.96002 6 3 10 
3.96002 6 3 10 
3.96002 6 3 10 
3.96002 6 3 10 
3.96002 6 3 10 
3.96002 6 3 10 
3.96002 6 3 10 
3.96002 6 3 10 
3.96002 6 3 10 
3.96002 6 3 10 
3.96002 10 3 11 
3.96002 10 3 11 
3.96002 10 3 11 
3.96002 10 3 11 
3.96002 10 3 11 
4.1463 10 2 18 
4.14702 10 2 18 
4.14702 10 2 18 
4.14702 10 2 18 
4.14702 10 2 18 
4.14702 10 2 18 
4.14702 10 2 18 
4.5593 10 3 12 
4.56002 10 3 12 
4.56002 10 3 12 
4.56002 10 3 12 
4.56002 10 3 12 
4.56002 10 3 12 
4.56002 10 3 12 
4.56002 10 3 12 
4.7593 6 2 19 
4.7593 10 2 20 
4.76002 6 2 19 
4.76002 6 2 19 
4.76002 6 2 19 
4.76002 6 2 19 
4.76002 6 2 19 
4.76002 6 2 19 
4.76002 6 2 19 
4.76002 6 2 19 
4.76002 6 2 19 
4.76002 6 2 19 
4.76002 6 2 19 
4.76002 6 2 19 
4.76002 10 2 20 
4.76002 10 2 20 
4.76002 10 2 20 
4.76002 10 2 20 
4.76002 10 2 20 
4.76002 10 2 20 
4.76002 10 2 20 
4.76002 10 2 20 
