timestamp,ueImsiComplete,numActiveUes,DRB.EstabSucc.5QI.UEID (numDrb),DRB.RelActNbr.5QI.UEID (0),L3 serving Id(m_cellId),UE (imsi),L3 serving SINR,L3 serving SINR 3gpp,L3 neigh Id 1 (cellId),L3 neigh SINR 1,L3 neigh SINR 3gpp 1 (convertedSinr),L3 neigh Id 2 (cellId),L3 neigh SINR 2,L3 neigh SINR 3gpp 2 (convertedSinr),L3 neigh Id 3 (cellId),L3 neigh SINR 3,L3 neigh SINR 3gpp 3 (convertedSinr),L3 neigh Id 4 (cellId),L3 neigh SINR 4,L3 neigh SINR 3gpp 4 (convertedSinr),L3 neigh Id 5 (cellId),L3 neigh SINR 5,L3 neigh SINR 3gpp 5 (convertedSinr),L3 neigh Id 6 (cellId),L3 neigh SINR 6,L3 neigh SINR 3gpp 6 (convertedSinr),L3 neigh Id 7 (cellId),L3 neigh SINR 7,L3 neigh SINR 3gpp 7 (convertedSinr),L3 neigh Id 8 (cellId),L3 neigh SINR 8,L3 neigh SINR 3gpp 8 (convertedSinr)
1732474826947,00001,10,0,0,2,1,26.073434,99.000000,3,22.752252,92.000000,,,,,,,,,,,,,,,,,,,,,
1732474826947,00002,10,0,0,2,2,14.689306,76.000000,3,7.194300,61.000000,,,,,,,,,,,,,,,,,,,,,
1732474826947,00003,10,0,0,2,3,25.426071,98.000000,3,15.416449,77.000000,,,,,,,,,,,,,,,,,,,,,
1732474826947,00005,10,0,0,2,5,14.976370,77.000000,3,8.390244,63.000000,,,,,,,,,,,,,,,,,,,,,
1732474826947,00006,10,0,0,2,6,17.247917,81.000000,3,15.025941,77.000000,,,,,,,,,,,,,,,,,,,,,
1732474826947,00007,10,0,0,2,7,16.063544,79.000000,3,10.287582,67.000000,,,,,,,,,,,,,,,,,,,,,
1732474826947,00008,10,0,0,2,8,19.376507,85.000000,3,9.293199,65.000000,,,,,,,,,,,,,,,,,,,,,
1732474826947,00009,10,0,0,2,9,30.137082,107.000000,3,8.818168,64.000000,,,,,,,,,,,,,,,,,,,,,
1732474826947,00010,10,0,0,2,10,12.853849,72.000000,3,9.690999,66.000000,,,,,,,,,,,,,,,,,,,,,
1732474826947,00012,10,0,0,2,12,30.519647,108.000000,3,12.323595,71.000000,,,,,,,,,,,,,,,,,,,,,
1732474827047,00001,10,0,0,2,1,24.912244,97.000000,3,20.423496,88.000000,,,,,,,,,,,,,,,,,,,,,
1732474827047,00002,10,0,0,2,2,15.501598,78.000000,3,6.743812,60.000000,,,,,,,,,,,,,,,,,,,,,
1732474827047,00003,10,0,0,2,3,26.550200,100.000000,3,14.927927,76.000000,,,,,,,,,,,,,,,,,,,,,
1732474827047,00005,10,0,0,2,5,13.624731,74.000000,3,7.401129,61.000000,,,,,,,,,,,,,,,,,,,,,
1732474827047,00006,10,0,0,2,6,17.932130,83.000000,3,16.096376,79.000000,,,,,,,,,,,,,,,,,,,,,
1732474827047,00007,10,0,0,2,7,16.199635,79.000000,3,10.096675,67.000000,,,,,,,,,,,,,,,,,,,,,
1732474827047,00008,10,0,0,2,8,22.831588,92.000000,3,11.000693,69.000000,,,,,,,,,,,,,,,,,,,,,
1732474827047,00009,10,0,0,2,9,30.092317,107.000000,3,7.234553,61.000000,,,,,,,,,,,,,,,,,,,,,
1732474827047,00010,10,0,0,2,10,13.951948,74.000000,3,12.072115,71.000000,,,,,,,,,,,,,,,,,,,,,
1732474827047,00012,10,0,0,2,12,30.827426,109.000000,3,9.004742,65.000000,,,,,,,,,,,,,,,,,,,,,
1732474827147,00001,10,0,0,2,1,24.450924,96.000000,3,21.002591,89.000000,,,,,,,,,,,,,,,,,,,,,
1732474827147,00002,10,0,0,2,2,13.522899,74.000000,3,8.290618,63.000000,,,,,,,,,,,,,,,,,,,,,
1732474827147,00003,10,0,0,2,3,25.943740,99.000000,3,15.264117,77.000000,,,,,,,,,,,,,,,,,,,,,
1732474827147,00005,10,0,0,2,5,14.692595,76.000000,3,8.164624,63.000000,,,,,,,,,,,,,,,,,,,,,
1732474827147,00006,10,0,0,2,6,16.667080,80.000000,3,17.360621,81.000000,,,,,,,,,,,,,,,,,,,,,
1732474827147,00007,10,0,0,2,7,17.664355,82.000000,3,10.262666,67.000000,,,,,,,,,,,,,,,,,,,,,
1732474827147,00008,10,0,0,2,8,21.747206,90.000000,3,9.276075,65.000000,,,,,,,,,,,,,,,,,,,,,
1732474827147,00009,10,0,0,2,9,27.575165,102.000000,3,10.208268,67.000000,,,,,,,,,,,,,,,,,,,,,
1732474827147,00010,10,0,0,2,10,14.424912,75.000000,3,12.336983,71.000000,,,,,,,,,,,,,,,,,,,,,
1732474827147,00012,10,0,0,2,12,29.404089,106.000000,3,11.406866,69.000000,,,,,,,,,,,,,,,,,,,,,
1732474827247,00001,9,0,0,2,1,24.854791,96.000000,3,21.683937,90.000000,,,,,,,,,,,,,,,,,,,,,
1732474827247,00002,9,0,0,2,2,16.069915,79.000000,3,7.238920,61.000000,,,,,,,,,,,,,,,,,,,,,
1732474827247,00003,9,0,0,2,3,24.489728,96.000000,3,14.441847,75.000000,,,,,,,,,,,,,,,,,,,,,
1732474827247,00005,9,0,0,2,5,12.469877,72.000000,3,9.064920,65.000000,,,,,,,,,,,,,,,,,,,,,
1732474827247,00007,9,0,0,2,7,16.869459,80.000000,3,12.321089,71.000000,,,,,,,,,,,,,,,,,,,,,
1732474827247,00008,9,0,0,2,8,19.905978,86.000000,3,11.072534,69.000000,,,,,,,,,,,,,,,,,,,,,
1732474827247,00009,9,0,0,2,9,29.421312,106.000000,3,9.171440,65.000000,,,,,,,,,,,,,,,,,,,,,
1732474827247,00010,9,0,0,2,10,13.295678,73.000000,3,13.027806,73.000000,,,,,,,,,,,,,,,,,,,,,
1732474827247,00012,9,0,0,2,12,31.253063,109.000000,3,10.451750,67.000000,,,,,,,,,,,,,,,,,,,,,
1732474827347,00001,9,0,0,2,1,24.011136,95.000000,3,20.901276,88.000000,,,,,,,,,,,,,,,,,,,,,
1732474827347,00002,9,0,0,2,2,14.626349,76.000000,3,7.317633,61.000000,,,,,,,,,,,,,,,,,,,,,
1732474827347,00003,9,0,0,2,3,25.524017,98.000000,3,13.952364,74.000000,,,,,,,,,,,,,,,,,,,,,
1732474827347,00005,9,0,0,2,5,14.321727,75.000000,3,6.037159,59.000000,,,,,,,,,,,,,,,,,,,,,
1732474827347,00007,9,0,0,2,7,18.311336,83.000000,3,9.069252,65.000000,,,,,,,,,,,,,,,,,,,,,
1732474827347,00008,9,0,0,2,8,22.840726,92.000000,3,5.740876,58.000000,,,,,,,,,,,,,,,,,,,,,
1732474827347,00009,9,0,0,2,9,31.471456,110.000000,3,9.338836,65.000000,,,,,,,,,,,,,,,,,,,,,
1732474827347,00010,9,0,0,2,10,13.348255,73.000000,3,11.581214,70.000000,,,,,,,,,,,,,,,,,,,,,
1732474827347,00012,9,0,0,2,12,30.404278,108.000000,3,11.986609,71.000000,,,,,,,,,,,,,,,,,,,,,
1732474827447,00001,9,0,0,2,1,23.345019,93.000000,3,21.622424,90.000000,,,,,,,,,,,,,,,,,,,,,
1732474827447,00002,9,0,0,2,2,13.735090,74.000000,3,4.372788,55.000000,,,,,,,,,,,,,,,,,,,,,
1732474827447,00003,9,0,0,2,3,25.217465,97.000000,3,15.934268,78.000000,,,,,,,,,,,,,,,,,,,,,
1732474827447,00005,9,0,0,2,5,14.149835,75.000000,3,9.064591,65.000000,,,,,,,,,,,,,,,,,,,,,
1732474827447,00007,9,0,0,2,7,17.703514,82.000000,3,10.948076,68.000000,,,,,,,,,,,,,,,,,,,,,
1732474827447,00008,9,0,0,2,8,22.358639,91.000000,3,11.528514,70.000000,,,,,,,,,,,,,,,,,,,,,
1732474827447,00009,9,0,0,2,9,33.538795,114.000000,3,9.287441,65.000000,,,,,,,,,,,,,,,,,,,,,
1732474827447,00010,9,0,0,2,10,13.346225,73.000000,3,12.587431,72.000000,,,,,,,,,,,,,,,,,,,,,
1732474827447,00012,9,0,0,2,12,31.549523,110.000000,3,11.787403,70.000000,,,,,,,,,,,,,,,,,,,,,
1732474827547,00001,9,0,0,2,1,25.035855,97.000000,3,22.086589,91.000000,,,,,,,,,,,,,,,,,,,,,
1732474827547,00002,9,0,0,2,2,15.023379,77.000000,3,6.103563,59.000000,,,,,,,,,,,,,,,,,,,,,
1732474827547,00003,9,0,0,2,3,26.404214,100.000000,3,16.012077,79.000000,,,,,,,,,,,,,,,,,,,,,
1732474827547,00005,9,0,0,2,5,13.695333,74.000000,3,8.843568,64.000000,,,,,,,,,,,,,,,,,,,,,
1732474827547,00007,9,0,0,2,7,16.169268,79.000000,3,8.933952,64.000000,,,,,,,,,,,,,,,,,,,,,
1732474827547,00008,9,0,0,2,8,22.317512,91.000000,3,10.096035,67.000000,,,,,,,,,,,,,,,,,,,,,
1732474827547,00009,9,0,0,2,9,29.216069,105.000000,3,8.771907,64.000000,,,,,,,,,,,,,,,,,,,,,
1732474827547,00010,9,0,0,2,10,9.782628,66.000000,3,11.916898,70.000000,,,,,,,,,,,,,,,,,,,,,
1732474827547,00012,9,0,0,2,12,29.493092,106.000000,3,11.356780,69.000000,,,,,,,,,,,,,,,,,,,,,
1732474827647,00001,8,0,0,2,1,24.096711,95.000000,3,20.831059,88.000000,,,,,,,,,,,,,,,,,,,,,
1732474827647,00002,8,0,0,2,2,15.600157,78.000000,3,7.304312,61.000000,,,,,,,,,,,,,,,,,,,,,
1732474827647,00003,8,0,0,2,3,24.741774,96.000000,3,15.305297,77.000000,,,,,,,,,,,,,,,,,,,,,
1732474827647,00005,8,0,0,2,5,13.157740,73.000000,3,8.760062,64.000000,,,,,,,,,,,,,,,,,,,,,
1732474827647,00007,8,0,0,2,7,16.180987,79.000000,3,11.119349,69.000000,,,,,,,,,,,,,,,,,,,,,
1732474827647,00008,8,0,0,2,8,21.713262,90.000000,3,10.332808,67.000000,,,,,,,,,,,,,,,,,,,,,
1732474827647,00009,8,0,0,2,9,30.280057,107.000000,3,9.928836,66.000000,,,,,,,,,,,,,,,,,,,,,
1732474827647,00012,8,0,0,2,12,32.975297,113.000000,3,11.772443,70.000000,,,,,,,,,,,,,,,,,,,,,
1732474827747,00001,8,0,0,2,1,22.552173,92.000000,3,19.647624,86.000000,,,,,,,,,,,,,,,,,,,,,
1732474827747,00002,8,0,0,2,2,15.608230,78.000000,3,6.977473,60.000000,,,,,,,,,,,,,,,,,,,,,
1732474827747,00003,8,0,0,2,3,23.465753,94.000000,3,17.345467,81.000000,,,,,,,,,,,,,,,,,,,,,
1732474827747,00005,8,0,0,2,5,14.269421,75.000000,3,7.400757,61.000000,,,,,,,,,,,,,,,,,,,,,
1732474827747,00007,8,0,0,2,7,15.841437,78.000000,3,10.590585,68.000000,,,,,,,,,,,,,,,,,,,,,
1732474827747,00008,8,0,0,2,8,23.453113,94.000000,3,10.993877,69.000000,,,,,,,,,,,,,,,,,,,,,
1732474827747,00009,8,0,0,2,9,28.933709,105.000000,3,5.442475,57.000000,,,,,,,,,,,,,,,,,,,,,
1732474827747,00012,8,0,0,2,12,29.140163,105.000000,3,11.195481,69.000000,,,,,,,,,,,,,,,,,,,,,
1732474827847,00001,8,0,0,2,1,25.428374,98.000000,3,21.540756,90.000000,,,,,,,,,,,,,,,,,,,,,
1732474827847,00002,8,0,0,2,2,15.986362,79.000000,3,5.511343,57.000000,,,,,,,,,,,,,,,,,,,,,
1732474827847,00003,8,0,0,2,3,28.131414,103.000000,3,17.075656,81.000000,,,,,,,,,,,,,,,,,,,,,
1732474827847,00005,8,0,0,2,5,12.490080,72.000000,3,9.737228,66.000000,,,,,,,,,,,,,,,,,,,,,
1732474827847,00007,8,0,0,2,7,16.701076,80.000000,3,11.757084,70.000000,,,,,,,,,,,,,,,,,,,,,
1732474827847,00008,8,0,0,2,8,23.989548,95.000000,3,10.189180,67.000000,,,,,,,,,,,,,,,,,,,,,
1732474827847,00009,8,0,0,2,9,30.062580,107.000000,3,11.599718,70.000000,,,,,,,,,,,,,,,,,,,,,
1732474827847,00012,8,0,0,2,12,31.186052,109.000000,3,12.444496,71.000000,,,,,,,,,,,,,,,,,,,,,
1732474827947,00001,8,0,0,2,1,24.702236,96.000000,3,23.308049,93.000000,,,,,,,,,,,,,,,,,,,,,
1732474827947,00002,8,0,0,2,2,13.910309,74.000000,3,7.566219,62.000000,,,,,,,,,,,,,,,,,,,,,
1732474827947,00003,8,0,0,2,3,25.336287,97.000000,3,15.282341,77.000000,,,,,,,,,,,,,,,,,,,,,
1732474827947,00005,8,0,0,2,5,14.344634,75.000000,3,8.081600,63.000000,,,,,,,,,,,,,,,,,,,,,
1732474827947,00007,8,0,0,2,7,18.769394,84.000000,3,10.616005,68.000000,,,,,,,,,,,,,,,,,,,,,
1732474827947,00008,8,0,0,2,8,21.973994,91.000000,3,9.046046,65.000000,,,,,,,,,,,,,,,,,,,,,
1732474827947,00009,8,0,0,2,9,29.700942,106.000000,3,7.769125,62.000000,,,,,,,,,,,,,,,,,,,,,
1732474827947,00012,8,0,0,2,12,31.348786,110.000000,3,9.576891,66.000000,,,,,,,,,,,,,,,,,,,,,
1732474828047,00001,9,0,0,2,1,23.856501,94.000000,3,21.267804,89.000000,,,,,,,,,,,,,,,,,,,,,
1732474828047,00002,9,0,0,2,2,15.372538,77.000000,3,9.131333,65.000000,,,,,,,,,,,,,,,,,,,,,
1732474828047,00003,9,0,0,2,3,25.104154,97.000000,3,15.886946,78.000000,,,,,,,,,,,,,,,,,,,,,
1732474828047,00005,9,0,0,2,5,13.609391,74.000000,3,9.640299,66.000000,,,,,,,,,,,,,,,,,,,,,
1732474828047,00007,9,0,0,2,7,18.007148,83.000000,3,9.733240,66.000000,,,,,,,,,,,,,,,,,,,,,
1732474828047,00008,9,0,0,2,8,20.985591,89.000000,3,10.696040,68.000000,,,,,,,,,,,,,,,,,,,,,
1732474828047,00009,9,0,0,2,9,29.662564,106.000000,3,11.910099,70.000000,,,,,,,,,,,,,,,,,,,,,
1732474828047,00012,9,0,0,2,12,29.141225,105.000000,3,10.641268,68.000000,,,,,,,,,,,,,,,,,,,,,
1732474828047,00006,9,0,0,2,6,19.733957,86.000000,3,16.246490,79.000000,,,,,,,,,,,,,,,,,,,,,
1732474828147,00001,10,0,0,2,1,24.431684,96.000000,3,21.561521,90.000000,,,,,,,,,,,,,,,,,,,,,
1732474828147,00002,10,0,0,2,2,16.042024,79.000000,3,6.924433,60.000000,,,,,,,,,,,,,,,,,,,,,
1732474828147,00003,10,0,0,2,3,24.270165,95.000000,3,14.621857,76.000000,,,,,,,,,,,,,,,,,,,,,
1732474828147,00005,10,0,0,2,5,16.244650,79.000000,3,8.617918,64.000000,,,,,,,,,,,,,,,,,,,,,
1732474828147,00007,10,0,0,2,7,17.351226,81.000000,3,8.609793,64.000000,,,,,,,,,,,,,,,,,,,,,
1732474828147,00008,10,0,0,2,8,22.316010,91.000000,3,9.625729,66.000000,,,,,,,,,,,,,,,,,,,,,
1732474828147,00009,10,0,0,2,9,30.549595,108.000000,3,9.160415,65.000000,,,,,,,,,,,,,,,,,,,,,
1732474828147,00012,10,0,0,2,12,31.150381,109.000000,3,9.632892,66.000000,,,,,,,,,,,,,,,,,,,,,
1732474828147,00006,10,0,0,2,6,14.760895,76.000000,3,17.643006,82.000000,,,,,,,,,,,,,,,,,,,,,
1732474828147,00010,10,0,0,2,10,12.504495,72.000000,3,11.814742,70.000000,,,,,,,,,,,,,,,,,,,,,
1732474828247,00001,9,0,0,2,1,26.074315,99.000000,3,21.033343,89.000000,,,,,,,,,,,,,,,,,,,,,
1732474828247,00002,9,0,0,2,2,17.270399,81.000000,3,7.445616,61.000000,,,,,,,,,,,,,,,,,,,,,
1732474828247,00003,9,0,0,2,3,23.165246,93.000000,3,16.479701,80.000000,,,,,,,,,,,,,,,,,,,,,
1732474828247,00005,9,0,0,2,5,13.379889,73.000000,3,8.567165,64.000000,,,,,,,,,,,,,,,,,,,,,
1732474828247,00007,9,0,0,2,7,16.105764,79.000000,3,10.630984,68.000000,,,,,,,,,,,,,,,,,,,,,
1732474828247,00008,9,0,0,2,8,21.680946,90.000000,3,11.554831,70.000000,,,,,,,,,,,,,,,,,,,,,
1732474828247,00009,9,0,0,2,9,30.484384,108.000000,3,9.348764,65.000000,,,,,,,,,,,,,,,,,,,,,
1732474828247,00012,9,0,0,2,12,31.044658,109.000000,3,11.200205,69.000000,,,,,,,,,,,,,,,,,,,,,
1732474828247,00010,9,0,0,2,10,14.052236,75.000000,3,11.281720,69.000000,,,,,,,,,,,,,,,,,,,,,
1732474828347,00001,9,0,0,2,1,26.285137,99.000000,3,21.741842,90.000000,,,,,,,,,,,,,,,,,,,,,
1732474828347,00002,9,0,0,2,2,14.799472,76.000000,3,7.397094,61.000000,,,,,,,,,,,,,,,,,,,,,
1732474828347,00003,9,0,0,2,3,25.850630,98.000000,3,14.490020,76.000000,,,,,,,,,,,,,,,,,,,,,
1732474828347,00005,9,0,0,2,5,14.560775,76.000000,3,9.625037,66.000000,,,,,,,,,,,,,,,,,,,,,
1732474828347,00007,9,0,0,2,7,15.831798,78.000000,3,10.392146,67.000000,,,,,,,,,,,,,,,,,,,,,
1732474828347,00008,9,0,0,2,8,23.253158,93.000000,3,11.495815,70.000000,,,,,,,,,,,,,,,,,,,,,
1732474828347,00009,9,0,0,2,9,31.313181,109.000000,3,7.687384,62.000000,,,,,,,,,,,,,,,,,,,,,
1732474828347,00012,9,0,0,2,12,31.111425,109.000000,3,12.485661,72.000000,,,,,,,,,,,,,,,,,,,,,
1732474828347,00010,9,0,0,2,10,14.447183,75.000000,3,12.271784,71.000000,,,,,,,,,,,,,,,,,,,,,
1732474828447,00001,9,0,0,2,1,25.190686,97.000000,3,22.027707,91.000000,,,,,,,,,,,,,,,,,,,,,
1732474828447,00002,9,0,0,2,2,15.328116,77.000000,3,6.692213,60.000000,,,,,,,,,,,,,,,,,,,,,
1732474828447,00003,9,0,0,2,3,25.312072,97.000000,3,15.418237,77.000000,,,,,,,,,,,,,,,,,,,,,
1732474828447,00005,9,0,0,2,5,13.178033,73.000000,3,6.060333,59.000000,,,,,,,,,,,,,,,,,,,,,
1732474828447,00007,9,0,0,2,7,17.277204,81.000000,3,10.696933,68.000000,,,,,,,,,,,,,,,,,,,,,
1732474828447,00008,9,0,0,2,8,22.431979,92.000000,3,10.776380,68.000000,,,,,,,,,,,,,,,,,,,,,
1732474828447,00009,9,0,0,2,9,31.397843,110.000000,3,7.454984,61.000000,,,,,,,,,,,,,,,,,,,,,
1732474828447,00012,9,0,0,2,12,29.858981,107.000000,3,12.749484,72.000000,,,,,,,,,,,,,,,,,,,,,
1732474828447,00010,9,0,0,2,10,13.137113,73.000000,3,12.626409,72.000000,,,,,,,,,,,,,,,,,,,,,
1732474828547,00001,9,0,0,2,1,23.985520,95.000000,3,21.905443,91.000000,,,,,,,,,,,,,,,,,,,,,
1732474828547,00002,9,0,0,2,2,15.426202,77.000000,3,7.033646,61.000000,,,,,,,,,,,,,,,,,,,,,
1732474828547,00003,9,0,0,2,3,26.543627,100.000000,3,15.859238,78.000000,,,,,,,,,,,,,,,,,,,,,
1732474828547,00005,9,0,0,2,5,10.943944,68.000000,3,7.825389,62.000000,,,,,,,,,,,,,,,,,,,,,
1732474828547,00007,9,0,0,2,7,18.011913,83.000000,3,10.957879,68.000000,,,,,,,,,,,,,,,,,,,,,
1732474828547,00008,9,0,0,2,8,23.079658,93.000000,3,9.226896,65.000000,,,,,,,,,,,,,,,,,,,,,
1732474828547,00009,9,0,0,2,9,32.183855,111.000000,3,9.257075,65.000000,,,,,,,,,,,,,,,,,,,,,
1732474828547,00012,9,0,0,2,12,33.495371,114.000000,3,12.408653,71.000000,,,,,,,,,,,,,,,,,,,,,
1732474828547,00010,9,0,0,2,10,12.278092,71.000000,3,13.327149,73.000000,,,,,,,,,,,,,,,,,,,,,
1732474828647,00001,10,0,0,2,1,26.399599,100.000000,3,20.504927,88.000000,,,,,,,,,,,,,,,,,,,,,
1732474828647,00002,10,0,0,2,2,17.835581,82.000000,3,7.045056,61.000000,,,,,,,,,,,,,,,,,,,,,
1732474828647,00003,10,0,0,2,3,25.103940,97.000000,3,15.444295,77.000000,,,,,,,,,,,,,,,,,,,,,
1732474828647,00005,10,0,0,2,5,14.720943,76.000000,3,7.788143,62.000000,,,,,,,,,,,,,,,,,,,,,
1732474828647,00007,10,0,0,2,7,17.974978,83.000000,3,11.820741,70.000000,,,,,,,,,,,,,,,,,,,,,
1732474828647,00008,10,0,0,2,8,22.700097,92.000000,3,9.687519,66.000000,,,,,,,,,,,,,,,,,,,,,
1732474828647,00009,10,0,0,2,9,28.788023,104.000000,3,8.243054,63.000000,,,,,,,,,,,,,,,,,,,,,
1732474828647,00012,10,0,0,2,12,32.146430,111.000000,3,13.876997,74.000000,,,,,,,,,,,,,,,,,,,,,
1732474828647,00010,10,0,0,2,10,14.472280,76.000000,3,13.208392,73.000000,,,,,,,,,,,,,,,,,,,,,
1732474828647,00006,10,0,0,2,6,17.723984,82.000000,3,15.003309,77.000000,,,,,,,,,,,,,,,,,,,,,
1732474828747,00001,10,0,0,2,1,24.719774,96.000000,3,20.660678,88.000000,,,,,,,,,,,,,,,,,,,,,
1732474828747,00002,10,0,0,2,2,15.376318,77.000000,3,6.977661,60.000000,,,,,,,,,,,,,,,,,,,,,
1732474828747,00003,10,0,0,2,3,23.340286,93.000000,3,15.193427,77.000000,,,,,,,,,,,,,,,,,,,,,
1732474828747,00005,10,0,0,2,5,12.669976,72.000000,3,8.525871,64.000000,,,,,,,,,,,,,,,,,,,,,
1732474828747,00007,10,0,0,2,7,15.300874,77.000000,3,10.918067,68.000000,,,,,,,,,,,,,,,,,,,,,
1732474828747,00008,10,0,0,2,8,21.951590,91.000000,3,10.130215,67.000000,,,,,,,,,,,,,,,,,,,,,
1732474828747,00009,10,0,0,2,9,27.277839,101.000000,3,10.590096,68.000000,,,,,,,,,,,,,,,,,,,,,
1732474828747,00012,10,0,0,2,12,32.533667,112.000000,3,11.759471,70.000000,,,,,,,,,,,,,,,,,,,,,
1732474828747,00010,10,0,0,2,10,11.641251,70.000000,3,12.942892,72.000000,,,,,,,,,,,,,,,,,,,,,
1732474828747,00006,10,0,0,2,6,19.024563,85.000000,3,18.522702,84.000000,,,,,,,,,,,,,,,,,,,,,
1732474828847,00001,10,0,0,2,1,23.959898,95.000000,3,21.997848,91.000000,,,,,,,,,,,,,,,,,,,,,
1732474828847,00002,10,0,0,2,2,15.517299,78.000000,3,7.065062,61.000000,,,,,,,,,,,,,,,,,,,,,
1732474828847,00003,10,0,0,2,3,26.981854,101.000000,3,16.701201,80.000000,,,,,,,,,,,,,,,,,,,,,
1732474828847,00005,10,0,0,2,5,13.324747,73.000000,3,9.747148,66.000000,,,,,,,,,,,,,,,,,,,,,
1732474828847,00007,10,0,0,2,7,17.407482,81.000000,3,10.114096,67.000000,,,,,,,,,,,,,,,,,,,,,
1732474828847,00008,10,0,0,2,8,24.067346,95.000000,3,12.031033,71.000000,,,,,,,,,,,,,,,,,,,,,
1732474828847,00009,10,0,0,2,9,31.698985,110.000000,3,10.075096,67.000000,,,,,,,,,,,,,,,,,,,,,
1732474828847,00012,10,0,0,2,12,31.033529,109.000000,3,9.134351,65.000000,,,,,,,,,,,,,,,,,,,,,
1732474828847,00010,10,0,0,2,10,13.380824,73.000000,3,12.311568,71.000000,,,,,,,,,,,,,,,,,,,,,
1732474828847,00006,10,0,0,2,6,17.732320,82.000000,3,17.116877,81.000000,,,,,,,,,,,,,,,,,,,,,
1732474828947,00001,10,0,0,2,1,24.589777,96.000000,3,22.277975,91.000000,,,,,,,,,,,,,,,,,,,,,
1732474828947,00002,10,0,0,2,2,14.932795,76.000000,3,7.090043,61.000000,,,,,,,,,,,,,,,,,,,,,
1732474828947,00003,10,0,0,2,3,23.352608,93.000000,3,15.364704,77.000000,,,,,,,,,,,,,,,,,,,,,
1732474828947,00005,10,0,0,2,5,11.961096,70.000000,3,8.626617,64.000000,,,,,,,,,,,,,,,,,,,,,
1732474828947,00007,10,0,0,2,7,16.708149,80.000000,3,10.081674,67.000000,,,,,,,,,,,,,,,,,,,,,
1732474828947,00008,10,0,0,2,8,21.611440,90.000000,3,10.147849,67.000000,,,,,,,,,,,,,,,,,,,,,
1732474828947,00009,10,0,0,2,9,30.646757,108.000000,3,8.952557,64.000000,,,,,,,,,,,,,,,,,,,,,
1732474828947,00012,10,0,0,2,12,31.373041,110.000000,3,12.511038,72.000000,,,,,,,,,,,,,,,,,,,,,
1732474828947,00010,10,0,0,2,10,13.042042,73.000000,3,12.402174,71.000000,,,,,,,,,,,,,,,,,,,,,
1732474828947,00006,10,0,0,2,6,15.909279,78.000000,3,16.345905,79.000000,,,,,,,,,,,,,,,,,,,,,
1732474829047,00001,9,0,0,2,1,24.270488,95.000000,3,21.930349,91.000000,,,,,,,,,,,,,,,,,,,,,
1732474829047,00002,9,0,0,2,2,14.497115,76.000000,3,5.437229,57.000000,,,,,,,,,,,,,,,,,,,,,
1732474829047,00003,9,0,0,2,3,26.098576,99.000000,3,14.083622,75.000000,,,,,,,,,,,,,,,,,,,,,
1732474829047,00005,9,0,0,2,5,13.596026,74.000000,3,7.955868,62.000000,,,,,,,,,,,,,,,,,,,,,
1732474829047,00007,9,0,0,2,7,16.031421,79.000000,3,10.271977,67.000000,,,,,,,,,,,,,,,,,,,,,
1732474829047,00008,9,0,0,2,8,23.157700,93.000000,3,8.421677,63.000000,,,,,,,,,,,,,,,,,,,,,
1732474829047,00009,9,0,0,2,9,30.148203,107.000000,3,8.848484,64.000000,,,,,,,,,,,,,,,,,,,,,
1732474829047,00012,9,0,0,2,12,32.965913,113.000000,3,10.096251,67.000000,,,,,,,,,,,,,,,,,,,,,
1732474829047,00010,9,0,0,2,10,13.804836,74.000000,3,14.455023,76.000000,,,,,,,,,,,,,,,,,,,,,
1732474829147,00001,9,0,0,2,1,23.453398,94.000000,3,22.584067,92.000000,,,,,,,,,,,,,,,,,,,,,
1732474829147,00002,9,0,0,2,2,15.209166,77.000000,3,7.724368,62.000000,,,,,,,,,,,,,,,,,,,,,
1732474829147,00003,9,0,0,2,3,26.003707,99.000000,3,15.522892,78.000000,,,,,,,,,,,,,,,,,,,,,
1732474829147,00005,9,0,0,2,5,13.554477,74.000000,3,11.870923,70.000000,,,,,,,,,,,,,,,,,,,,,
1732474829147,00007,9,0,0,2,7,16.920239,80.000000,3,9.616721,66.000000,,,,,,,,,,,,,,,,,,,,,
1732474829147,00008,9,0,0,2,8,21.528576,90.000000,3,9.701518,66.000000,,,,,,,,,,,,,,,,,,,,,
1732474829147,00009,9,0,0,2,9,30.027392,107.000000,3,5.489465,57.000000,,,,,,,,,,,,,,,,,,,,,
1732474829147,00012,9,0,0,2,12,30.511524,108.000000,3,11.625637,70.000000,,,,,,,,,,,,,,,,,,,,,
1732474829147,00010,9,0,0,2,10,13.439886,73.000000,3,12.751750,72.000000,,,,,,,,,,,,,,,,,,,,,
1732474829247,00001,10,0,0,2,1,24.196010,95.000000,3,20.012696,87.000000,,,,,,,,,,,,,,,,,,,,,
1732474829247,00002,10,0,0,2,2,13.872702,74.000000,3,6.918565,60.000000,,,,,,,,,,,,,,,,,,,,,
1732474829247,00003,10,0,0,2,3,25.617400,98.000000,3,15.340461,77.000000,,,,,,,,,,,,,,,,,,,,,
1732474829247,00005,10,0,0,2,5,13.595861,74.000000,3,10.915521,68.000000,,,,,,,,,,,,,,,,,,,,,
1732474829247,00007,10,0,0,2,7,16.899235,80.000000,3,10.629538,68.000000,,,,,,,,,,,,,,,,,,,,,
1732474829247,00008,10,0,0,2,8,22.211980,91.000000,3,11.198806,69.000000,,,,,,,,,,,,,,,,,,,,,
1732474829247,00009,10,0,0,2,9,29.455697,106.000000,3,7.807774,62.000000,,,,,,,,,,,,,,,,,,,,,
1732474829247,00012,10,0,0,2,12,30.730710,108.000000,3,10.067368,67.000000,,,,,,,,,,,,,,,,,,,,,
1732474829247,00010,10,0,0,2,10,12.602578,72.000000,3,11.748093,70.000000,,,,,,,,,,,,,,,,,,,,,
1732474829247,00006,10,0,0,2,6,18.359796,83.000000,3,16.644027,80.000000,,,,,,,,,,,,,,,,,,,,,
1732474829347,00001,10,0,0,2,1,26.502679,100.000000,3,21.680151,90.000000,,,,,,,,,,,,,,,,,,,,,
1732474829347,00002,10,0,0,2,2,15.430026,77.000000,3,5.477194,57.000000,,,,,,,,,,,,,,,,,,,,,
1732474829347,00003,10,0,0,2,3,25.218130,97.000000,3,15.462026,78.000000,,,,,,,,,,,,,,,,,,,,,
1732474829347,00005,10,0,0,2,5,14.802925,76.000000,3,9.767650,66.000000,,,,,,,,,,,,,,,,,,,,,
1732474829347,00007,10,0,0,2,7,17.782604,82.000000,3,10.325307,67.000000,,,,,,,,,,,,,,,,,,,,,
1732474829347,00008,10,0,0,2,8,23.344046,93.000000,3,8.398878,63.000000,,,,,,,,,,,,,,,,,,,,,
1732474829347,00009,10,0,0,2,9,30.492025,108.000000,3,8.388949,63.000000,,,,,,,,,,,,,,,,,,,,,
1732474829347,00012,10,0,0,2,12,29.957564,107.000000,3,10.725370,68.000000,,,,,,,,,,,,,,,,,,,,,
1732474829347,00010,10,0,0,2,10,13.995743,75.000000,3,13.171262,73.000000,,,,,,,,,,,,,,,,,,,,,
1732474829347,00006,10,0,0,2,6,15.151012,77.000000,3,16.286945,79.000000,,,,,,,,,,,,,,,,,,,,,
1732474829447,00001,9,0,0,2,1,25.960281,99.000000,3,21.062205,89.000000,,,,,,,,,,,,,,,,,,,,,
1732474829447,00002,9,0,0,2,2,13.406492,73.000000,3,5.205573,57.000000,,,,,,,,,,,,,,,,,,,,,
1732474829447,00003,9,0,0,2,3,26.723650,100.000000,3,17.939646,83.000000,,,,,,,,,,,,,,,,,,,,,
1732474829447,00005,9,0,0,2,5,12.014828,71.000000,3,7.772282,62.000000,,,,,,,,,,,,,,,,,,,,,
1732474829447,00007,9,0,0,2,7,18.746770,84.000000,3,10.684240,68.000000,,,,,,,,,,,,,,,,,,,,,
1732474829447,00008,9,0,0,2,8,22.932542,93.000000,3,11.867140,70.000000,,,,,,,,,,,,,,,,,,,,,
1732474829447,00009,9,0,0,2,9,29.667591,106.000000,3,8.981450,64.000000,,,,,,,,,,,,,,,,,,,,,
1732474829447,00012,9,0,0,2,12,31.668808,110.000000,3,10.538653,68.000000,,,,,,,,,,,,,,,,,,,,,
1732474829447,00010,9,0,0,2,10,13.021856,73.000000,3,12.612742,72.000000,,,,,,,,,,,,,,,,,,,,,
1732474829547,00001,9,0,0,2,1,24.409024,96.000000,3,21.951646,91.000000,,,,,,,,,,,,,,,,,,,,,
1732474829547,00002,9,0,0,2,2,14.707060,76.000000,3,6.276700,59.000000,,,,,,,,,,,,,,,,,,,,,
1732474829547,00003,9,0,0,2,3,27.212806,101.000000,3,15.505261,78.000000,,,,,,,,,,,,,,,,,,,,,
1732474829547,00005,9,0,0,2,5,14.322998,75.000000,3,4.221212,55.000000,,,,,,,,,,,,,,,,,,,,,
1732474829547,00007,9,0,0,2,7,15.231519,77.000000,3,10.892281,68.000000,,,,,,,,,,,,,,,,,,,,,
1732474829547,00008,9,0,0,2,8,21.461767,90.000000,3,9.395538,65.000000,,,,,,,,,,,,,,,,,,,,,
1732474829547,00009,9,0,0,2,9,30.232613,107.000000,3,9.834918,66.000000,,,,,,,,,,,,,,,,,,,,,
1732474829547,00012,9,0,0,2,12,29.694299,106.000000,3,12.163698,71.000000,,,,,,,,,,,,,,,,,,,,,
1732474829547,00010,9,0,0,2,10,13.214865,73.000000,3,11.950235,70.000000,,,,,,,,,,,,,,,,,,,,,
1732474829647,00001,9,0,0,2,1,24.551115,96.000000,3,21.750642,90.000000,,,,,,,,,,,,,,,,,,,,,
1732474829647,00002,9,0,0,2,2,13.870658,74.000000,3,6.158326,59.000000,,,,,,,,,,,,,,,,,,,,,
1732474829647,00003,9,0,0,2,3,25.898033,99.000000,3,15.778607,78.000000,,,,,,,,,,,,,,,,,,,,,
1732474829647,00005,9,0,0,2,5,10.118882,67.000000,3,7.739565,62.000000,,,,,,,,,,,,,,,,,,,,,
1732474829647,00007,9,0,0,2,7,16.058284,79.000000,3,10.853914,68.000000,,,,,,,,,,,,,,,,,,,,,
1732474829647,00008,9,0,0,2,8,22.675060,92.000000,3,9.991643,67.000000,,,,,,,,,,,,,,,,,,,,,
1732474829647,00009,9,0,0,2,9,29.508860,106.000000,3,9.614534,66.000000,,,,,,,,,,,,,,,,,,,,,
1732474829647,00012,9,0,0,2,12,31.034644,109.000000,3,12.446822,71.000000,,,,,,,,,,,,,,,,,,,,,
1732474829647,00010,9,0,0,2,10,13.213228,73.000000,3,13.041417,73.000000,,,,,,,,,,,,,,,,,,,,,
1732474829747,00001,9,0,0,2,1,24.768561,96.000000,3,21.520669,90.000000,,,,,,,,,,,,,,,,,,,,,
1732474829747,00002,9,0,0,2,2,14.488708,76.000000,3,6.561159,60.000000,,,,,,,,,,,,,,,,,,,,,
1732474829747,00003,9,0,0,2,3,26.647271,100.000000,3,15.077373,77.000000,,,,,,,,,,,,,,,,,,,,,
1732474829747,00005,9,0,0,2,5,14.955556,77.000000,3,8.215679,63.000000,,,,,,,,,,,,,,,,,,,,,
1732474829747,00007,9,0,0,2,7,16.435809,79.000000,3,10.230025,67.000000,,,,,,,,,,,,,,,,,,,,,
1732474829747,00008,9,0,0,2,8,20.401438,87.000000,3,9.510751,66.000000,,,,,,,,,,,,,,,,,,,,,
1732474829747,00009,9,0,0,2,9,28.925959,105.000000,3,8.765301,64.000000,,,,,,,,,,,,,,,,,,,,,
1732474829747,00012,9,0,0,2,12,28.676361,104.000000,3,10.796167,68.000000,,,,,,,,,,,,,,,,,,,,,
1732474829747,00010,9,0,0,2,10,12.200817,71.000000,3,12.359241,71.000000,,,,,,,,,,,,,,,,,,,,,
1732474829847,00001,9,0,0,2,1,25.481847,98.000000,3,23.878046,95.000000,,,,,,,,,,,,,,,,,,,,,
1732474829847,00002,9,0,0,2,2,15.698508,78.000000,3,6.454565,59.000000,,,,,,,,,,,,,,,,,,,,,
1732474829847,00003,9,0,0,2,3,25.710146,98.000000,3,15.212328,77.000000,,,,,,,,,,,,,,,,,,,,,
1732474829847,00005,9,0,0,2,5,13.311436,73.000000,3,6.709898,60.000000,,,,,,,,,,,,,,,,,,,,,
1732474829847,00007,9,0,0,2,7,12.416517,71.000000,3,8.546731,64.000000,,,,,,,,,,,,,,,,,,,,,
1732474829847,00008,9,0,0,2,8,22.356409,91.000000,3,9.932348,66.000000,,,,,,,,,,,,,,,,,,,,,
1732474829847,00009,9,0,0,2,9,29.552846,106.000000,3,8.247212,63.000000,,,,,,,,,,,,,,,,,,,,,
1732474829847,00012,9,0,0,2,12,29.886769,107.000000,3,9.575713,66.000000,,,,,,,,,,,,,,,,,,,,,
1732474829847,00006,9,0,0,2,6,17.012885,81.000000,3,14.635662,76.000000,,,,,,,,,,,,,,,,,,,,,
1732474829947,00001,9,0,0,2,1,23.124262,93.000000,3,18.374618,83.000000,,,,,,,,,,,,,,,,,,,,,
1732474829947,00002,9,0,0,2,2,15.156538,77.000000,3,7.553966,62.000000,,,,,,,,,,,,,,,,,,,,,
1732474829947,00003,9,0,0,2,3,25.442022,98.000000,3,14.762140,76.000000,,,,,,,,,,,,,,,,,,,,,
1732474829947,00005,9,0,0,2,5,13.910466,74.000000,3,8.804143,64.000000,,,,,,,,,,,,,,,,,,,,,
1732474829947,00007,9,0,0,2,7,16.417857,79.000000,3,10.380560,67.000000,,,,,,,,,,,,,,,,,,,,,
1732474829947,00008,9,0,0,2,8,22.355359,91.000000,3,10.314511,67.000000,,,,,,,,,,,,,,,,,,,,,
1732474829947,00009,9,0,0,2,9,29.864167,107.000000,3,7.146725,61.000000,,,,,,,,,,,,,,,,,,,,,
1732474829947,00012,9,0,0,2,12,30.654293,108.000000,3,11.605096,70.000000,,,,,,,,,,,,,,,,,,,,,
1732474829947,00006,9,0,0,2,6,14.280162,75.000000,3,18.611231,84.000000,,,,,,,,,,,,,,,,,,,,,
1732474830047,00001,10,0,0,2,1,25.323983,97.000000,3,18.062761,83.000000,,,,,,,,,,,,,,,,,,,,,
1732474830047,00002,10,0,0,2,2,14.021748,75.000000,3,8.492666,63.000000,,,,,,,,,,,,,,,,,,,,,
1732474830047,00003,10,0,0,2,3,24.603548,96.000000,3,14.304086,75.000000,,,,,,,,,,,,,,,,,,,,,
1732474830047,00005,10,0,0,2,5,14.883136,76.000000,3,9.866289,66.000000,,,,,,,,,,,,,,,,,,,,,
1732474830047,00007,10,0,0,2,7,17.484565,82.000000,3,10.892858,68.000000,,,,,,,,,,,,,,,,,,,,,
1732474830047,00008,10,0,0,2,8,22.326948,91.000000,3,11.596320,70.000000,,,,,,,,,,,,,,,,,,,,,
1732474830047,00009,10,0,0,2,9,29.075419,105.000000,3,9.149459,65.000000,,,,,,,,,,,,,,,,,,,,,
1732474830047,00012,10,0,0,2,12,30.306272,107.000000,3,11.926994,70.000000,,,,,,,,,,,,,,,,,,,,,
1732474830047,00006,10,0,0,2,6,17.718595,82.000000,3,17.142634,81.000000,,,,,,,,,,,,,,,,,,,,,
1732474830047,00010,10,0,0,2,10,13.828704,74.000000,3,12.901624,72.000000,,,,,,,,,,,,,,,,,,,,,
1732474830147,00001,10,0,0,2,1,23.528325,94.000000,3,21.952371,91.000000,,,,,,,,,,,,,,,,,,,,,
1732474830147,00002,10,0,0,2,2,14.269039,75.000000,3,7.485591,61.000000,,,,,,,,,,,,,,,,,,,,,
1732474830147,00003,10,0,0,2,3,24.818282,96.000000,3,16.473434,80.000000,,,,,,,,,,,,,,,,,,,,,
1732474830147,00005,10,0,0,2,5,13.353476,73.000000,3,8.589264,64.000000,,,,,,,,,,,,,,,,,,,,,
1732474830147,00007,10,0,0,2,7,16.399513,79.000000,3,10.062825,67.000000,,,,,,,,,,,,,,,,,,,,,
1732474830147,00008,10,0,0,2,8,18.410977,83.000000,3,10.039714,67.000000,,,,,,,,,,,,,,,,,,,,,
1732474830147,00009,10,0,0,2,9,31.722000,110.000000,3,7.831645,62.000000,,,,,,,,,,,,,,,,,,,,,
1732474830147,00012,10,0,0,2,12,30.922970,109.000000,3,9.939308,66.000000,,,,,,,,,,,,,,,,,,,,,
1732474830147,00006,10,0,0,2,6,18.003478,83.000000,3,11.694359,70.000000,,,,,,,,,,,,,,,,,,,,,
1732474830147,00010,10,0,0,2,10,11.573751,70.000000,3,12.599028,72.000000,,,,,,,,,,,,,,,,,,,,,
1732474830247,00001,10,0,0,2,1,22.829565,92.000000,3,23.084429,93.000000,,,,,,,,,,,,,,,,,,,,,
1732474830247,00002,10,0,0,2,2,14.605887,76.000000,3,6.171625,59.000000,,,,,,,,,,,,,,,,,,,,,
1732474830247,00003,10,0,0,2,3,26.798873,100.000000,3,15.420371,77.000000,,,,,,,,,,,,,,,,,,,,,
1732474830247,00005,10,0,0,2,5,11.588359,70.000000,3,9.942286,66.000000,,,,,,,,,,,,,,,,,,,,,
1732474830247,00007,10,0,0,2,7,17.920754,82.000000,3,11.260378,69.000000,,,,,,,,,,,,,,,,,,,,,
1732474830247,00008,10,0,0,2,8,21.170825,89.000000,3,9.429980,65.000000,,,,,,,,,,,,,,,,,,,,,
1732474830247,00009,10,0,0,2,9,30.051345,107.000000,3,9.753490,66.000000,,,,,,,,,,,,,,,,,,,,,
1732474830247,00012,10,0,0,2,12,30.561247,108.000000,3,11.688136,70.000000,,,,,,,,,,,,,,,,,,,,,
1732474830247,00006,10,0,0,2,6,18.089344,83.000000,3,17.979190,83.000000,,,,,,,,,,,,,,,,,,,,,
1732474830247,00010,10,0,0,2,10,12.047887,71.000000,3,11.257872,69.000000,,,,,,,,,,,,,,,,,,,,,
1732474830347,00001,10,0,0,2,1,24.086844,95.000000,3,21.455738,90.000000,,,,,,,,,,,,,,,,,,,,,
1732474830347,00002,10,0,0,2,2,15.417656,77.000000,3,3.435496,53.000000,,,,,,,,,,,,,,,,,,,,,
1732474830347,00003,10,0,0,2,3,24.809371,96.000000,3,15.309552,77.000000,,,,,,,,,,,,,,,,,,,,,
1732474830347,00005,10,0,0,2,5,13.462361,74.000000,3,8.217276,63.000000,,,,,,,,,,,,,,,,,,,,,
1732474830347,00007,10,0,0,2,7,15.555239,78.000000,3,9.282085,65.000000,,,,,,,,,,,,,,,,,,,,,
1732474830347,00008,10,0,0,2,8,21.883429,90.000000,3,9.717705,66.000000,,,,,,,,,,,,,,,,,,,,,
1732474830347,00009,10,0,0,2,9,27.642643,102.000000,3,8.837790,64.000000,,,,,,,,,,,,,,,,,,,,,
1732474830347,00012,10,0,0,2,12,29.861779,107.000000,3,12.443342,71.000000,,,,,,,,,,,,,,,,,,,,,
1732474830347,00006,10,0,0,2,6,15.950775,79.000000,3,17.173550,81.000000,,,,,,,,,,,,,,,,,,,,,
1732474830347,00010,10,0,0,2,10,13.491871,74.000000,3,11.728669,70.000000,,,,,,,,,,,,,,,,,,,,,
1732474830447,00001,9,0,0,2,1,25.089681,97.000000,3,23.642402,94.000000,,,,,,,,,,,,,,,,,,,,,
1732474830447,00002,9,0,0,2,2,15.410416,77.000000,3,7.295990,61.000000,,,,,,,,,,,,,,,,,,,,,
1732474830447,00003,9,0,0,2,3,26.221663,99.000000,3,18.756012,84.000000,,,,,,,,,,,,,,,,,,,,,
1732474830447,00005,9,0,0,2,5,11.779661,70.000000,3,9.504136,66.000000,,,,,,,,,,,,,,,,,,,,,
1732474830447,00007,9,0,0,2,7,16.097562,79.000000,3,13.227172,73.000000,,,,,,,,,,,,,,,,,,,,,
1732474830447,00008,9,0,0,2,8,22.544323,92.000000,3,9.956202,66.000000,,,,,,,,,,,,,,,,,,,,,
1732474830447,00009,9,0,0,2,9,32.458556,112.000000,3,9.756727,66.000000,,,,,,,,,,,,,,,,,,,,,
1732474830447,00012,9,0,0,2,12,30.943953,109.000000,3,10.768212,68.000000,,,,,,,,,,,,,,,,,,,,,
1732474830447,00010,9,0,0,2,10,13.411124,73.000000,3,11.479578,70.000000,,,,,,,,,,,,,,,,,,,,,
1732474830547,00001,9,0,0,2,1,25.233201,97.000000,3,18.802079,84.000000,,,,,,,,,,,,,,,,,,,,,
1732474830547,00002,9,0,0,2,2,14.523338,76.000000,3,7.607971,62.000000,,,,,,,,,,,,,,,,,,,,,
1732474830547,00003,9,0,0,2,3,23.953657,95.000000,3,14.353975,75.000000,,,,,,,,,,,,,,,,,,,,,
1732474830547,00005,9,0,0,2,5,13.323481,73.000000,3,8.390240,63.000000,,,,,,,,,,,,,,,,,,,,,
1732474830547,00007,9,0,0,2,7,14.684837,76.000000,3,11.396412,69.000000,,,,,,,,,,,,,,,,,,,,,
1732474830547,00008,9,0,0,2,8,21.752932,90.000000,3,8.104452,63.000000,,,,,,,,,,,,,,,,,,,,,
1732474830547,00009,9,0,0,2,9,30.186780,107.000000,3,9.906183,66.000000,,,,,,,,,,,,,,,,,,,,,
1732474830547,00012,9,0,0,2,12,30.446079,108.000000,3,12.375284,71.000000,,,,,,,,,,,,,,,,,,,,,
1732474830547,00010,9,0,0,2,10,15.399019,77.000000,3,12.840143,72.000000,,,,,,,,,,,,,,,,,,,,,
1732474830647,00001,10,0,0,2,1,23.974725,95.000000,3,21.704377,90.000000,,,,,,,,,,,,,,,,,,,,,
1732474830647,00002,10,0,0,2,2,14.904617,76.000000,3,9.022186,65.000000,,,,,,,,,,,,,,,,,,,,,
1732474830647,00003,10,0,0,2,3,25.679553,98.000000,3,13.669227,74.000000,,,,,,,,,,,,,,,,,,,,,
1732474830647,00005,10,0,0,2,5,13.388706,73.000000,3,9.791714,66.000000,,,,,,,,,,,,,,,,,,,,,
1732474830647,00007,10,0,0,2,7,15.285395,77.000000,3,11.972818,71.000000,,,,,,,,,,,,,,,,,,,,,
1732474830647,00008,10,0,0,2,8,23.016289,93.000000,3,10.541825,68.000000,,,,,,,,,,,,,,,,,,,,,
1732474830647,00009,10,0,0,2,9,29.034132,105.000000,3,9.268717,65.000000,,,,,,,,,,,,,,,,,,,,,
1732474830647,00012,10,0,0,2,12,29.841249,107.000000,3,8.141410,63.000000,,,,,,,,,,,,,,,,,,,,,
1732474830647,00010,10,0,0,2,10,14.720988,76.000000,3,12.071076,71.000000,,,,,,,,,,,,,,,,,,,,,
1732474830647,00006,10,0,0,2,6,18.354722,83.000000,3,17.693773,82.000000,,,,,,,,,,,,,,,,,,,,,
1732474830747,00001,10,0,0,2,1,24.854920,96.000000,3,20.123658,87.000000,,,,,,,,,,,,,,,,,,,,,
1732474830747,00002,10,0,0,2,2,15.596516,78.000000,3,5.852246,58.000000,,,,,,,,,,,,,,,,,,,,,
1732474830747,00003,10,0,0,2,3,25.397282,98.000000,3,18.287742,83.000000,,,,,,,,,,,,,,,,,,,,,
1732474830747,00005,10,0,0,2,5,12.299353,71.000000,3,8.725782,64.000000,,,,,,,,,,,,,,,,,,,,,
1732474830747,00007,10,0,0,2,7,15.473159,78.000000,3,9.707980,66.000000,,,,,,,,,,,,,,,,,,,,,
1732474830747,00008,10,0,0,2,8,22.602391,92.000000,3,7.505200,61.000000,,,,,,,,,,,,,,,,,,,,,
1732474830747,00009,10,0,0,2,9,30.448416,108.000000,3,8.632048,64.000000,,,,,,,,,,,,,,,,,,,,,
1732474830747,00012,10,0,0,2,12,30.703398,108.000000,3,11.187840,69.000000,,,,,,,,,,,,,,,,,,,,,
1732474830747,00010,10,0,0,2,10,12.616962,72.000000,3,13.100808,73.000000,,,,,,,,,,,,,,,,,,,,,
1732474830747,00006,10,0,0,2,6,17.601235,82.000000,3,19.405394,85.000000,,,,,,,,,,,,,,,,,,,,,
1732474830847,00001,8,0,0,2,1,25.316870,97.000000,3,21.513167,90.000000,,,,,,,,,,,,,,,,,,,,,
1732474830847,00002,8,0,0,2,2,14.595231,76.000000,3,4.258406,55.000000,,,,,,,,,,,,,,,,,,,,,
1732474830847,00003,8,0,0,2,3,24.793263,96.000000,3,15.454700,78.000000,,,,,,,,,,,,,,,,,,,,,
1732474830847,00005,8,0,0,2,5,14.455013,76.000000,3,7.529443,62.000000,,,,,,,,,,,,,,,,,,,,,
1732474830847,00007,8,0,0,2,7,15.421659,77.000000,3,9.572298,66.000000,,,,,,,,,,,,,,,,,,,,,
1732474830847,00008,8,0,0,2,8,22.595740,92.000000,3,10.695600,68.000000,,,,,,,,,,,,,,,,,,,,,
1732474830847,00009,8,0,0,2,9,30.202106,107.000000,3,7.750619,62.000000,,,,,,,,,,,,,,,,,,,,,
1732474830847,00012,8,0,0,2,12,30.421110,108.000000,3,10.678232,68.000000,,,,,,,,,,,,,,,,,,,,,
1732474830947,00001,8,0,0,2,1,24.612784,96.000000,3,18.250242,83.000000,,,,,,,,,,,,,,,,,,,,,
1732474830947,00002,8,0,0,2,2,15.116709,77.000000,3,7.423471,61.000000,,,,,,,,,,,,,,,,,,,,,
1732474830947,00003,8,0,0,2,3,25.499516,98.000000,3,15.358784,77.000000,,,,,,,,,,,,,,,,,,,,,
1732474830947,00005,8,0,0,2,5,12.350821,71.000000,3,8.199063,63.000000,,,,,,,,,,,,,,,,,,,,,
1732474830947,00007,8,0,0,2,7,17.181216,81.000000,3,12.294934,71.000000,,,,,,,,,,,,,,,,,,,,,
1732474830947,00008,8,0,0,2,8,18.686366,84.000000,3,9.318402,65.000000,,,,,,,,,,,,,,,,,,,,,
1732474830947,00009,8,0,0,2,9,29.777437,106.000000,3,9.047672,65.000000,,,,,,,,,,,,,,,,,,,,,
1732474830947,00012,8,0,0,2,12,31.151416,109.000000,3,11.481010,70.000000,,,,,,,,,,,,,,,,,,,,,
1732474831047,00001,9,0,0,2,1,24.499628,96.000000,3,21.104761,89.000000,,,,,,,,,,,,,,,,,,,,,
1732474831047,00002,9,0,0,2,2,13.065029,73.000000,3,4.901166,56.000000,,,,,,,,,,,,,,,,,,,,,
1732474831047,00003,9,0,0,2,3,25.537212,98.000000,3,15.363818,77.000000,,,,,,,,,,,,,,,,,,,,,
1732474831047,00005,9,0,0,2,5,14.262235,75.000000,3,7.765532,62.000000,,,,,,,,,,,,,,,,,,,,,
1732474831047,00007,9,0,0,2,7,18.615191,84.000000,3,10.335700,67.000000,,,,,,,,,,,,,,,,,,,,,
1732474831047,00008,9,0,0,2,8,21.740685,90.000000,3,10.304940,67.000000,,,,,,,,,,,,,,,,,,,,,
1732474831047,00009,9,0,0,2,9,29.677922,106.000000,3,8.741388,64.000000,,,,,,,,,,,,,,,,,,,,,
1732474831047,00012,9,0,0,2,12,29.160242,105.000000,3,11.257317,69.000000,,,,,,,,,,,,,,,,,,,,,
1732474831047,00010,9,0,0,2,10,14.920442,76.000000,3,12.334657,71.000000,,,,,,,,,,,,,,,,,,,,,
1732474831147,00001,9,0,0,2,1,23.039301,93.000000,3,20.633601,88.000000,,,,,,,,,,,,,,,,,,,,,
1732474831147,00002,9,0,0,2,2,15.088764,77.000000,3,7.459456,61.000000,,,,,,,,,,,,,,,,,,,,,
1732474831147,00003,9,0,0,2,3,26.179475,99.000000,3,13.478786,74.000000,,,,,,,,,,,,,,,,,,,,,
1732474831147,00005,9,0,0,2,5,12.596181,72.000000,3,9.238550,65.000000,,,,,,,,,,,,,,,,,,,,,
1732474831147,00007,9,0,0,2,7,17.989213,83.000000,3,10.282981,67.000000,,,,,,,,,,,,,,,,,,,,,
1732474831147,00008,9,0,0,2,8,22.423729,92.000000,3,10.298119,67.000000,,,,,,,,,,,,,,,,,,,,,
1732474831147,00009,9,0,0,2,9,34.463040,116.000000,3,8.025825,63.000000,,,,,,,,,,,,,,,,,,,,,
1732474831147,00012,9,0,0,2,12,30.169337,107.000000,3,11.154340,69.000000,,,,,,,,,,,,,,,,,,,,,
1732474831147,00010,9,0,0,2,10,14.796775,76.000000,3,11.899525,70.000000,,,,,,,,,,,,,,,,,,,,,
1732474831247,00001,9,0,0,2,1,23.509056,94.000000,3,22.647481,92.000000,,,,,,,,,,,,,,,,,,,,,
1732474831247,00002,9,0,0,2,2,15.567293,78.000000,3,10.575837,68.000000,,,,,,,,,,,,,,,,,,,,,
1732474831247,00003,9,0,0,2,3,25.108910,97.000000,3,15.694271,78.000000,,,,,,,,,,,,,,,,,,,,,
1732474831247,00005,9,0,0,2,5,13.112142,73.000000,3,9.387660,65.000000,,,,,,,,,,,,,,,,,,,,,
1732474831247,00007,9,0,0,2,7,16.240923,79.000000,3,10.756027,68.000000,,,,,,,,,,,,,,,,,,,,,
1732474831247,00008,9,0,0,2,8,22.062724,91.000000,3,8.514519,64.000000,,,,,,,,,,,,,,,,,,,,,
1732474831247,00009,9,0,0,2,9,32.500560,112.000000,3,9.916658,66.000000,,,,,,,,,,,,,,,,,,,,,
1732474831247,00012,9,0,0,2,12,30.115262,107.000000,3,10.409726,67.000000,,,,,,,,,,,,,,,,,,,,,
1732474831247,00010,9,0,0,2,10,14.509710,76.000000,3,13.021208,73.000000,,,,,,,,,,,,,,,,,,,,,
1732474831347,00001,9,0,0,2,1,23.857212,94.000000,3,20.917570,89.000000,,,,,,,,,,,,,,,,,,,,,
1732474831347,00002,9,0,0,2,2,15.287656,77.000000,3,5.082041,57.000000,,,,,,,,,,,,,,,,,,,,,
1732474831347,00003,9,0,0,2,3,26.119784,99.000000,3,15.340814,77.000000,,,,,,,,,,,,,,,,,,,,,
1732474831347,00005,9,0,0,2,5,14.023075,75.000000,3,8.556892,64.000000,,,,,,,,,,,,,,,,,,,,,
1732474831347,00007,9,0,0,2,7,17.667950,82.000000,3,11.043556,69.000000,,,,,,,,,,,,,,,,,,,,,
1732474831347,00008,9,0,0,2,8,24.202921,95.000000,3,9.500991,66.000000,,,,,,,,,,,,,,,,,,,,,
1732474831347,00009,9,0,0,2,9,29.995832,107.000000,3,10.369533,67.000000,,,,,,,,,,,,,,,,,,,,,
1732474831347,00012,9,0,0,2,12,30.786149,108.000000,3,11.098429,69.000000,,,,,,,,,,,,,,,,,,,,,
1732474831347,00010,9,0,0,2,10,12.938236,72.000000,3,13.486971,74.000000,,,,,,,,,,,,,,,,,,,,,
1732474831447,00001,8,0,0,2,1,26.335608,99.000000,3,20.663767,88.000000,,,,,,,,,,,,,,,,,,,,,
1732474831447,00002,8,0,0,2,2,15.176774,77.000000,3,7.558103,62.000000,,,,,,,,,,,,,,,,,,,,,
1732474831447,00003,8,0,0,2,3,22.586519,92.000000,3,15.659415,78.000000,,,,,,,,,,,,,,,,,,,,,
1732474831447,00005,8,0,0,2,5,13.832933,74.000000,3,9.837225,66.000000,,,,,,,,,,,,,,,,,,,,,
1732474831447,00007,8,0,0,2,7,16.521261,80.000000,3,11.092994,69.000000,,,,,,,,,,,,,,,,,,,,,
1732474831447,00008,8,0,0,2,8,23.165464,93.000000,3,8.730946,64.000000,,,,,,,,,,,,,,,,,,,,,
1732474831447,00009,8,0,0,2,9,30.478854,108.000000,3,9.149116,65.000000,,,,,,,,,,,,,,,,,,,,,
1732474831447,00012,8,0,0,2,12,29.147624,105.000000,3,12.891602,72.000000,,,,,,,,,,,,,,,,,,,,,
1732474831547,00001,8,0,0,2,1,23.970673,95.000000,3,22.386024,91.000000,,,,,,,,,,,,,,,,,,,,,
1732474831547,00002,8,0,0,2,2,16.078621,79.000000,3,6.724901,60.000000,,,,,,,,,,,,,,,,,,,,,
1732474831547,00003,8,0,0,2,3,25.461881,98.000000,3,16.177851,79.000000,,,,,,,,,,,,,,,,,,,,,
1732474831547,00005,8,0,0,2,5,11.778509,70.000000,3,7.868597,62.000000,,,,,,,,,,,,,,,,,,,,,
1732474831547,00007,8,0,0,2,7,16.629376,80.000000,3,10.747009,68.000000,,,,,,,,,,,,,,,,,,,,,
1732474831547,00008,8,0,0,2,8,23.774723,94.000000,3,8.927452,64.000000,,,,,,,,,,,,,,,,,,,,,
1732474831547,00009,8,0,0,2,9,29.007721,105.000000,3,7.916771,62.000000,,,,,,,,,,,,,,,,,,,,,
1732474831547,00012,8,0,0,2,12,30.401147,108.000000,3,13.938521,74.000000,,,,,,,,,,,,,,,,,,,,,
1732474831647,00001,10,0,0,2,1,25.408155,98.000000,3,22.035064,91.000000,,,,,,,,,,,,,,,,,,,,,
1732474831647,00002,10,0,0,2,2,15.373443,77.000000,3,9.335618,65.000000,,,,,,,,,,,,,,,,,,,,,
1732474831647,00003,10,0,0,2,3,25.504755,98.000000,3,17.230280,81.000000,,,,,,,,,,,,,,,,,,,,,
1732474831647,00005,10,0,0,2,5,12.049388,71.000000,3,9.816933,66.000000,,,,,,,,,,,,,,,,,,,,,
1732474831647,00007,10,0,0,2,7,17.365844,81.000000,3,10.823603,68.000000,,,,,,,,,,,,,,,,,,,,,
1732474831647,00008,10,0,0,2,8,22.463782,92.000000,3,9.812821,66.000000,,,,,,,,,,,,,,,,,,,,,
1732474831647,00009,10,0,0,2,9,30.530057,108.000000,3,9.842488,66.000000,,,,,,,,,,,,,,,,,,,,,
1732474831647,00012,10,0,0,2,12,31.452364,110.000000,3,12.138862,71.000000,,,,,,,,,,,,,,,,,,,,,
1732474831647,00006,10,0,0,2,6,19.020735,85.000000,3,16.554606,80.000000,,,,,,,,,,,,,,,,,,,,,
1732474831647,00010,10,0,0,2,10,14.344476,75.000000,3,13.075977,73.000000,,,,,,,,,,,,,,,,,,,,,
1732474831747,00001,10,0,0,2,1,23.828431,94.000000,3,21.997913,91.000000,,,,,,,,,,,,,,,,,,,,,
1732474831747,00002,10,0,0,2,2,15.368967,77.000000,3,7.114200,61.000000,,,,,,,,,,,,,,,,,,,,,
1732474831747,00003,10,0,0,2,3,23.124334,93.000000,3,16.315758,79.000000,,,,,,,,,,,,,,,,,,,,,
1732474831747,00005,10,0,0,2,5,10.530927,68.000000,3,8.868108,64.000000,,,,,,,,,,,,,,,,,,,,,
1732474831747,00007,10,0,0,2,7,15.817665,78.000000,3,10.079394,67.000000,,,,,,,,,,,,,,,,,,,,,
1732474831747,00008,10,0,0,2,8,23.385204,94.000000,3,8.620069,64.000000,,,,,,,,,,,,,,,,,,,,,
1732474831747,00009,10,0,0,2,9,30.644613,108.000000,3,9.021558,65.000000,,,,,,,,,,,,,,,,,,,,,
1732474831747,00012,10,0,0,2,12,31.779480,110.000000,3,8.988957,64.000000,,,,,,,,,,,,,,,,,,,,,
1732474831747,00006,10,0,0,2,6,16.381308,79.000000,3,15.749235,78.000000,,,,,,,,,,,,,,,,,,,,,
1732474831747,00010,10,0,0,2,10,10.291085,67.000000,3,13.147287,73.000000,,,,,,,,,,,,,,,,,,,,,
