timestamp,ueImsiComplete,DRB.PdcpSduDelayDl (cellAverageLatency),m_pDCPBytesUL (0),m_pDCPBytesDL (cellDlTxVolume),DRB.PdcpSduVolumeDl_Filter.UEID (txBytes),Tot.PdcpSduNbrDl.UEID (txDlPackets),DRB.PdcpSduBitRateDl.UEID (pdcpThroughput),DRB.PdcpSduDelayDl.UEID (pdcpLatency),QosFlow.PdcpPduVolumeDL_Filter.UEID(txPdcpPduBytesNrRlc),DRB.PdcpPduNbrDl.Qos.UEID (txPdcpPduNrRlc)
1732474826947,00003,0.000000,0,0.000000,0.000000,0,0.000000,0.000000,,
1732474826947,00001,0.000000,0,0.000000,0.000000,0,0.000000,0.000000,,
1732474826947,00004,0.000000,0,0.000000,0.000000,0,0.000000,0.000000,,
1732474826947,00009,0.000000,0,0.000000,0.000000,0,0.000000,0.000000,,
1732474826947,00002,0.000000,0,0.000000,0.000000,0,0.000000,0.000000,,
1732474826947,00007,0.000000,0,0.000000,0.000000,0,0.000000,0.000000,,
1732474826947,00008,0.000000,0,0.000000,0.000000,0,0.000000,0.000000,,
1732474826947,00005,0.000000,0,0.000000,0.000000,0,0.000000,0.000000,,
1732474826947,00011,0.000000,0,0.000000,0.000000,0,0.000000,0.000000,,
1732474826947,00012,0.000000,0,0.000000,0.000000,0,0.000000,0.000000,,
1732474826947,00010,0.000000,0,0.000000,0.000000,0,0.000000,0.000000,,
1732474826947,00006,0.000000,0,0.000000,0.000000,0,0.000000,0.000000,,
1732474827047,00003,72.726344,0,22511.040000,1875.920000,179,18759.200000,0.000000,,
1732474827047,00001,72.726344,0,22511.040000,1875.920000,179,18759.200000,287.354150,,
1732474827047,00004,72.726344,0,22511.040000,1875.920000,179,18759.200000,237.397861,,
1732474827047,00009,72.726344,0,22511.040000,1875.920000,179,18759.200000,0.000000,,
1732474827047,00002,72.726344,0,22511.040000,1875.920000,179,18759.200000,262.616622,,
1732474827047,00007,72.726344,0,22511.040000,1875.920000,179,18759.200000,0.000000,,
1732474827047,00008,72.726344,0,22511.040000,1875.920000,179,18759.200000,0.000000,,
1732474827047,00005,72.726344,0,22511.040000,1875.920000,179,18759.200000,0.000000,,
1732474827047,00011,72.726344,0,22511.040000,1875.920000,179,18759.200000,85.347494,,
1732474827047,00012,72.726344,0,22511.040000,1875.920000,179,18759.200000,0.000000,,
1732474827047,00010,72.726344,0,22511.040000,1875.920000,179,18759.200000,0.000000,,
1732474827047,00006,72.726344,0,22511.040000,1875.920000,179,18759.200000,0.000000,,
1732474827147,00003,177.419973,0,25152.000000,2096.000000,200,20960.000000,0.000000,,
1732474827147,00001,177.419973,0,25152.000000,2096.000000,200,20960.000000,815.616172,,
1732474827147,00004,177.419973,0,25152.000000,2096.000000,200,20960.000000,514.667057,,
1732474827147,00009,177.419973,0,25152.000000,2096.000000,200,20960.000000,0.000000,,
1732474827147,00002,177.419973,0,25152.000000,2096.000000,200,20960.000000,765.343138,,
1732474827147,00007,177.419973,0,25152.000000,2096.000000,200,20960.000000,0.000000,,
1732474827147,00008,177.419973,0,25152.000000,2096.000000,200,20960.000000,0.000000,,
1732474827147,00005,177.419973,0,25152.000000,2096.000000,200,20960.000000,0.000000,,
1732474827147,00011,177.419973,0,25152.000000,2096.000000,200,20960.000000,33.413304,,
1732474827147,00012,177.419973,0,25152.000000,2096.000000,200,20960.000000,0.000000,,
1732474827147,00010,177.419973,0,25152.000000,2096.000000,200,20960.000000,0.000000,,
1732474827147,00006,177.419973,0,25152.000000,2096.000000,200,20960.000000,0.000000,,
1732474827247,00003,516.345475,0,25152.000000,2096.000000,200,20960.000000,0.000000,,
1732474827247,00001,516.345475,0,25152.000000,2096.000000,200,20960.000000,1521.547119,,
1732474827247,00004,516.345475,0,25152.000000,2096.000000,200,20960.000000,685.719262,,
1732474827247,00009,516.345475,0,25152.000000,2096.000000,200,20960.000000,0.000000,,
1732474827247,00002,516.345475,0,25152.000000,2096.000000,200,20960.000000,1298.137769,,
1732474827247,00007,516.345475,0,25152.000000,2096.000000,200,20960.000000,0.000000,,
1732474827247,00008,516.345475,0,25152.000000,2096.000000,200,20960.000000,0.000000,,
1732474827247,00005,516.345475,0,25152.000000,2096.000000,200,20960.000000,0.000000,,
1732474827247,00011,516.345475,0,25152.000000,2096.000000,200,20960.000000,62.198610,,
1732474827247,00012,516.345475,0,25152.000000,2096.000000,200,20960.000000,0.000000,,
1732474827247,00010,516.345475,0,25152.000000,2096.000000,200,20960.000000,0.000000,,
1732474827247,00006,516.345475,0,25152.000000,2096.000000,200,20960.000000,2628.542945,,
1732474827347,00003,620.229109,0,25152.000000,2096.000000,200,20960.000000,0.000000,,
1732474827347,00001,620.229109,0,25152.000000,2096.000000,200,20960.000000,1725.047203,,
1732474827347,00004,620.229109,0,25152.000000,2096.000000,200,20960.000000,997.439617,,
1732474827347,00009,620.229109,0,25152.000000,2096.000000,200,20960.000000,0.000000,,
1732474827347,00002,620.229109,0,25152.000000,2096.000000,200,20960.000000,1598.292815,,
1732474827347,00007,620.229109,0,25152.000000,2096.000000,200,20960.000000,0.000000,,
1732474827347,00008,620.229109,0,25152.000000,2096.000000,200,20960.000000,0.000000,,
1732474827347,00005,620.229109,0,25152.000000,2096.000000,200,20960.000000,0.000000,,
1732474827347,00011,620.229109,0,25152.000000,2096.000000,200,20960.000000,90.591750,,
1732474827347,00012,620.229109,0,25152.000000,2096.000000,200,20960.000000,0.000000,,
1732474827347,00010,620.229109,0,25152.000000,2096.000000,200,20960.000000,0.000000,,
1732474827347,00006,620.229109,0,25152.000000,2096.000000,200,20960.000000,3031.377918,,
1732474827447,00003,741.799619,0,25152.000000,2096.000000,200,20960.000000,0.000000,,
1732474827447,00001,741.799619,0,25152.000000,2096.000000,200,20960.000000,1984.717212,,
1732474827447,00004,741.799619,0,25152.000000,2096.000000,200,20960.000000,1439.455147,,
1732474827447,00009,741.799619,0,25152.000000,2096.000000,200,20960.000000,0.000000,,
1732474827447,00002,741.799619,0,25152.000000,2096.000000,200,20960.000000,2002.731750,,
1732474827447,00007,741.799619,0,25152.000000,2096.000000,200,20960.000000,0.000000,,
1732474827447,00008,741.799619,0,25152.000000,2096.000000,200,20960.000000,0.000000,,
1732474827447,00005,741.799619,0,25152.000000,2096.000000,200,20960.000000,0.000000,,
1732474827447,00011,741.799619,0,25152.000000,2096.000000,200,20960.000000,33.270170,,
1732474827447,00012,741.799619,0,25152.000000,2096.000000,200,20960.000000,0.000000,,
1732474827447,00010,741.799619,0,25152.000000,2096.000000,200,20960.000000,0.000000,,
1732474827447,00006,741.799619,0,25152.000000,2096.000000,200,20960.000000,3441.421147,,
1732474827547,00003,893.684344,0,25152.000000,2096.000000,200,20960.000000,0.000000,,
1732474827547,00001,893.684344,0,25152.000000,2096.000000,200,20960.000000,2153.253128,,
1732474827547,00004,893.684344,0,25152.000000,2096.000000,200,20960.000000,1880.588116,,
1732474827547,00009,893.684344,0,25152.000000,2096.000000,200,20960.000000,0.000000,,
1732474827547,00002,893.684344,0,25152.000000,2096.000000,200,20960.000000,2355.083400,,
1732474827547,00007,893.684344,0,25152.000000,2096.000000,200,20960.000000,0.000000,,
1732474827547,00008,893.684344,0,25152.000000,2096.000000,200,20960.000000,0.000000,,
1732474827547,00005,893.684344,0,25152.000000,2096.000000,200,20960.000000,0.000000,,
1732474827547,00011,893.684344,0,25152.000000,2096.000000,200,20960.000000,22.164589,,
1732474827547,00012,893.684344,0,25152.000000,2096.000000,200,20960.000000,0.000000,,
1732474827547,00010,893.684344,0,25152.000000,2096.000000,200,20960.000000,0.000000,,
1732474827547,00006,893.684344,0,25152.000000,2096.000000,200,20960.000000,4313.122901,,
1732474827647,00003,1548.541406,0,25152.000000,2096.000000,200,20960.000000,0.000000,,
1732474827647,00001,1548.541406,0,25152.000000,2096.000000,200,20960.000000,2117.311035,,
1732474827647,00004,1548.541406,0,25152.000000,2096.000000,200,20960.000000,2167.812039,,
1732474827647,00009,1548.541406,0,25152.000000,2096.000000,200,20960.000000,0.000000,,
1732474827647,00002,1548.541406,0,25152.000000,2096.000000,200,20960.000000,2715.833678,,
1732474827647,00007,1548.541406,0,25152.000000,2096.000000,200,20960.000000,0.000000,,
1732474827647,00008,1548.541406,0,25152.000000,2096.000000,200,20960.000000,0.000000,,
1732474827647,00005,1548.541406,0,25152.000000,2096.000000,200,20960.000000,0.000000,,
1732474827647,00011,1548.541406,0,25152.000000,2096.000000,200,20960.000000,44.931856,,
1732474827647,00012,1548.541406,0,25152.000000,2096.000000,200,20960.000000,0.000000,,
1732474827647,00010,1548.541406,0,25152.000000,2096.000000,200,20960.000000,6671.604141,,
1732474827647,00006,1548.541406,0,25152.000000,2096.000000,200,20960.000000,4865.004125,,
1732474827747,00003,1718.590628,0,25152.000000,2096.000000,200,20960.000000,0.000000,,
1732474827747,00001,1718.590628,0,25152.000000,2096.000000,200,20960.000000,2761.698311,,
1732474827747,00004,1718.590628,0,25152.000000,2096.000000,200,20960.000000,2369.147048,,
1732474827747,00009,1718.590628,0,25152.000000,2096.000000,200,20960.000000,0.000000,,
1732474827747,00002,1718.590628,0,25152.000000,2096.000000,200,20960.000000,3049.876636,,
1732474827747,00007,1718.590628,0,25152.000000,2096.000000,200,20960.000000,0.000000,,
1732474827747,00008,1718.590628,0,25152.000000,2096.000000,200,20960.000000,0.000000,,
1732474827747,00005,1718.590628,0,25152.000000,2096.000000,200,20960.000000,0.000000,,
1732474827747,00011,1718.590628,0,25152.000000,2096.000000,200,20960.000000,111.996996,,
1732474827747,00012,1718.590628,0,25152.000000,2096.000000,200,20960.000000,0.000000,,
1732474827747,00010,1718.590628,0,25152.000000,2096.000000,200,20960.000000,7294.386096,,
1732474827747,00006,1718.590628,0,25152.000000,2096.000000,200,20960.000000,5035.982452,,
1732474827847,00003,1023.547217,0,125.760000,10.480000,1,104.800000,0.000000,,
1732474827847,00001,1023.547217,0,125.760000,10.480000,1,104.800000,0.000000,,
1732474827847,00004,1023.547217,0,125.760000,10.480000,1,104.800000,0.000000,,
1732474827847,00009,1023.547217,0,125.760000,10.480000,1,104.800000,0.000000,,
1732474827847,00002,1023.547217,0,125.760000,10.480000,1,104.800000,3424.726260,,
1732474827847,00007,1023.547217,0,125.760000,10.480000,1,104.800000,0.000000,,
1732474827847,00008,1023.547217,0,125.760000,10.480000,1,104.800000,0.000000,,
1732474827847,00005,1023.547217,0,125.760000,10.480000,1,104.800000,0.000000,,
1732474827847,00011,1023.547217,0,125.760000,10.480000,1,104.800000,428.200480,,
1732474827847,00012,1023.547217,0,125.760000,10.480000,1,104.800000,0.000000,,
1732474827847,00010,1023.547217,0,125.760000,10.480000,1,104.800000,8429.639860,,
1732474827847,00006,1023.547217,0,125.760000,10.480000,1,104.800000,0.000000,,
1732474827947,00003,2254.267950,0,25152.000000,2096.000000,200,20960.000000,0.000000,,
1732474827947,00001,2254.267950,0,25152.000000,2096.000000,200,20960.000000,4119.393650,,
1732474827947,00004,2254.267950,0,25152.000000,2096.000000,200,20960.000000,3399.333952,,
1732474827947,00009,2254.267950,0,25152.000000,2096.000000,200,20960.000000,0.000000,,
1732474827947,00002,2254.267950,0,25152.000000,2096.000000,200,20960.000000,3696.972204,,
1732474827947,00007,2254.267950,0,25152.000000,2096.000000,200,20960.000000,0.000000,,
1732474827947,00008,2254.267950,0,25152.000000,2096.000000,200,20960.000000,0.000000,,
1732474827947,00005,2254.267950,0,25152.000000,2096.000000,200,20960.000000,0.000000,,
1732474827947,00011,2254.267950,0,25152.000000,2096.000000,200,20960.000000,529.173850,,
1732474827947,00012,2254.267950,0,25152.000000,2096.000000,200,20960.000000,0.000000,,
1732474827947,00010,2254.267950,0,25152.000000,2096.000000,200,20960.000000,8856.850005,,
1732474827947,00006,2254.267950,0,25152.000000,2096.000000,200,20960.000000,6449.491735,,
1732474828047,00003,2523.661788,0,25152.000000,2096.000000,200,20960.000000,0.000000,,
1732474828047,00001,2523.661788,0,25152.000000,2096.000000,200,20960.000000,4609.013841,,
1732474828047,00004,2523.661788,0,25152.000000,2096.000000,200,20960.000000,3976.972827,,
1732474828047,00009,2523.661788,0,25152.000000,2096.000000,200,20960.000000,0.000000,,
1732474828047,00002,2523.661788,0,25152.000000,2096.000000,200,20960.000000,4168.017465,,
1732474828047,00007,2523.661788,0,25152.000000,2096.000000,200,20960.000000,0.000000,,
1732474828047,00008,2523.661788,0,25152.000000,2096.000000,200,20960.000000,0.000000,,
1732474828047,00005,2523.661788,0,25152.000000,2096.000000,200,20960.000000,0.000000,,
1732474828047,00011,2523.661788,0,25152.000000,2096.000000,200,20960.000000,666.516669,,
1732474828047,00012,2523.661788,0,25152.000000,2096.000000,200,20960.000000,0.000000,,
1732474828047,00010,2523.661788,0,25152.000000,2096.000000,200,20960.000000,9451.782715,,
1732474828047,00006,2523.661788,0,25152.000000,2096.000000,200,20960.000000,7411.637943,,
1732474828147,00003,2850.079204,0,25152.000000,2096.000000,200,20960.000000,0.000000,,
1732474828147,00001,2850.079204,0,25152.000000,2096.000000,200,20960.000000,5562.914962,,
1732474828147,00004,2850.079204,0,25152.000000,2096.000000,200,20960.000000,4593.232980,,
1732474828147,00009,2850.079204,0,25152.000000,2096.000000,200,20960.000000,0.000000,,
1732474828147,00002,2850.079204,0,25152.000000,2096.000000,200,20960.000000,4848.561970,,
1732474828147,00007,2850.079204,0,25152.000000,2096.000000,200,20960.000000,0.000000,,
1732474828147,00008,2850.079204,0,25152.000000,2096.000000,200,20960.000000,0.000000,,
1732474828147,00005,2850.079204,0,25152.000000,2096.000000,200,20960.000000,0.000000,,
1732474828147,00011,2850.079204,0,25152.000000,2096.000000,200,20960.000000,662.463260,,
1732474828147,00012,2850.079204,0,25152.000000,2096.000000,200,20960.000000,0.000000,,
1732474828147,00010,2850.079204,0,25152.000000,2096.000000,200,20960.000000,10301.237078,,
1732474828147,00006,2850.079204,0,25152.000000,2096.000000,200,20960.000000,8232.540200,,
1732474828247,00003,3048.928963,0,25152.000000,2096.000000,200,20960.000000,0.000000,,
1732474828247,00001,3048.928963,0,25152.000000,2096.000000,200,20960.000000,6083.114393,,
1732474828247,00004,3048.928963,0,25152.000000,2096.000000,200,20960.000000,4956.030642,,
1732474828247,00009,3048.928963,0,25152.000000,2096.000000,200,20960.000000,0.000000,,
1732474828247,00002,3048.928963,0,25152.000000,2096.000000,200,20960.000000,5461.917615,,
1732474828247,00007,3048.928963,0,25152.000000,2096.000000,200,20960.000000,0.000000,,
1732474828247,00008,3048.928963,0,25152.000000,2096.000000,200,20960.000000,0.000000,,
1732474828247,00005,3048.928963,0,25152.000000,2096.000000,200,20960.000000,0.000000,,
1732474828247,00011,3048.928963,0,25152.000000,2096.000000,200,20960.000000,316.347708,,
1732474828247,00012,3048.928963,0,25152.000000,2096.000000,200,20960.000000,0.000000,,
1732474828247,00010,3048.928963,0,25152.000000,2096.000000,200,20960.000000,11048.554145,,
1732474828247,00006,3048.928963,0,25152.000000,2096.000000,200,20960.000000,8721.183056,,
1732474828347,00003,3362.533887,0,25152.000000,2096.000000,200,20960.000000,0.000000,,
1732474828347,00001,3362.533887,0,25152.000000,2096.000000,200,20960.000000,6717.205811,,
1732474828347,00004,3362.533887,0,25152.000000,2096.000000,200,20960.000000,5416.139052,,
1732474828347,00009,3362.533887,0,25152.000000,2096.000000,200,20960.000000,0.000000,,
1732474828347,00002,3362.533887,0,25152.000000,2096.000000,200,20960.000000,6148.615144,,
1732474828347,00007,3362.533887,0,25152.000000,2096.000000,200,20960.000000,0.000000,,
1732474828347,00008,3362.533887,0,25152.000000,2096.000000,200,20960.000000,0.000000,,
1732474828347,00005,3362.533887,0,25152.000000,2096.000000,200,20960.000000,0.000000,,
1732474828347,00011,3362.533887,0,25152.000000,2096.000000,200,20960.000000,361.753602,,
1732474828347,00012,3362.533887,0,25152.000000,2096.000000,200,20960.000000,0.000000,,
1732474828347,00010,3362.533887,0,25152.000000,2096.000000,200,20960.000000,11873.893104,,
1732474828347,00006,3362.533887,0,25152.000000,2096.000000,200,20960.000000,9832.799935,,
1732474828447,00003,3630.489248,0,25152.000000,2096.000000,200,20960.000000,0.000000,,
1732474828447,00001,3630.489248,0,25152.000000,2096.000000,200,20960.000000,7435.413743,,
1732474828447,00004,3630.489248,0,25152.000000,2096.000000,200,20960.000000,5907.586156,,
1732474828447,00009,3630.489248,0,25152.000000,2096.000000,200,20960.000000,0.000000,,
1732474828447,00002,3630.489248,0,25152.000000,2096.000000,200,20960.000000,6660.761165,,
1732474828447,00007,3630.489248,0,25152.000000,2096.000000,200,20960.000000,0.000000,,
1732474828447,00008,3630.489248,0,25152.000000,2096.000000,200,20960.000000,0.000000,,
1732474828447,00005,3630.489248,0,25152.000000,2096.000000,200,20960.000000,0.000000,,
1732474828447,00011,3630.489248,0,25152.000000,2096.000000,200,20960.000000,288.185353,,
1732474828447,00012,3630.489248,0,25152.000000,2096.000000,200,20960.000000,0.000000,,
1732474828447,00010,3630.489248,0,25152.000000,2096.000000,200,20960.000000,12776.150846,,
1732474828447,00006,3630.489248,0,25152.000000,2096.000000,200,20960.000000,10497.773711,,
1732474828547,00003,3879.823326,0,25152.000000,2096.000000,200,20960.000000,0.000000,,
1732474828547,00001,3879.823326,0,25152.000000,2096.000000,200,20960.000000,8224.379909,,
1732474828547,00004,3879.823326,0,25152.000000,2096.000000,200,20960.000000,6481.711804,,
1732474828547,00009,3879.823326,0,25152.000000,2096.000000,200,20960.000000,0.000000,,
1732474828547,00002,3879.823326,0,25152.000000,2096.000000,200,20960.000000,7316.091340,,
1732474828547,00007,3879.823326,0,25152.000000,2096.000000,200,20960.000000,0.000000,,
1732474828547,00008,3879.823326,0,25152.000000,2096.000000,200,20960.000000,0.000000,,
1732474828547,00005,3879.823326,0,25152.000000,2096.000000,200,20960.000000,0.000000,,
1732474828547,00011,3879.823326,0,25152.000000,2096.000000,200,20960.000000,335.302524,,
1732474828547,00012,3879.823326,0,25152.000000,2096.000000,200,20960.000000,0.000000,,
1732474828547,00010,3879.823326,0,25152.000000,2096.000000,200,20960.000000,13249.639860,,
1732474828547,00006,3879.823326,0,25152.000000,2096.000000,200,20960.000000,10950.754480,,
1732474828647,00003,4279.193320,0,25152.000000,2096.000000,200,20960.000000,0.000000,,
1732474828647,00001,4279.193320,0,25152.000000,2096.000000,200,20960.000000,8919.649142,,
1732474828647,00004,4279.193320,0,25152.000000,2096.000000,200,20960.000000,7086.127275,,
1732474828647,00009,4279.193320,0,25152.000000,2096.000000,200,20960.000000,0.000000,,
1732474828647,00002,4279.193320,0,25152.000000,2096.000000,200,20960.000000,7876.220713,,
1732474828647,00007,4279.193320,0,25152.000000,2096.000000,200,20960.000000,0.000000,,
1732474828647,00008,4279.193320,0,25152.000000,2096.000000,200,20960.000000,0.000000,,
1732474828647,00005,4279.193320,0,25152.000000,2096.000000,200,20960.000000,0.000000,,
1732474828647,00011,4279.193320,0,25152.000000,2096.000000,200,20960.000000,377.243170,,
1732474828647,00012,4279.193320,0,25152.000000,2096.000000,200,20960.000000,0.000000,,
1732474828647,00010,4279.193320,0,25152.000000,2096.000000,200,20960.000000,14569.198684,,
1732474828647,00006,4279.193320,0,25152.000000,2096.000000,200,20960.000000,12521.880855,,
1732474828747,00003,4472.271024,0,25152.000000,2096.000000,200,20960.000000,0.000000,,
1732474828747,00001,4472.271024,0,25152.000000,2096.000000,200,20960.000000,9488.859956,,
1732474828747,00004,4472.271024,0,25152.000000,2096.000000,200,20960.000000,7519.425278,,
1732474828747,00009,4472.271024,0,25152.000000,2096.000000,200,20960.000000,0.000000,,
1732474828747,00002,4472.271024,0,25152.000000,2096.000000,200,20960.000000,8390.890641,,
1732474828747,00007,4472.271024,0,25152.000000,2096.000000,200,20960.000000,0.000000,,
1732474828747,00008,4472.271024,0,25152.000000,2096.000000,200,20960.000000,0.000000,,
1732474828747,00005,4472.271024,0,25152.000000,2096.000000,200,20960.000000,0.000000,,
1732474828747,00011,4472.271024,0,25152.000000,2096.000000,200,20960.000000,150.356926,,
1732474828747,00012,4472.271024,0,25152.000000,2096.000000,200,20960.000000,0.000000,,
1732474828747,00010,4472.271024,0,25152.000000,2096.000000,200,20960.000000,15234.699380,,
1732474828747,00006,4472.271024,0,25152.000000,2096.000000,200,20960.000000,12883.020109,,
1732474828847,00003,1.204207,0,125.760000,10.480000,1,104.800000,0.000000,,
1732474828847,00001,1.204207,0,125.760000,10.480000,1,104.800000,0.000000,,
1732474828847,00004,1.204207,0,125.760000,10.480000,1,104.800000,0.000000,,
1732474828847,00009,1.204207,0,125.760000,10.480000,1,104.800000,0.000000,,
1732474828847,00002,1.204207,0,125.760000,10.480000,1,104.800000,0.000000,,
1732474828847,00007,1.204207,0,125.760000,10.480000,1,104.800000,0.000000,,
1732474828847,00008,1.204207,0,125.760000,10.480000,1,104.800000,0.000000,,
1732474828847,00005,1.204207,0,125.760000,10.480000,1,104.800000,0.000000,,
1732474828847,00011,1.204207,0,125.760000,10.480000,1,104.800000,14.450480,,
1732474828847,00012,1.204207,0,125.760000,10.480000,1,104.800000,0.000000,,
1732474828847,00010,1.204207,0,125.760000,10.480000,1,104.800000,0.000000,,
1732474828847,00006,1.204207,0,125.760000,10.480000,1,104.800000,0.000000,,
1732474828947,00003,4994.952398,0,25152.000000,2096.000000,200,20960.000000,0.000000,,
1732474828947,00001,4994.952398,0,25152.000000,2096.000000,200,20960.000000,10703.401073,,
1732474828947,00004,4994.952398,0,25152.000000,2096.000000,200,20960.000000,8417.918937,,
1732474828947,00009,4994.952398,0,25152.000000,2096.000000,200,20960.000000,0.000000,,
1732474828947,00002,4994.952398,0,25152.000000,2096.000000,200,20960.000000,9617.565795,,
1732474828947,00007,4994.952398,0,25152.000000,2096.000000,200,20960.000000,0.000000,,
1732474828947,00008,4994.952398,0,25152.000000,2096.000000,200,20960.000000,0.000000,,
1732474828947,00005,4994.952398,0,25152.000000,2096.000000,200,20960.000000,0.000000,,
1732474828947,00011,4994.952398,0,25152.000000,2096.000000,200,20960.000000,17.788331,,
1732474828947,00012,4994.952398,0,25152.000000,2096.000000,200,20960.000000,0.000000,,
1732474828947,00010,4994.952398,0,25152.000000,2096.000000,200,20960.000000,16955.464440,,
1732474828947,00006,4994.952398,0,25152.000000,2096.000000,200,20960.000000,14227.290200,,
1732474829047,00003,5251.461266,0,25152.000000,2096.000000,200,20960.000000,0.000000,,
1732474829047,00001,5251.461266,0,25152.000000,2096.000000,200,20960.000000,11272.641813,,
1732474829047,00004,5251.461266,0,25152.000000,2096.000000,200,20960.000000,8707.423807,,
1732474829047,00009,5251.461266,0,25152.000000,2096.000000,200,20960.000000,0.000000,,
1732474829047,00002,5251.461266,0,25152.000000,2096.000000,200,20960.000000,10188.488163,,
1732474829047,00007,5251.461266,0,25152.000000,2096.000000,200,20960.000000,0.000000,,
1732474829047,00008,5251.461266,0,25152.000000,2096.000000,200,20960.000000,0.000000,,
1732474829047,00005,5251.461266,0,25152.000000,2096.000000,200,20960.000000,0.000000,,
1732474829047,00011,5251.461266,0,25152.000000,2096.000000,200,20960.000000,65.453946,,
1732474829047,00012,5251.461266,0,25152.000000,2096.000000,200,20960.000000,0.000000,,
1732474829047,00010,5251.461266,0,25152.000000,2096.000000,200,20960.000000,17922.139860,,
1732474829047,00006,5251.461266,0,25152.000000,2096.000000,200,20960.000000,14861.387604,,
1732474829147,00003,4224.593967,0,25152.000000,2096.000000,200,20960.000000,0.000000,,
1732474829147,00001,4224.593967,0,25152.000000,2096.000000,200,20960.000000,11767.475147,,
1732474829147,00004,4224.593967,0,25152.000000,2096.000000,200,20960.000000,9276.968689,,
1732474829147,00009,4224.593967,0,25152.000000,2096.000000,200,20960.000000,0.000000,,
1732474829147,00002,4224.593967,0,25152.000000,2096.000000,200,20960.000000,10844.292079,,
1732474829147,00007,4224.593967,0,25152.000000,2096.000000,200,20960.000000,0.000000,,
1732474829147,00008,4224.593967,0,25152.000000,2096.000000,200,20960.000000,0.000000,,
1732474829147,00005,4224.593967,0,25152.000000,2096.000000,200,20960.000000,0.000000,,
1732474829147,00011,4224.593967,0,25152.000000,2096.000000,200,20960.000000,211.863434,,
1732474829147,00012,4224.593967,0,25152.000000,2096.000000,200,20960.000000,0.000000,,
1732474829147,00010,4224.593967,0,25152.000000,2096.000000,200,20960.000000,18594.528250,,
1732474829147,00006,4224.593967,0,25152.000000,2096.000000,200,20960.000000,0.000000,,
1732474829247,00003,5899.576758,0,25152.000000,2096.000000,200,20960.000000,0.000000,,
1732474829247,00001,5899.576758,0,25152.000000,2096.000000,200,20960.000000,12782.679229,,
1732474829247,00004,5899.576758,0,25152.000000,2096.000000,200,20960.000000,9889.366929,,
1732474829247,00009,5899.576758,0,25152.000000,2096.000000,200,20960.000000,0.000000,,
1732474829247,00002,5899.576758,0,25152.000000,2096.000000,200,20960.000000,11584.582144,,
1732474829247,00007,5899.576758,0,25152.000000,2096.000000,200,20960.000000,0.000000,,
1732474829247,00008,5899.576758,0,25152.000000,2096.000000,200,20960.000000,0.000000,,
1732474829247,00005,5899.576758,0,25152.000000,2096.000000,200,20960.000000,0.000000,,
1732474829247,00011,5899.576758,0,25152.000000,2096.000000,200,20960.000000,161.767503,,
1732474829247,00012,5899.576758,0,25152.000000,2096.000000,200,20960.000000,0.000000,,
1732474829247,00010,5899.576758,0,25152.000000,2096.000000,200,20960.000000,19574.461280,,
1732474829247,00006,5899.576758,0,25152.000000,2096.000000,200,20960.000000,16802.064010,,
1732474829347,00003,6104.441488,0,25152.000000,2096.000000,200,20960.000000,0.000000,,
1732474829347,00001,6104.441488,0,25152.000000,2096.000000,200,20960.000000,13355.910524,,
1732474829347,00004,6104.441488,0,25152.000000,2096.000000,200,20960.000000,10341.891206,,
1732474829347,00009,6104.441488,0,25152.000000,2096.000000,200,20960.000000,0.000000,,
1732474829347,00002,6104.441488,0,25152.000000,2096.000000,200,20960.000000,12184.431615,,
1732474829347,00007,6104.441488,0,25152.000000,2096.000000,200,20960.000000,0.000000,,
1732474829347,00008,6104.441488,0,25152.000000,2096.000000,200,20960.000000,0.000000,,
1732474829347,00005,6104.441488,0,25152.000000,2096.000000,200,20960.000000,0.000000,,
1732474829347,00011,6104.441488,0,25152.000000,2096.000000,200,20960.000000,67.498108,,
1732474829347,00012,6104.441488,0,25152.000000,2096.000000,200,20960.000000,0.000000,,
1732474829347,00010,6104.441488,0,25152.000000,2096.000000,200,20960.000000,20116.809171,,
1732474829347,00006,6104.441488,0,25152.000000,2096.000000,200,20960.000000,17186.757232,,
1732474829447,00003,6352.558950,0,25152.000000,2096.000000,200,20960.000000,0.000000,,
1732474829447,00001,6352.558950,0,25152.000000,2096.000000,200,20960.000000,13748.019454,,
1732474829447,00004,6352.558950,0,25152.000000,2096.000000,200,20960.000000,10659.506247,,
1732474829447,00009,6352.558950,0,25152.000000,2096.000000,200,20960.000000,0.000000,,
1732474829447,00002,6352.558950,0,25152.000000,2096.000000,200,20960.000000,12790.488161,,
1732474829447,00007,6352.558950,0,25152.000000,2096.000000,200,20960.000000,0.000000,,
1732474829447,00008,6352.558950,0,25152.000000,2096.000000,200,20960.000000,0.000000,,
1732474829447,00005,6352.558950,0,25152.000000,2096.000000,200,20960.000000,0.000000,,
1732474829447,00011,6352.558950,0,25152.000000,2096.000000,200,20960.000000,53.952907,,
1732474829447,00012,6352.558950,0,25152.000000,2096.000000,200,20960.000000,0.000000,,
1732474829447,00010,6352.558950,0,25152.000000,2096.000000,200,20960.000000,20874.738379,,
1732474829447,00006,6352.558950,0,25152.000000,2096.000000,200,20960.000000,18104.002252,,
1732474829547,00003,6604.563722,0,25152.000000,2096.000000,200,20960.000000,0.000000,,
1732474829547,00001,6604.563722,0,25152.000000,2096.000000,200,20960.000000,14313.978130,,
1732474829547,00004,6604.563722,0,25152.000000,2096.000000,200,20960.000000,11093.768245,,
1732474829547,00009,6604.563722,0,25152.000000,2096.000000,200,20960.000000,0.000000,,
1732474829547,00002,6604.563722,0,25152.000000,2096.000000,200,20960.000000,13590.827443,,
1732474829547,00007,6604.563722,0,25152.000000,2096.000000,200,20960.000000,0.000000,,
1732474829547,00008,6604.563722,0,25152.000000,2096.000000,200,20960.000000,0.000000,,
1732474829547,00005,6604.563722,0,25152.000000,2096.000000,200,20960.000000,0.000000,,
1732474829547,00011,6604.563722,0,25152.000000,2096.000000,200,20960.000000,48.653649,,
1732474829547,00012,6604.563722,0,25152.000000,2096.000000,200,20960.000000,0.000000,,
1732474829547,00010,6604.563722,0,25152.000000,2096.000000,200,20960.000000,21694.282714,,
1732474829547,00006,6604.563722,0,25152.000000,2096.000000,200,20960.000000,18513.254480,,
1732474829647,00003,6974.024920,0,25152.000000,2096.000000,200,20960.000000,0.000000,,
1732474829647,00001,6974.024920,0,25152.000000,2096.000000,200,20960.000000,15171.961085,,
1732474829647,00004,6974.024920,0,25152.000000,2096.000000,200,20960.000000,11726.750984,,
1732474829647,00009,6974.024920,0,25152.000000,2096.000000,200,20960.000000,0.000000,,
1732474829647,00002,6974.024920,0,25152.000000,2096.000000,200,20960.000000,14194.186571,,
1732474829647,00007,6974.024920,0,25152.000000,2096.000000,200,20960.000000,0.000000,,
1732474829647,00008,6974.024920,0,25152.000000,2096.000000,200,20960.000000,0.000000,,
1732474829647,00005,6974.024920,0,25152.000000,2096.000000,200,20960.000000,0.000000,,
1732474829647,00011,6974.024920,0,25152.000000,2096.000000,200,20960.000000,128.019451,,
1732474829647,00012,6974.024920,0,25152.000000,2096.000000,200,20960.000000,0.000000,,
1732474829647,00010,6974.024920,0,25152.000000,2096.000000,200,20960.000000,22637.497000,,
1732474829647,00006,6974.024920,0,25152.000000,2096.000000,200,20960.000000,19829.883945,,
1732474829747,00003,7258.351184,0,25152.000000,2096.000000,200,20960.000000,0.000000,,
1732474829747,00001,7258.351184,0,25152.000000,2096.000000,200,20960.000000,15930.939436,,
1732474829747,00004,7258.351184,0,25152.000000,2096.000000,200,20960.000000,12453.468388,,
1732474829747,00009,7258.351184,0,25152.000000,2096.000000,200,20960.000000,0.000000,,
1732474829747,00002,7258.351184,0,25152.000000,2096.000000,200,20960.000000,14861.715263,,
1732474829747,00007,7258.351184,0,25152.000000,2096.000000,200,20960.000000,0.000000,,
1732474829747,00008,7258.351184,0,25152.000000,2096.000000,200,20960.000000,0.000000,,
1732474829747,00005,7258.351184,0,25152.000000,2096.000000,200,20960.000000,0.000000,,
1732474829747,00011,7258.351184,0,25152.000000,2096.000000,200,20960.000000,326.672978,,
1732474829747,00012,7258.351184,0,25152.000000,2096.000000,200,20960.000000,0.000000,,
1732474829747,00010,7258.351184,0,25152.000000,2096.000000,200,20960.000000,23286.663667,,
1732474829747,00006,7258.351184,0,25152.000000,2096.000000,200,20960.000000,20240.754480,,
1732474829847,00003,0.000000,0,125.760000,10.480000,1,104.800000,0.000000,,
1732474829847,00001,0.000000,0,125.760000,10.480000,1,104.800000,0.000000,,
1732474829847,00004,0.000000,0,125.760000,10.480000,1,104.800000,0.000000,,
1732474829847,00009,0.000000,0,125.760000,10.480000,1,104.800000,0.000000,,
1732474829847,00002,0.000000,0,125.760000,10.480000,1,104.800000,0.000000,,
1732474829847,00007,0.000000,0,125.760000,10.480000,1,104.800000,0.000000,,
1732474829847,00008,0.000000,0,125.760000,10.480000,1,104.800000,0.000000,,
1732474829847,00005,0.000000,0,125.760000,10.480000,1,104.800000,0.000000,,
1732474829847,00011,0.000000,0,125.760000,10.480000,1,104.800000,0.000000,,
1732474829847,00012,0.000000,0,125.760000,10.480000,1,104.800000,0.000000,,
1732474829847,00010,0.000000,0,125.760000,10.480000,1,104.800000,0.000000,,
1732474829847,00006,0.000000,0,125.760000,10.480000,1,104.800000,0.000000,,
1732474829947,00003,6036.837613,0,25152.000000,2096.000000,200,20960.000000,0.000000,,
1732474829947,00001,6036.837613,0,25152.000000,2096.000000,200,20960.000000,17402.237051,,
1732474829947,00004,6036.837613,0,25152.000000,2096.000000,200,20960.000000,13634.408485,,
1732474829947,00009,6036.837613,0,25152.000000,2096.000000,200,20960.000000,0.000000,,
1732474829947,00002,6036.837613,0,25152.000000,2096.000000,200,20960.000000,16057.095056,,
1732474829947,00007,6036.837613,0,25152.000000,2096.000000,200,20960.000000,0.000000,,
1732474829947,00008,6036.837613,0,25152.000000,2096.000000,200,20960.000000,0.000000,,
1732474829947,00005,6036.837613,0,25152.000000,2096.000000,200,20960.000000,0.000000,,
1732474829947,00011,6036.837613,0,25152.000000,2096.000000,200,20960.000000,475.099479,,
1732474829947,00012,6036.837613,0,25152.000000,2096.000000,200,20960.000000,0.000000,,
1732474829947,00010,6036.837613,0,25152.000000,2096.000000,200,20960.000000,24873.211280,,
1732474829947,00006,6036.837613,0,25152.000000,2096.000000,200,20960.000000,0.000000,,
1732474830047,00003,8272.680263,0,25152.000000,2096.000000,200,20960.000000,0.000000,,
1732474830047,00001,8272.680263,0,25152.000000,2096.000000,200,20960.000000,18001.111812,,
1732474830047,00004,8272.680263,0,25152.000000,2096.000000,200,20960.000000,14261.873019,,
1732474830047,00009,8272.680263,0,25152.000000,2096.000000,200,20960.000000,0.000000,,
1732474830047,00002,8272.680263,0,25152.000000,2096.000000,200,20960.000000,16803.443186,,
1732474830047,00007,8272.680263,0,25152.000000,2096.000000,200,20960.000000,0.000000,,
1732474830047,00008,8272.680263,0,25152.000000,2096.000000,200,20960.000000,0.000000,,
1732474830047,00005,8272.680263,0,25152.000000,2096.000000,200,20960.000000,0.000000,,
1732474830047,00011,8272.680263,0,25152.000000,2096.000000,200,20960.000000,633.968508,,
1732474830047,00012,8272.680263,0,25152.000000,2096.000000,200,20960.000000,0.000000,,
1732474830047,00010,8272.680263,0,25152.000000,2096.000000,200,20960.000000,26176.241743,,
1732474830047,00006,8272.680263,0,25152.000000,2096.000000,200,20960.000000,23395.524890,,
1732474830147,00003,8445.363706,0,25152.000000,2096.000000,200,20960.000000,0.000000,,
1732474830147,00001,8445.363706,0,25152.000000,2096.000000,200,20960.000000,18562.007472,,
1732474830147,00004,8445.363706,0,25152.000000,2096.000000,200,20960.000000,14527.843086,,
1732474830147,00009,8445.363706,0,25152.000000,2096.000000,200,20960.000000,0.000000,,
1732474830147,00002,8445.363706,0,25152.000000,2096.000000,200,20960.000000,17399.519491,,
1732474830147,00007,8445.363706,0,25152.000000,2096.000000,200,20960.000000,0.000000,,
1732474830147,00008,8445.363706,0,25152.000000,2096.000000,200,20960.000000,0.000000,,
1732474830147,00005,8445.363706,0,25152.000000,2096.000000,200,20960.000000,0.000000,,
1732474830147,00011,8445.363706,0,25152.000000,2096.000000,200,20960.000000,239.855815,,
1732474830147,00012,8445.363706,0,25152.000000,2096.000000,200,20960.000000,0.000000,,
1732474830147,00010,8445.363706,0,25152.000000,2096.000000,200,20960.000000,26693.032710,,
1732474830147,00006,8445.363706,0,25152.000000,2096.000000,200,20960.000000,23922.105897,,
1732474830247,00003,8687.088793,0,25152.000000,2096.000000,200,20960.000000,0.000000,,
1732474830247,00001,8687.088793,0,25152.000000,2096.000000,200,20960.000000,19075.712978,,
1732474830247,00004,8687.088793,0,25152.000000,2096.000000,200,20960.000000,15001.820045,,
1732474830247,00009,8687.088793,0,25152.000000,2096.000000,200,20960.000000,0.000000,,
1732474830247,00002,8687.088793,0,25152.000000,2096.000000,200,20960.000000,18112.063079,,
1732474830247,00007,8687.088793,0,25152.000000,2096.000000,200,20960.000000,0.000000,,
1732474830247,00008,8687.088793,0,25152.000000,2096.000000,200,20960.000000,0.000000,,
1732474830247,00005,8687.088793,0,25152.000000,2096.000000,200,20960.000000,0.000000,,
1732474830247,00011,8687.088793,0,25152.000000,2096.000000,200,20960.000000,32.220332,,
1732474830247,00012,8687.088793,0,25152.000000,2096.000000,200,20960.000000,0.000000,,
1732474830247,00010,8687.088793,0,25152.000000,2096.000000,200,20960.000000,27582.277217,,
1732474830247,00006,8687.088793,0,25152.000000,2096.000000,200,20960.000000,24440.971871,,
1732474830347,00003,8928.710305,0,25152.000000,2096.000000,200,20960.000000,0.000000,,
1732474830347,00001,8928.710305,0,25152.000000,2096.000000,200,20960.000000,19564.479128,,
1732474830347,00004,8928.710305,0,25152.000000,2096.000000,200,20960.000000,15312.490920,,
1732474830347,00009,8928.710305,0,25152.000000,2096.000000,200,20960.000000,0.000000,,
1732474830347,00002,8928.710305,0,25152.000000,2096.000000,200,20960.000000,18688.631936,,
1732474830347,00007,8928.710305,0,25152.000000,2096.000000,200,20960.000000,0.000000,,
1732474830347,00008,8928.710305,0,25152.000000,2096.000000,200,20960.000000,0.000000,,
1732474830347,00005,8928.710305,0,25152.000000,2096.000000,200,20960.000000,0.000000,,
1732474830347,00011,8928.710305,0,25152.000000,2096.000000,200,20960.000000,64.480759,,
1732474830347,00012,8928.710305,0,25152.000000,2096.000000,200,20960.000000,0.000000,,
1732474830347,00010,8928.710305,0,25152.000000,2096.000000,200,20960.000000,28400.425567,,
1732474830347,00006,8928.710305,0,25152.000000,2096.000000,200,20960.000000,25114.015350,,
1732474830447,00003,9162.453739,0,25152.000000,2096.000000,200,20960.000000,0.000000,,
1732474830447,00001,9162.453739,0,25152.000000,2096.000000,200,20960.000000,20140.842271,,
1732474830447,00004,9162.453739,0,25152.000000,2096.000000,200,20960.000000,15571.398856,,
1732474830447,00009,9162.453739,0,25152.000000,2096.000000,200,20960.000000,0.000000,,
1732474830447,00002,9162.453739,0,25152.000000,2096.000000,200,20960.000000,19333.899727,,
1732474830447,00007,9162.453739,0,25152.000000,2096.000000,200,20960.000000,0.000000,,
1732474830447,00008,9162.453739,0,25152.000000,2096.000000,200,20960.000000,0.000000,,
1732474830447,00005,9162.453739,0,25152.000000,2096.000000,200,20960.000000,0.000000,,
1732474830447,00011,9162.453739,0,25152.000000,2096.000000,200,20960.000000,128.619301,,
1732474830447,00012,9162.453739,0,25152.000000,2096.000000,200,20960.000000,0.000000,,
1732474830447,00010,9162.453739,0,25152.000000,2096.000000,200,20960.000000,29031.152459,,
1732474830447,00006,9162.453739,0,25152.000000,2096.000000,200,20960.000000,25743.532258,,
1732474830547,00003,9495.240044,0,25152.000000,2096.000000,200,20960.000000,0.000000,,
1732474830547,00001,9495.240044,0,25152.000000,2096.000000,200,20960.000000,20920.902472,,
1732474830547,00004,9495.240044,0,25152.000000,2096.000000,200,20960.000000,16082.356344,,
1732474830547,00009,9495.240044,0,25152.000000,2096.000000,200,20960.000000,0.000000,,
1732474830547,00002,9495.240044,0,25152.000000,2096.000000,200,20960.000000,20036.462951,,
1732474830547,00007,9495.240044,0,25152.000000,2096.000000,200,20960.000000,0.000000,,
1732474830547,00008,9495.240044,0,25152.000000,2096.000000,200,20960.000000,0.000000,,
1732474830547,00005,9495.240044,0,25152.000000,2096.000000,200,20960.000000,0.000000,,
1732474830547,00011,9495.240044,0,25152.000000,2096.000000,200,20960.000000,179.617735,,
1732474830547,00012,9495.240044,0,25152.000000,2096.000000,200,20960.000000,0.000000,,
1732474830547,00010,9495.240044,0,25152.000000,2096.000000,200,20960.000000,29910.063322,,
1732474830547,00006,9495.240044,0,25152.000000,2096.000000,200,20960.000000,26813.477700,,
1732474830647,00003,9802.643971,0,25152.000000,2096.000000,200,20960.000000,0.000000,,
1732474830647,00001,9802.643971,0,25152.000000,2096.000000,200,20960.000000,21610.370693,,
1732474830647,00004,9802.643971,0,25152.000000,2096.000000,200,20960.000000,16642.217407,,
1732474830647,00009,9802.643971,0,25152.000000,2096.000000,200,20960.000000,0.000000,,
1732474830647,00002,9802.643971,0,25152.000000,2096.000000,200,20960.000000,20655.903505,,
1732474830647,00007,9802.643971,0,25152.000000,2096.000000,200,20960.000000,0.000000,,
1732474830647,00008,9802.643971,0,25152.000000,2096.000000,200,20960.000000,0.000000,,
1732474830647,00005,9802.643971,0,25152.000000,2096.000000,200,20960.000000,0.000000,,
1732474830647,00011,9802.643971,0,25152.000000,2096.000000,200,20960.000000,226.345442,,
1732474830647,00012,9802.643971,0,25152.000000,2096.000000,200,20960.000000,0.000000,,
1732474830647,00010,9802.643971,0,25152.000000,2096.000000,200,20960.000000,30751.572626,,
1732474830647,00006,9802.643971,0,25152.000000,2096.000000,200,20960.000000,27745.317984,,
1732474830747,00003,10041.090917,0,25152.000000,2096.000000,200,20960.000000,0.000000,,
1732474830747,00001,10041.090917,0,25152.000000,2096.000000,200,20960.000000,22213.674127,,
1732474830747,00004,10041.090917,0,25152.000000,2096.000000,200,20960.000000,17053.964234,,
1732474830747,00009,10041.090917,0,25152.000000,2096.000000,200,20960.000000,0.000000,,
1732474830747,00002,10041.090917,0,25152.000000,2096.000000,200,20960.000000,21292.578822,,
1732474830747,00007,10041.090917,0,25152.000000,2096.000000,200,20960.000000,0.000000,,
1732474830747,00008,10041.090917,0,25152.000000,2096.000000,200,20960.000000,0.000000,,
1732474830747,00005,10041.090917,0,25152.000000,2096.000000,200,20960.000000,0.000000,,
1732474830747,00011,10041.090917,0,25152.000000,2096.000000,200,20960.000000,48.364559,,
1732474830747,00012,10041.090917,0,25152.000000,2096.000000,200,20960.000000,0.000000,,
1732474830747,00010,10041.090917,0,25152.000000,2096.000000,200,20960.000000,31522.497003,,
1732474830747,00006,10041.090917,0,25152.000000,2096.000000,200,20960.000000,28362.012255,,
1732474830847,00003,7001.735090,0,125.760000,10.480000,1,104.800000,0.000000,,
1732474830847,00001,7001.735090,0,125.760000,10.480000,1,104.800000,0.000000,,
1732474830847,00004,7001.735090,0,125.760000,10.480000,1,104.800000,0.000000,,
1732474830847,00009,7001.735090,0,125.760000,10.480000,1,104.800000,0.000000,,
1732474830847,00002,7001.735090,0,125.760000,10.480000,1,104.800000,22060.797680,,
1732474830847,00007,7001.735090,0,125.760000,10.480000,1,104.800000,0.000000,,
1732474830847,00008,7001.735090,0,125.760000,10.480000,1,104.800000,0.000000,,
1732474830847,00005,7001.735090,0,125.760000,10.480000,1,104.800000,0.000000,,
1732474830847,00011,7001.735090,0,125.760000,10.480000,1,104.800000,87.664770,,
1732474830847,00012,7001.735090,0,125.760000,10.480000,1,104.800000,0.000000,,
1732474830847,00010,7001.735090,0,125.760000,10.480000,1,104.800000,32649.104150,,
1732474830847,00006,7001.735090,0,125.760000,10.480000,1,104.800000,29223.254480,,
1732474830947,00003,10564.893830,0,25152.000000,2096.000000,200,20960.000000,0.000000,,
1732474830947,00001,10564.893830,0,25152.000000,2096.000000,200,20960.000000,23155.108153,,
1732474830947,00004,10564.893830,0,25152.000000,2096.000000,200,20960.000000,18210.110017,,
1732474830947,00009,10564.893830,0,25152.000000,2096.000000,200,20960.000000,0.000000,,
1732474830947,00002,10564.893830,0,25152.000000,2096.000000,200,20960.000000,22320.628128,,
1732474830947,00007,10564.893830,0,25152.000000,2096.000000,200,20960.000000,0.000000,,
1732474830947,00008,10564.893830,0,25152.000000,2096.000000,200,20960.000000,0.000000,,
1732474830947,00005,10564.893830,0,25152.000000,2096.000000,200,20960.000000,0.000000,,
1732474830947,00011,10564.893830,0,25152.000000,2096.000000,200,20960.000000,205.299843,,
1732474830947,00012,10564.893830,0,25152.000000,2096.000000,200,20960.000000,0.000000,,
1732474830947,00010,10564.893830,0,25152.000000,2096.000000,200,20960.000000,33342.854150,,
1732474830947,00006,10564.893830,0,25152.000000,2096.000000,200,20960.000000,29544.725665,,
1732474831047,00003,10800.918318,0,25152.000000,2096.000000,200,20960.000000,0.000000,,
1732474831047,00001,10800.918318,0,25152.000000,2096.000000,200,20960.000000,23637.037718,,
1732474831047,00004,10800.918318,0,25152.000000,2096.000000,200,20960.000000,18761.065202,,
1732474831047,00009,10800.918318,0,25152.000000,2096.000000,200,20960.000000,0.000000,,
1732474831047,00002,10800.918318,0,25152.000000,2096.000000,200,20960.000000,22795.755890,,
1732474831047,00007,10800.918318,0,25152.000000,2096.000000,200,20960.000000,0.000000,,
1732474831047,00008,10800.918318,0,25152.000000,2096.000000,200,20960.000000,0.000000,,
1732474831047,00005,10800.918318,0,25152.000000,2096.000000,200,20960.000000,0.000000,,
1732474831047,00011,10800.918318,0,25152.000000,2096.000000,200,20960.000000,365.759699,,
1732474831047,00012,10800.918318,0,25152.000000,2096.000000,200,20960.000000,0.000000,,
1732474831047,00010,10800.918318,0,25152.000000,2096.000000,200,20960.000000,34065.133429,,
1732474831047,00006,10800.918318,0,25152.000000,2096.000000,200,20960.000000,29986.267874,,
1732474831147,00003,11116.202883,0,25152.000000,2096.000000,200,20960.000000,0.000000,,
1732474831147,00001,11116.202883,0,25152.000000,2096.000000,200,20960.000000,24397.214730,,
1732474831147,00004,11116.202883,0,25152.000000,2096.000000,200,20960.000000,19369.999692,,
1732474831147,00009,11116.202883,0,25152.000000,2096.000000,200,20960.000000,0.000000,,
1732474831147,00002,11116.202883,0,25152.000000,2096.000000,200,20960.000000,23340.096796,,
1732474831147,00007,11116.202883,0,25152.000000,2096.000000,200,20960.000000,0.000000,,
1732474831147,00008,11116.202883,0,25152.000000,2096.000000,200,20960.000000,0.000000,,
1732474831147,00005,11116.202883,0,25152.000000,2096.000000,200,20960.000000,0.000000,,
1732474831147,00011,11116.202883,0,25152.000000,2096.000000,200,20960.000000,471.896794,,
1732474831147,00012,11116.202883,0,25152.000000,2096.000000,200,20960.000000,0.000000,,
1732474831147,00010,11116.202883,0,25152.000000,2096.000000,200,20960.000000,34798.475214,,
1732474831147,00006,11116.202883,0,25152.000000,2096.000000,200,20960.000000,31016.751370,,
1732474831247,00003,11407.852266,0,25152.000000,2096.000000,200,20960.000000,0.000000,,
1732474831247,00001,11407.852266,0,25152.000000,2096.000000,200,20960.000000,24981.641813,,
1732474831247,00004,11407.852266,0,25152.000000,2096.000000,200,20960.000000,20074.029188,,
1732474831247,00009,11407.852266,0,25152.000000,2096.000000,200,20960.000000,0.000000,,
1732474831247,00002,11407.852266,0,25152.000000,2096.000000,200,20960.000000,24065.981666,,
1732474831247,00007,11407.852266,0,25152.000000,2096.000000,200,20960.000000,0.000000,,
1732474831247,00008,11407.852266,0,25152.000000,2096.000000,200,20960.000000,0.000000,,
1732474831247,00005,11407.852266,0,25152.000000,2096.000000,200,20960.000000,0.000000,,
1732474831247,00011,11407.852266,0,25152.000000,2096.000000,200,20960.000000,600.602805,,
1732474831247,00012,11407.852266,0,25152.000000,2096.000000,200,20960.000000,0.000000,,
1732474831247,00010,11407.852266,0,25152.000000,2096.000000,200,20960.000000,35583.717237,,
1732474831247,00006,11407.852266,0,25152.000000,2096.000000,200,20960.000000,31588.254480,,
1732474831347,00003,11751.791340,0,25152.000000,2096.000000,200,20960.000000,0.000000,,
1732474831347,00001,11751.791340,0,25152.000000,2096.000000,200,20960.000000,25934.022766,,
1732474831347,00004,11751.791340,0,25152.000000,2096.000000,200,20960.000000,20567.616144,,
1732474831347,00009,11751.791340,0,25152.000000,2096.000000,200,20960.000000,0.000000,,
1732474831347,00002,11751.791340,0,25152.000000,2096.000000,200,20960.000000,24798.185507,,
1732474831347,00007,11751.791340,0,25152.000000,2096.000000,200,20960.000000,0.000000,,
1732474831347,00008,11751.791340,0,25152.000000,2096.000000,200,20960.000000,0.000000,,
1732474831347,00005,11751.791340,0,25152.000000,2096.000000,200,20960.000000,0.000000,,
1732474831347,00011,11751.791340,0,25152.000000,2096.000000,200,20960.000000,756.321970,,
1732474831347,00012,11751.791340,0,25152.000000,2096.000000,200,20960.000000,0.000000,,
1732474831347,00010,11751.791340,0,25152.000000,2096.000000,200,20960.000000,36547.095210,,
1732474831347,00006,11751.791340,0,25152.000000,2096.000000,200,20960.000000,32418.254480,,
1732474831447,00003,12096.503121,0,25152.000000,2096.000000,200,20960.000000,0.000000,,
1732474831447,00001,12096.503121,0,25152.000000,2096.000000,200,20960.000000,26655.445928,,
1732474831447,00004,12096.503121,0,25152.000000,2096.000000,200,20960.000000,21208.097510,,
1732474831447,00009,12096.503121,0,25152.000000,2096.000000,200,20960.000000,0.000000,,
1732474831447,00002,12096.503121,0,25152.000000,2096.000000,200,20960.000000,25465.126832,,
1732474831447,00007,12096.503121,0,25152.000000,2096.000000,200,20960.000000,0.000000,,
1732474831447,00008,12096.503121,0,25152.000000,2096.000000,200,20960.000000,0.000000,,
1732474831447,00005,12096.503121,0,25152.000000,2096.000000,200,20960.000000,0.000000,,
1732474831447,00011,12096.503121,0,25152.000000,2096.000000,200,20960.000000,922.278700,,
1732474831447,00012,12096.503121,0,25152.000000,2096.000000,200,20960.000000,0.000000,,
1732474831447,00010,12096.503121,0,25152.000000,2096.000000,200,20960.000000,37378.449383,,
1732474831447,00006,12096.503121,0,25152.000000,2096.000000,200,20960.000000,33528.639095,,
1732474831547,00003,12292.184007,0,25152.000000,2096.000000,200,20960.000000,0.000000,,
1732474831547,00001,12292.184007,0,25152.000000,2096.000000,200,20960.000000,27177.933178,,
1732474831547,00004,12292.184007,0,25152.000000,2096.000000,200,20960.000000,21590.510581,,
1732474831547,00009,12292.184007,0,25152.000000,2096.000000,200,20960.000000,0.000000,,
1732474831547,00002,12292.184007,0,25152.000000,2096.000000,200,20960.000000,25697.609377,,
1732474831547,00007,12292.184007,0,25152.000000,2096.000000,200,20960.000000,0.000000,,
1732474831547,00008,12292.184007,0,25152.000000,2096.000000,200,20960.000000,0.000000,,
1732474831547,00005,12292.184007,0,25152.000000,2096.000000,200,20960.000000,0.000000,,
1732474831547,00011,12292.184007,0,25152.000000,2096.000000,200,20960.000000,1099.266115,,
1732474831547,00012,12292.184007,0,25152.000000,2096.000000,200,20960.000000,0.000000,,
1732474831547,00010,12292.184007,0,25152.000000,2096.000000,200,20960.000000,38139.558694,,
1732474831547,00006,12292.184007,0,25152.000000,2096.000000,200,20960.000000,33801.330138,,
1732474831647,00003,12547.239460,0,25152.000000,2096.000000,200,20960.000000,0.000000,,
1732474831647,00001,12547.239460,0,25152.000000,2096.000000,200,20960.000000,27921.161744,,
1732474831647,00004,12547.239460,0,25152.000000,2096.000000,200,20960.000000,22006.805606,,
1732474831647,00009,12547.239460,0,25152.000000,2096.000000,200,20960.000000,0.000000,,
1732474831647,00002,12547.239460,0,25152.000000,2096.000000,200,20960.000000,26047.578762,,
1732474831647,00007,12547.239460,0,25152.000000,2096.000000,200,20960.000000,0.000000,,
1732474831647,00008,12547.239460,0,25152.000000,2096.000000,200,20960.000000,0.000000,,
1732474831647,00005,12547.239460,0,25152.000000,2096.000000,200,20960.000000,0.000000,,
1732474831647,00011,12547.239460,0,25152.000000,2096.000000,200,20960.000000,1330.788168,,
1732474831647,00012,12547.239460,0,25152.000000,2096.000000,200,20960.000000,0.000000,,
1732474831647,00010,12547.239460,0,25152.000000,2096.000000,200,20960.000000,39050.349039,,
1732474831647,00006,12547.239460,0,25152.000000,2096.000000,200,20960.000000,34210.190197,,
1732474831747,00003,12797.313904,0,25152.000000,2096.000000,200,20960.000000,0.000000,,
1732474831747,00001,12797.313904,0,25152.000000,2096.000000,200,20960.000000,28550.087333,,
1732474831747,00004,12797.313904,0,25152.000000,2096.000000,200,20960.000000,22347.346025,,
1732474831747,00009,12797.313904,0,25152.000000,2096.000000,200,20960.000000,0.000000,,
1732474831747,00002,12797.313904,0,25152.000000,2096.000000,200,20960.000000,26714.398877,,
1732474831747,00007,12797.313904,0,25152.000000,2096.000000,200,20960.000000,0.000000,,
1732474831747,00008,12797.313904,0,25152.000000,2096.000000,200,20960.000000,0.000000,,
1732474831747,00005,12797.313904,0,25152.000000,2096.000000,200,20960.000000,0.000000,,
1732474831747,00011,12797.313904,0,25152.000000,2096.000000,200,20960.000000,1033.545612,,
1732474831747,00012,12797.313904,0,25152.000000,2096.000000,200,20960.000000,0.000000,,
1732474831747,00010,12797.313904,0,25152.000000,2096.000000,200,20960.000000,40071.239858,,
1732474831747,00006,12797.313904,0,25152.000000,2096.000000,200,20960.000000,34851.149144,,
