timestamp,ueImsiComplete,plmId,nrCellId,dlAvailablePrbs,ulAvailablePrbs,qci,dlPrbUsage,ulPrbUsage,TB.TotNbrDl.1,TB.TotNbrDlInitial,TB.TotNbrDlInitial.Qpsk,TB.TotNbrDlInitial.16Qam,TB.TotNbrDlInitial.64Qam,RRU.PrbUsedDl,TB.ErrTotalNbrDl.1,QosFlow.PdcpPduVolumeDL_Filter,CARR.PDSCHMCSDist.Bin1,CARR.PDSCHMCSDist.Bin2,CARR.PDSCHMCSDist.Bin3,CARR.PDSCHMCSDist.Bin4,CARR.PDSCHMCSDist.Bin5,CARR.PDSCHMCSDist.Bin6,L1M.RS-SINR.Bin34,L1M.RS-SINR.Bin46, L1M.RS-SINR.Bin58,L1M.RS-SINR.Bin70,L1M.RS-SINR.Bin82,L1M.RS-SINR.Bin94,L1M.RS-SINR.Bin127,DRB.BufferSize.Qos,DRB.MeanActiveUeDl,TB.TotNbrDl.1.UEID,TB.TotNbrDlInitial.UEID,TB.TotNbrDlInitial.Qpsk.UEID,TB.TotNbrDlInitial.16Qam.UEID,TB.TotNbrDlInitial.64Qam.UEID,TB.ErrTotalNbrDl.1.UEID,QosFlow.PdcpPduVolumeDL_Filter.UEID,RRU.PrbUsedDl.UEID,CARR.PDSCHMCSDist.Bin1.UEID,CARR.PDSCHMCSDist.Bin2.UEID,CARR.PDSCHMCSDist.Bin3.UEID,CARR.PDSCHMCSDist.Bin4.UEID,CARR.PDSCHMCSDist.Bin5.UEID,CARR.PDSCHMCSDist.Bin6.UEID,L1M.RS-SINR.Bin34.UEID, L1M.RS-SINR.Bin46.UEID,L1M.RS-SINR.Bin58.UEID,L1M.RS-SINR.Bin70.UEID,L1M.RS-SINR.Bin82.UEID,L1M.RS-SINR.Bin94.UEID,L1M.RS-SINR.Bin127.UEID,DRB.BufferSize.Qos.UEID,DRB.UEThpDl.UEID, DRB.UEThpDlPdcpBased.UEID
1732474826947,00001,111,2,139,139,1,0,0,0,0,0,0,0,0,0,0,0,0,0,0,0,0,0,0,0,0,0,0,0,0,10,0,0,0,0,0,0,0,0.000000,0,0,0,0,0,0,0,0,0,0,0,0,0,0,0.000000,0.000000
1732474826947,00002,111,2,139,139,1,0,0,0,0,0,0,0,0,0,0,0,0,0,0,0,0,0,0,0,0,0,0,0,0,10,0,0,0,0,0,0,0,0.000000,0,0,0,0,0,0,0,0,0,0,0,0,0,0,0.000000,0.000000
1732474826947,00003,111,2,139,139,1,0,0,0,0,0,0,0,0,0,0,0,0,0,0,0,0,0,0,0,0,0,0,0,0,10,0,0,0,0,0,0,0,0.000000,0,0,0,0,0,0,0,0,0,0,0,0,0,0,0.000000,0.000000
1732474826947,00005,111,2,139,139,1,0,0,0,0,0,0,0,0,0,0,0,0,0,0,0,0,0,0,0,0,0,0,0,0,10,0,0,0,0,0,0,0,0.000000,0,0,0,0,0,0,0,0,0,0,0,0,0,0,0.000000,0.000000
1732474826947,00006,111,2,139,139,1,0,0,0,0,0,0,0,0,0,0,0,0,0,0,0,0,0,0,0,0,0,0,0,0,10,0,0,0,0,0,0,0,0.000000,0,0,0,0,0,0,0,0,0,0,0,0,0,0,0.000000,0.000000
1732474826947,00007,111,2,139,139,1,0,0,0,0,0,0,0,0,0,0,0,0,0,0,0,0,0,0,0,0,0,0,0,0,10,0,0,0,0,0,0,0,0.000000,0,0,0,0,0,0,0,0,0,0,0,0,0,0,0.000000,0.000000
1732474826947,00008,111,2,139,139,1,0,0,0,0,0,0,0,0,0,0,0,0,0,0,0,0,0,0,0,0,0,0,0,0,10,0,0,0,0,0,0,0,0.000000,0,0,0,0,0,0,0,0,0,0,0,0,0,0,0.000000,0.000000
1732474826947,00009,111,2,139,139,1,0,0,0,0,0,0,0,0,0,0,0,0,0,0,0,0,0,0,0,0,0,0,0,0,10,0,0,0,0,0,0,0,0.000000,0,0,0,0,0,0,0,0,0,0,0,0,0,0,0.000000,0.000000
1732474826947,00010,111,2,139,139,1,0,0,0,0,0,0,0,0,0,0,0,0,0,0,0,0,0,0,0,0,0,0,0,0,10,0,0,0,0,0,0,0,0.000000,0,0,0,0,0,0,0,0,0,0,0,0,0,0,0.000000,0.000000
1732474826947,00012,111,2,139,139,1,0,0,0,0,0,0,0,0,0,0,0,0,0,0,0,0,0,0,0,0,0,0,0,0,10,0,0,0,0,0,0,0,0.000000,0,0,0,0,0,0,0,0,0,0,0,0,0,0,0.000000,0.000000
1732474827047,00001,111,2,139,139,1,73,0,712,531,14,498,200,102,181,388426,14,0,494,13,89,102,0,0,315,310,46,9,32,2089030,10,354,252,3,239,112,102,205108,52.323571,3,0,239,0,10,102,0,0,314,0,3,8,29,130047,3304.000000,6392.000000
1732474827047,00002,111,2,139,139,1,73,0,712,531,14,498,200,102,181,388426,14,0,494,13,89,102,0,0,315,310,46,9,32,2089030,10,350,271,3,259,88,79,183294,50.635714,3,0,255,13,79,0,0,0,0,310,40,0,0,104023,4210.000000,9012.000000
1732474827047,00003,111,2,139,139,1,73,0,712,531,14,498,200,102,181,388426,14,0,494,13,89,102,0,0,315,310,46,9,32,2089030,10,1,1,1,0,0,0,3,0.024821,1,0,0,0,0,0,0,0,0,0,0,0,1,231870,0.000000,0.000000
1732474827047,00005,111,2,139,139,1,73,0,712,531,14,498,200,102,181,388426,14,0,494,13,89,102,0,0,315,310,46,9,32,2089030,10,1,1,1,0,0,0,3,0.024821,1,0,0,0,0,0,0,0,0,0,1,0,0,231870,0.000000,0.000000
1732474827047,00006,111,2,139,139,1,73,0,712,531,14,498,200,102,181,388426,14,0,494,13,89,102,0,0,315,310,46,9,32,2089030,10,1,1,1,0,0,0,3,0.024821,1,0,0,0,0,0,0,0,1,0,0,0,0,231870,0.000000,0.000000
1732474827047,00007,111,2,139,139,1,73,0,712,531,14,498,200,102,181,388426,14,0,494,13,89,102,0,0,315,310,46,9,32,2089030,10,1,1,1,0,0,0,3,0.024821,1,0,0,0,0,0,0,0,0,0,1,0,0,231870,0.000000,0.000000
1732474827047,00008,111,2,139,139,1,73,0,712,531,14,498,200,102,181,388426,14,0,494,13,89,102,0,0,315,310,46,9,32,2089030,10,1,1,1,0,0,0,3,0.024821,1,0,0,0,0,0,0,0,0,0,0,1,0,231870,0.000000,0.000000
1732474827047,00009,111,2,139,139,1,73,0,712,531,14,498,200,102,181,388426,14,0,494,13,89,102,0,0,315,310,46,9,32,2089030,10,1,1,1,0,0,0,3,0.024821,1,0,0,0,0,0,0,0,0,0,0,0,1,231870,0.000000,0.000000
1732474827047,00010,111,2,139,139,1,73,0,712,531,14,498,200,102,181,388426,14,0,494,13,89,102,0,0,315,310,46,9,32,2089030,10,1,1,1,0,0,0,3,0.024821,1,0,0,0,0,0,0,0,0,0,1,0,0,231870,0.000000,0.000000
1732474827047,00012,111,2,139,139,1,73,0,712,531,14,498,200,102,181,388426,14,0,494,13,89,102,0,0,315,310,46,9,32,2089030,10,1,1,1,0,0,0,3,0.024821,1,0,0,0,0,0,0,0,0,0,0,0,1,231870,0.000000,0.000000
1732474827147,00001,111,2,139,139,1,82,0,810,526,225,269,316,115,284,431043,0,225,260,61,99,165,0,0,657,12,75,20,46,4503335,10,407,254,225,1,181,153,264077,58.901250,0,225,1,0,16,165,0,0,330,0,11,20,46,280685,2942.000000,2724.000000
1732474827147,00002,111,2,139,139,1,82,0,810,526,225,269,316,115,284,431043,0,225,260,61,99,165,0,0,657,12,75,20,46,4503335,10,403,272,0,268,135,131,166966,57.660179,0,0,259,61,83,0,0,0,327,12,64,0,0,271690,3482.000000,4611.000000
1732474827147,00003,111,2,139,139,1,82,0,810,526,225,269,316,115,284,431043,0,225,260,61,99,165,0,0,657,12,75,20,46,4503335,10,0,0,0,0,0,0,0,0.000000,0,0,0,0,0,0,0,0,0,0,0,0,0,493870,0.000000,0.000000
1732474827147,00005,111,2,139,139,1,82,0,810,526,225,269,316,115,284,431043,0,225,260,61,99,165,0,0,657,12,75,20,46,4503335,10,0,0,0,0,0,0,0,0.000000,0,0,0,0,0,0,0,0,0,0,0,0,0,493870,0.000000,0.000000
1732474827147,00006,111,2,139,139,1,82,0,810,526,225,269,316,115,284,431043,0,225,260,61,99,165,0,0,657,12,75,20,46,4503335,10,0,0,0,0,0,0,0,0.000000,0,0,0,0,0,0,0,0,0,0,0,0,0,493870,0.000000,0.000000
1732474827147,00007,111,2,139,139,1,82,0,810,526,225,269,316,115,284,431043,0,225,260,61,99,165,0,0,657,12,75,20,46,4503335,10,0,0,0,0,0,0,0,0.000000,0,0,0,0,0,0,0,0,0,0,0,0,0,493870,0.000000,0.000000
1732474827147,00008,111,2,139,139,1,82,0,810,526,225,269,316,115,284,431043,0,225,260,61,99,165,0,0,657,12,75,20,46,4503335,10,0,0,0,0,0,0,0,0.000000,0,0,0,0,0,0,0,0,0,0,0,0,0,493870,0.000000,0.000000
1732474827147,00009,111,2,139,139,1,82,0,810,526,225,269,316,115,284,431043,0,225,260,61,99,165,0,0,657,12,75,20,46,4503335,10,0,0,0,0,0,0,0,0.000000,0,0,0,0,0,0,0,0,0,0,0,0,0,493870,0.000000,0.000000
1732474827147,00010,111,2,139,139,1,82,0,810,526,225,269,316,115,284,431043,0,225,260,61,99,165,0,0,657,12,75,20,46,4503335,10,0,0,0,0,0,0,0,0.000000,0,0,0,0,0,0,0,0,0,0,0,0,0,493870,0.000000,0.000000
1732474827147,00012,111,2,139,139,1,82,0,810,526,225,269,316,115,284,431043,0,225,260,61,99,165,0,0,657,12,75,20,46,4503335,10,0,0,0,0,0,0,0,0.000000,0,0,0,0,0,0,0,0,0,0,0,0,0,493870,0.000000,0.000000
1732474827247,00001,111,2,139,139,1,84,0,811,630,298,181,332,117,181,424392,0,298,181,136,83,113,0,0,370,228,172,20,21,6090312,9,411,305,298,0,113,106,196554,60.067857,0,298,0,0,0,113,0,0,370,0,0,20,21,441835,2766.000000,4611.000000
1732474827247,00002,111,2,139,139,1,84,0,811,630,298,181,332,117,181,424392,0,298,181,136,83,113,0,0,370,228,172,20,21,6090312,9,400,325,0,181,219,75,227838,57.858750,0,0,181,136,83,0,0,0,0,228,172,0,0,357387,3968.000000,14043.000000
1732474827247,00003,111,2,139,139,1,84,0,811,630,298,181,332,117,181,424392,0,298,181,136,83,113,0,0,370,228,172,20,21,6090312,9,0,0,0,0,0,0,0,0.000000,0,0,0,0,0,0,0,0,0,0,0,0,0,755870,0.000000,0.000000
1732474827247,00005,111,2,139,139,1,84,0,811,630,298,181,332,117,181,424392,0,298,181,136,83,113,0,0,370,228,172,20,21,6090312,9,0,0,0,0,0,0,0,0.000000,0,0,0,0,0,0,0,0,0,0,0,0,0,755870,0.000000,0.000000
1732474827247,00007,111,2,139,139,1,84,0,811,630,298,181,332,117,181,424392,0,298,181,136,83,113,0,0,370,228,172,20,21,6090312,9,0,0,0,0,0,0,0,0.000000,0,0,0,0,0,0,0,0,0,0,0,0,0,755870,0.000000,0.000000
1732474827247,00008,111,2,139,139,1,84,0,811,630,298,181,332,117,181,424392,0,298,181,136,83,113,0,0,370,228,172,20,21,6090312,9,0,0,0,0,0,0,0,0.000000,0,0,0,0,0,0,0,0,0,0,0,0,0,755870,0.000000,0.000000
1732474827247,00009,111,2,139,139,1,84,0,811,630,298,181,332,117,181,424392,0,298,181,136,83,113,0,0,370,228,172,20,21,6090312,9,0,0,0,0,0,0,0,0.000000,0,0,0,0,0,0,0,0,0,0,0,0,0,755870,0.000000,0.000000
1732474827247,00010,111,2,139,139,1,84,0,811,630,298,181,332,117,181,424392,0,298,181,136,83,113,0,0,370,228,172,20,21,6090312,9,0,0,0,0,0,0,0,0.000000,0,0,0,0,0,0,0,0,0,0,0,0,0,755870,0.000000,0.000000
1732474827247,00012,111,2,139,139,1,84,0,811,630,298,181,332,117,181,424392,0,298,181,136,83,113,0,0,370,228,172,20,21,6090312,9,0,0,0,0,0,0,0,0.000000,0,0,0,0,0,0,0,0,0,0,0,0,0,755870,0.000000,0.000000
1732474827347,00001,111,2,139,139,1,84,0,812,713,127,268,417,117,99,482619,0,127,266,132,274,13,0,0,170,384,26,232,0,8042841,9,408,349,127,0,281,59,311349,59.596250,0,127,0,0,268,13,0,0,170,0,6,232,0,445539,3963.000000,19912.000000
1732474827347,00002,111,2,139,139,1,84,0,812,713,127,268,417,117,99,482619,0,127,266,132,274,13,0,0,170,384,26,232,0,8042841,9,404,364,0,268,136,40,171270,58.752321,0,0,266,132,6,0,0,0,0,384,20,0,0,472212,3988.000000,11527.000000
1732474827347,00003,111,2,139,139,1,84,0,812,713,127,268,417,117,99,482619,0,127,266,132,274,13,0,0,170,384,26,232,0,8042841,9,0,0,0,0,0,0,0,0.000000,0,0,0,0,0,0,0,0,0,0,0,0,0,1017870,0.000000,0.000000
1732474827347,00005,111,2,139,139,1,84,0,812,713,127,268,417,117,99,482619,0,127,266,132,274,13,0,0,170,384,26,232,0,8042841,9,0,0,0,0,0,0,0,0.000000,0,0,0,0,0,0,0,0,0,0,0,0,0,1017870,0.000000,0.000000
1732474827347,00007,111,2,139,139,1,84,0,812,713,127,268,417,117,99,482619,0,127,266,132,274,13,0,0,170,384,26,232,0,8042841,9,0,0,0,0,0,0,0,0.000000,0,0,0,0,0,0,0,0,0,0,0,0,0,1017870,0.000000,0.000000
1732474827347,00008,111,2,139,139,1,84,0,812,713,127,268,417,117,99,482619,0,127,266,132,274,13,0,0,170,384,26,232,0,8042841,9,0,0,0,0,0,0,0,0.000000,0,0,0,0,0,0,0,0,0,0,0,0,0,1017870,0.000000,0.000000
1732474827347,00009,111,2,139,139,1,84,0,812,713,127,268,417,117,99,482619,0,127,266,132,274,13,0,0,170,384,26,232,0,8042841,9,0,0,0,0,0,0,0,0.000000,0,0,0,0,0,0,0,0,0,0,0,0,0,1017870,0.000000,0.000000
1732474827347,00010,111,2,139,139,1,84,0,812,713,127,268,417,117,99,482619,0,127,266,132,274,13,0,0,170,384,26,232,0,8042841,9,0,0,0,0,0,0,0,0.000000,0,0,0,0,0,0,0,0,0,0,0,0,0,1017870,0.000000,0.000000
1732474827347,00012,111,2,139,139,1,84,0,812,713,127,268,417,117,99,482619,0,127,266,132,274,13,0,0,170,384,26,232,0,8042841,9,0,0,0,0,0,0,0,0.000000,0,0,0,0,0,0,0,0,0,0,0,0,0,1017870,0.000000,0.000000
1732474827447,00001,111,2,139,139,1,84,0,800,682,268,380,152,117,118,381911,0,268,115,284,116,17,0,0,310,395,4,91,0,10104628,9,401,334,268,0,133,67,176180,59.670714,0,268,0,0,116,17,0,0,310,0,0,91,0,587026,3807.000000,7545.000000
1732474827447,00002,111,2,139,139,1,84,0,800,682,268,380,152,117,118,381911,0,268,115,284,116,17,0,0,310,395,4,91,0,10104628,9,399,348,0,380,19,51,205731,58.677857,0,0,115,284,0,0,0,0,0,395,4,0,0,558512,4146.000000,13624.000000
1732474827447,00003,111,2,139,139,1,84,0,800,682,268,380,152,117,118,381911,0,268,115,284,116,17,0,0,310,395,4,91,0,10104628,9,0,0,0,0,0,0,0,0.000000,0,0,0,0,0,0,0,0,0,0,0,0,0,1279870,0.000000,0.000000
1732474827447,00005,111,2,139,139,1,84,0,800,682,268,380,152,117,118,381911,0,268,115,284,116,17,0,0,310,395,4,91,0,10104628,9,0,0,0,0,0,0,0,0.000000,0,0,0,0,0,0,0,0,0,0,0,0,0,1279870,0.000000,0.000000
1732474827447,00007,111,2,139,139,1,84,0,800,682,268,380,152,117,118,381911,0,268,115,284,116,17,0,0,310,395,4,91,0,10104628,9,0,0,0,0,0,0,0,0.000000,0,0,0,0,0,0,0,0,0,0,0,0,0,1279870,0.000000,0.000000
1732474827447,00008,111,2,139,139,1,84,0,800,682,268,380,152,117,118,381911,0,268,115,284,116,17,0,0,310,395,4,91,0,10104628,9,0,0,0,0,0,0,0,0.000000,0,0,0,0,0,0,0,0,0,0,0,0,0,1279870,0.000000,0.000000
1732474827447,00009,111,2,139,139,1,84,0,800,682,268,380,152,117,118,381911,0,268,115,284,116,17,0,0,310,395,4,91,0,10104628,9,0,0,0,0,0,0,0,0.000000,0,0,0,0,0,0,0,0,0,0,0,0,0,1279870,0.000000,0.000000
1732474827447,00010,111,2,139,139,1,84,0,800,682,268,380,152,117,118,381911,0,268,115,284,116,17,0,0,310,395,4,91,0,10104628,9,0,0,0,0,0,0,0,0.000000,0,0,0,0,0,0,0,0,0,0,0,0,0,1279870,0.000000,0.000000
1732474827447,00012,111,2,139,139,1,84,0,800,682,268,380,152,117,118,381911,0,268,115,284,116,17,0,0,310,395,4,91,0,10104628,9,0,0,0,0,0,0,0,0.000000,0,0,0,0,0,0,0,0,0,0,0,0,0,1279870,0.000000,0.000000
1732474827547,00001,111,2,139,139,1,84,0,807,676,94,295,418,117,131,606458,0,94,295,69,42,307,0,0,142,383,21,259,2,11968064,9,407,333,94,0,313,74,410928,59.819643,0,94,0,0,6,307,0,0,142,0,4,259,2,513697,4751.000000,20960.000000
1732474827547,00002,111,2,139,139,1,84,0,807,676,94,295,418,117,131,606458,0,94,295,69,42,307,0,0,142,383,21,259,2,11968064,9,400,343,0,295,105,57,195530,58.380000,0,0,295,69,36,0,0,0,0,383,17,0,0,661277,4226.000000,12261.000000
1732474827547,00003,111,2,139,139,1,84,0,807,676,94,295,418,117,131,606458,0,94,295,69,42,307,0,0,142,383,21,259,2,11968064,9,0,0,0,0,0,0,0,0.000000,0,0,0,0,0,0,0,0,0,0,0,0,0,1541870,0.000000,0.000000
1732474827547,00005,111,2,139,139,1,84,0,807,676,94,295,418,117,131,606458,0,94,295,69,42,307,0,0,142,383,21,259,2,11968064,9,0,0,0,0,0,0,0,0.000000,0,0,0,0,0,0,0,0,0,0,0,0,0,1541870,0.000000,0.000000
1732474827547,00007,111,2,139,139,1,84,0,807,676,94,295,418,117,131,606458,0,94,295,69,42,307,0,0,142,383,21,259,2,11968064,9,0,0,0,0,0,0,0,0.000000,0,0,0,0,0,0,0,0,0,0,0,0,0,1541870,0.000000,0.000000
1732474827547,00008,111,2,139,139,1,84,0,807,676,94,295,418,117,131,606458,0,94,295,69,42,307,0,0,142,383,21,259,2,11968064,9,0,0,0,0,0,0,0,0.000000,0,0,0,0,0,0,0,0,0,0,0,0,0,1541870,0.000000,0.000000
1732474827547,00009,111,2,139,139,1,84,0,807,676,94,295,418,117,131,606458,0,94,295,69,42,307,0,0,142,383,21,259,2,11968064,9,0,0,0,0,0,0,0,0.000000,0,0,0,0,0,0,0,0,0,0,0,0,0,1541870,0.000000,0.000000
1732474827547,00010,111,2,139,139,1,84,0,807,676,94,295,418,117,131,606458,0,94,295,69,42,307,0,0,142,383,21,259,2,11968064,9,0,0,0,0,0,0,0,0.000000,0,0,0,0,0,0,0,0,0,0,0,0,0,1541870,0.000000,0.000000
1732474827547,00012,111,2,139,139,1,84,0,807,676,94,295,418,117,131,606458,0,94,295,69,42,307,0,0,142,383,21,259,2,11968064,9,0,0,0,0,0,0,0,0.000000,0,0,0,0,0,0,0,0,0,0,0,0,0,1541870,0.000000,0.000000
1732474827647,00001,111,2,139,139,1,84,0,800,695,266,270,264,117,105,414261,0,266,266,98,34,136,0,0,312,302,97,88,1,12205170,8,402,343,266,0,136,59,213315,59.770000,0,266,0,0,0,136,0,0,312,0,1,88,1,629349,4616.000000,14672.000000
1732474827647,00002,111,2,139,139,1,84,0,800,695,266,270,264,117,105,414261,0,266,266,98,34,136,0,0,312,302,97,88,1,12205170,8,398,352,0,270,128,46,200946,58.727500,0,0,266,98,34,0,0,0,0,302,96,0,0,752601,4315.000000,13519.000000
1732474827647,00003,111,2,139,139,1,84,0,800,695,266,270,264,117,105,414261,0,266,266,98,34,136,0,0,312,302,97,88,1,12205170,8,0,0,0,0,0,0,0,0.000000,0,0,0,0,0,0,0,0,0,0,0,0,0,1803870,0.000000,0.000000
1732474827647,00005,111,2,139,139,1,84,0,800,695,266,270,264,117,105,414261,0,266,266,98,34,136,0,0,312,302,97,88,1,12205170,8,0,0,0,0,0,0,0,0.000000,0,0,0,0,0,0,0,0,0,0,0,0,0,1803870,0.000000,0.000000
1732474827647,00007,111,2,139,139,1,84,0,800,695,266,270,264,117,105,414261,0,266,266,98,34,136,0,0,312,302,97,88,1,12205170,8,0,0,0,0,0,0,0,0.000000,0,0,0,0,0,0,0,0,0,0,0,0,0,1803870,0.000000,0.000000
1732474827647,00008,111,2,139,139,1,84,0,800,695,266,270,264,117,105,414261,0,266,266,98,34,136,0,0,312,302,97,88,1,12205170,8,0,0,0,0,0,0,0,0.000000,0,0,0,0,0,0,0,0,0,0,0,0,0,1803870,0.000000,0.000000
1732474827647,00009,111,2,139,139,1,84,0,800,695,266,270,264,117,105,414261,0,266,266,98,34,136,0,0,312,302,97,88,1,12205170,8,0,0,0,0,0,0,0,0.000000,0,0,0,0,0,0,0,0,0,0,0,0,0,1803870,0.000000,0.000000
1732474827647,00012,111,2,139,139,1,84,0,800,695,266,270,264,117,105,414261,0,266,266,98,34,136,0,0,312,302,97,88,1,12205170,8,0,0,0,0,0,0,0,0.000000,0,0,0,0,0,0,0,0,0,0,0,0,0,1803870,0.000000,0.000000
1732474827747,00001,111,2,139,139,1,84,0,800,800,400,400,0,118,0,256000,0,400,400,0,0,0,0,0,400,400,0,0,0,14049542,8,400,400,400,0,0,0,80000,59.571429,0,400,0,0,0,0,0,0,400,0,0,0,0,813457,4205.000000,6183.000000
1732474827747,00002,111,2,139,139,1,84,0,800,800,400,400,0,118,0,256000,0,400,400,0,0,0,0,0,400,400,0,0,0,14049542,8,400,400,0,400,0,0,176000,59.571429,0,0,400,0,0,0,0,0,0,400,0,0,0,840865,4378.000000,13938.000000
1732474827747,00003,111,2,139,139,1,84,0,800,800,400,400,0,118,0,256000,0,400,400,0,0,0,0,0,400,400,0,0,0,14049542,8,0,0,0,0,0,0,0,0.000000,0,0,0,0,0,0,0,0,0,0,0,0,0,2065870,0.000000,0.000000
1732474827747,00005,111,2,139,139,1,84,0,800,800,400,400,0,118,0,256000,0,400,400,0,0,0,0,0,400,400,0,0,0,14049542,8,0,0,0,0,0,0,0,0.000000,0,0,0,0,0,0,0,0,0,0,0,0,0,2065870,0.000000,0.000000
1732474827747,00007,111,2,139,139,1,84,0,800,800,400,400,0,118,0,256000,0,400,400,0,0,0,0,0,400,400,0,0,0,14049542,8,0,0,0,0,0,0,0,0.000000,0,0,0,0,0,0,0,0,0,0,0,0,0,2065870,0.000000,0.000000
1732474827747,00008,111,2,139,139,1,84,0,800,800,400,400,0,118,0,256000,0,400,400,0,0,0,0,0,400,400,0,0,0,14049542,8,0,0,0,0,0,0,0,0.000000,0,0,0,0,0,0,0,0,0,0,0,0,0,2065870,0.000000,0.000000
1732474827747,00009,111,2,139,139,1,84,0,800,800,400,400,0,118,0,256000,0,400,400,0,0,0,0,0,400,400,0,0,0,14049542,8,0,0,0,0,0,0,0,0.000000,0,0,0,0,0,0,0,0,0,0,0,0,0,2065870,0.000000,0.000000
1732474827747,00012,111,2,139,139,1,84,0,800,800,400,400,0,118,0,256000,0,400,400,0,0,0,0,0,400,400,0,0,0,14049542,8,0,0,0,0,0,0,0,0.000000,0,0,0,0,0,0,0,0,0,0,0,0,0,2065870,0.000000,0.000000
1732474827847,00001,111,2,139,139,1,84,0,800,757,3,752,45,118,43,353491,0,3,376,379,31,11,0,0,390,393,13,4,0,15830395,8,400,376,3,373,24,24,130169,59.521786,0,3,373,0,13,11,0,0,390,0,6,4,0,968598,2605.000000,0.000000
1732474827847,00002,111,2,139,139,1,84,0,800,757,3,752,45,118,43,353491,0,3,376,379,31,11,0,0,390,393,13,4,0,15830395,8,400,381,0,379,21,19,223322,59.273571,0,0,3,379,18,0,0,0,0,393,7,0,0,894577,6046.000000,104.000000
1732474827847,00003,111,2,139,139,1,84,0,800,757,3,752,45,118,43,353491,0,3,376,379,31,11,0,0,390,393,13,4,0,15830395,8,0,0,0,0,0,0,0,0.000000,0,0,0,0,0,0,0,0,0,0,0,0,0,2327870,0.000000,0.000000
1732474827847,00005,111,2,139,139,1,84,0,800,757,3,752,45,118,43,353491,0,3,376,379,31,11,0,0,390,393,13,4,0,15830395,8,0,0,0,0,0,0,0,0.000000,0,0,0,0,0,0,0,0,0,0,0,0,0,2327870,0.000000,0.000000
1732474827847,00007,111,2,139,139,1,84,0,800,757,3,752,45,118,43,353491,0,3,376,379,31,11,0,0,390,393,13,4,0,15830395,8,0,0,0,0,0,0,0,0.000000,0,0,0,0,0,0,0,0,0,0,0,0,0,2327870,0.000000,0.000000
1732474827847,00008,111,2,139,139,1,84,0,800,757,3,752,45,118,43,353491,0,3,376,379,31,11,0,0,390,393,13,4,0,15830395,8,0,0,0,0,0,0,0,0.000000,0,0,0,0,0,0,0,0,0,0,0,0,0,2327870,0.000000,0.000000
1732474827847,00009,111,2,139,139,1,84,0,800,757,3,752,45,118,43,353491,0,3,376,379,31,11,0,0,390,393,13,4,0,15830395,8,0,0,0,0,0,0,0,0.000000,0,0,0,0,0,0,0,0,0,0,0,0,0,2327870,0.000000,0.000000
1732474827847,00012,111,2,139,139,1,84,0,800,757,3,752,45,118,43,353491,0,3,376,379,31,11,0,0,390,393,13,4,0,15830395,8,0,0,0,0,0,0,0,0.000000,0,0,0,0,0,0,0,0,0,0,0,0,0,2327870,0.000000,0.000000
1732474827947,00001,111,2,139,139,1,84,0,800,767,383,406,11,118,33,230123,0,383,389,17,1,10,0,0,789,6,1,4,0,17717759,8,402,381,383,8,11,21,92548,59.869286,0,383,8,0,1,10,0,0,397,0,1,4,0,1151225,2092.000000,5449.000000
1732474827947,00002,111,2,139,139,1,84,0,800,767,383,406,11,118,33,230123,0,383,389,17,1,10,0,0,789,6,1,4,0,17717759,8,398,386,0,398,0,12,137575,59.025357,0,0,381,17,0,0,0,0,392,6,0,0,0,1027314,3317.000000,10165.000000
1732474827947,00003,111,2,139,139,1,84,0,800,767,383,406,11,118,33,230123,0,383,389,17,1,10,0,0,789,6,1,4,0,17717759,8,0,0,0,0,0,0,0,0.000000,0,0,0,0,0,0,0,0,0,0,0,0,0,2589870,0.000000,0.000000
1732474827947,00005,111,2,139,139,1,84,0,800,767,383,406,11,118,33,230123,0,383,389,17,1,10,0,0,789,6,1,4,0,17717759,8,0,0,0,0,0,0,0,0.000000,0,0,0,0,0,0,0,0,0,0,0,0,0,2589870,0.000000,0.000000
1732474827947,00007,111,2,139,139,1,84,0,800,767,383,406,11,118,33,230123,0,383,389,17,1,10,0,0,789,6,1,4,0,17717759,8,0,0,0,0,0,0,0,0.000000,0,0,0,0,0,0,0,0,0,0,0,0,0,2589870,0.000000,0.000000
1732474827947,00008,111,2,139,139,1,84,0,800,767,383,406,11,118,33,230123,0,383,389,17,1,10,0,0,789,6,1,4,0,17717759,8,0,0,0,0,0,0,0,0.000000,0,0,0,0,0,0,0,0,0,0,0,0,0,2589870,0.000000,0.000000
1732474827947,00009,111,2,139,139,1,84,0,800,767,383,406,11,118,33,230123,0,383,389,17,1,10,0,0,789,6,1,4,0,17717759,8,0,0,0,0,0,0,0,0.000000,0,0,0,0,0,0,0,0,0,0,0,0,0,2589870,0.000000,0.000000
1732474827947,00012,111,2,139,139,1,84,0,800,767,383,406,11,118,33,230123,0,383,389,17,1,10,0,0,789,6,1,4,0,17717759,8,0,0,0,0,0,0,0,0.000000,0,0,0,0,0,0,0,0,0,0,0,0,0,2589870,0.000000,0.000000
1732474828047,00001,111,2,139,139,1,73,0,1013,863,347,521,145,102,150,292439,3,344,513,23,59,71,0,0,549,396,28,40,0,21622467,9,417,355,344,0,73,62,121828,51.032857,0,344,0,0,14,59,0,0,388,0,6,23,0,1338038,1966.000000,4192.000000
1732474828047,00002,111,2,139,139,1,73,0,1013,863,347,521,145,102,150,292439,3,344,513,23,59,71,0,0,549,396,28,40,0,21622467,9,412,363,0,370,42,49,128802,50.809464,0,0,362,23,27,0,0,0,1,396,15,0,0,1183002,3111.000000,6812.000000
1732474828047,00003,111,2,139,139,1,73,0,1013,863,347,521,145,102,150,292439,3,344,513,23,59,71,0,0,549,396,28,40,0,21622467,9,0,0,0,0,0,0,0,0.000000,0,0,0,0,0,0,0,0,0,0,0,0,0,2851870,0.000000,0.000000
1732474828047,00005,111,2,139,139,1,73,0,1013,863,347,521,145,102,150,292439,3,344,513,23,59,71,0,0,549,396,28,40,0,21622467,9,0,0,0,0,0,0,0,0.000000,0,0,0,0,0,0,0,0,0,0,0,0,0,2851870,0.000000,0.000000
1732474828047,00007,111,2,139,139,1,73,0,1013,863,347,521,145,102,150,292439,3,344,513,23,59,71,0,0,549,396,28,40,0,21622467,9,0,0,0,0,0,0,0,0.000000,0,0,0,0,0,0,0,0,0,0,0,0,0,2851870,0.000000,0.000000
1732474828047,00008,111,2,139,139,1,73,0,1013,863,347,521,145,102,150,292439,3,344,513,23,59,71,0,0,549,396,28,40,0,21622467,9,0,0,0,0,0,0,0,0.000000,0,0,0,0,0,0,0,0,0,0,0,0,0,2851870,0.000000,0.000000
1732474828047,00009,111,2,139,139,1,73,0,1013,863,347,521,145,102,150,292439,3,344,513,23,59,71,0,0,549,396,28,40,0,21622467,9,0,0,0,0,0,0,0,0.000000,0,0,0,0,0,0,0,0,0,0,0,0,0,2851870,0.000000,0.000000
1732474828047,00012,111,2,139,139,1,73,0,1013,863,347,521,145,102,150,292439,3,344,513,23,59,71,0,0,549,396,28,40,0,21622467,9,0,0,0,0,0,0,0,0.000000,0,0,0,0,0,0,0,0,0,0,0,0,0,2851870,0.000000,0.000000
1732474828047,00006,111,2,139,139,1,73,0,1013,863,347,521,145,102,150,292439,3,344,513,23,59,71,0,0,549,396,28,40,0,21622467,9,184,145,3,151,30,39,41809,1.370813,3,0,151,0,18,12,0,0,160,0,7,17,0,1990207,1006.000000,1991.000000
1732474828147,00001,111,2,139,139,1,74,0,1660,1104,351,498,811,104,556,437425,274,77,479,187,445,198,0,367,123,617,408,23,122,26548965,10,459,320,4,257,198,139,149794,34.228750,0,4,257,0,0,198,0,0,1,313,0,23,122,1506853,2069.000000,5659.000000
1732474828147,00002,111,2,139,139,1,74,0,1660,1104,351,498,811,104,556,437425,274,77,479,187,445,198,0,367,123,617,408,23,122,26548965,10,461,335,0,214,247,126,154351,33.136607,0,0,214,4,243,0,0,0,0,286,175,0,0,1344233,2922.000000,7860.000000
1732474828147,00003,111,2,139,139,1,74,0,1660,1104,351,498,811,104,556,437425,274,77,479,187,445,198,0,367,123,617,408,23,122,26548965,10,0,0,0,0,0,0,0,0.000000,0,0,0,0,0,0,0,0,0,0,0,0,0,3113870,0.000000,0.000000
1732474828147,00005,111,2,139,139,1,74,0,1660,1104,351,498,811,104,556,437425,274,77,479,187,445,198,0,367,123,617,408,23,122,26548965,10,0,0,0,0,0,0,0,0.000000,0,0,0,0,0,0,0,0,0,0,0,0,0,3113870,0.000000,0.000000
1732474828147,00007,111,2,139,139,1,74,0,1660,1104,351,498,811,104,556,437425,274,77,479,187,445,198,0,367,123,617,408,23,122,26548965,10,0,0,0,0,0,0,0,0.000000,0,0,0,0,0,0,0,0,0,0,0,0,0,3113870,0.000000,0.000000
1732474828147,00008,111,2,139,139,1,74,0,1660,1104,351,498,811,104,556,437425,274,77,479,187,445,198,0,367,123,617,408,23,122,26548965,10,0,0,0,0,0,0,0,0.000000,0,0,0,0,0,0,0,0,0,0,0,0,0,3113870,0.000000,0.000000
1732474828147,00009,111,2,139,139,1,74,0,1660,1104,351,498,811,104,556,437425,274,77,479,187,445,198,0,367,123,617,408,23,122,26548965,10,0,0,0,0,0,0,0,0.000000,0,0,0,0,0,0,0,0,0,0,0,0,0,3113870,0.000000,0.000000
1732474828147,00012,111,2,139,139,1,74,0,1660,1104,351,498,811,104,556,437425,274,77,479,187,445,198,0,367,123,617,408,23,122,26548965,10,0,0,0,0,0,0,0,0.000000,0,0,0,0,0,0,0,0,0,0,0,0,0,3113870,0.000000,0.000000
1732474828147,00006,111,2,139,139,1,74,0,1660,1104,351,498,811,104,556,437425,274,77,479,187,445,198,0,367,123,617,408,23,122,26548965,10,509,303,271,26,212,206,91554,36.611607,271,0,7,29,202,0,0,367,1,14,127,0,0,2208773,938.000000,104.000000
1732474828147,00010,111,2,139,139,1,74,0,1660,1104,351,498,811,104,556,437425,274,77,479,187,445,198,0,367,123,617,408,23,122,26548965,10,231,146,76,1,154,85,41726,1.045916,3,73,1,154,0,0,0,0,121,4,106,0,0,2805886,1683.000000,1886.000000
1732474828247,00001,111,2,139,139,1,69,0,1395,1004,209,432,754,97,391,444044,0,209,233,235,479,239,0,0,582,266,363,18,166,26401800,9,470,338,0,231,239,132,171852,33.037321,0,0,231,0,0,239,0,0,285,1,0,18,166,1656790,2236.000000,4820.000000
1732474828247,00002,111,2,139,139,1,69,0,1395,1004,209,432,754,97,391,444044,0,209,233,235,479,239,0,0,582,266,363,18,166,26401800,9,449,346,0,188,261,103,165751,31.473571,0,0,2,186,261,0,0,0,0,252,197,0,0,1485380,2966.000000,8488.000000
1732474828247,00003,111,2,139,139,1,69,0,1395,1004,209,432,754,97,391,444044,0,209,233,235,479,239,0,0,582,266,363,18,166,26401800,9,0,0,0,0,0,0,0,0.000000,0,0,0,0,0,0,0,0,0,0,0,0,0,3375870,0.000000,0.000000
1732474828247,00005,111,2,139,139,1,69,0,1395,1004,209,432,754,97,391,444044,0,209,233,235,479,239,0,0,582,266,363,18,166,26401800,9,0,0,0,0,0,0,0,0.000000,0,0,0,0,0,0,0,0,0,0,0,0,0,3375870,0.000000,0.000000
1732474828247,00007,111,2,139,139,1,69,0,1395,1004,209,432,754,97,391,444044,0,209,233,235,479,239,0,0,582,266,363,18,166,26401800,9,0,0,0,0,0,0,0,0.000000,0,0,0,0,0,0,0,0,0,0,0,0,0,3375870,0.000000,0.000000
1732474828247,00008,111,2,139,139,1,69,0,1395,1004,209,432,754,97,391,444044,0,209,233,235,479,239,0,0,582,266,363,18,166,26401800,9,0,0,0,0,0,0,0,0.000000,0,0,0,0,0,0,0,0,0,0,0,0,0,3375870,0.000000,0.000000
1732474828247,00009,111,2,139,139,1,69,0,1395,1004,209,432,754,97,391,444044,0,209,233,235,479,239,0,0,582,266,363,18,166,26401800,9,0,0,0,0,0,0,0,0.000000,0,0,0,0,0,0,0,0,0,0,0,0,0,3375870,0.000000,0.000000
1732474828247,00012,111,2,139,139,1,69,0,1395,1004,209,432,754,97,391,444044,0,209,233,235,479,239,0,0,582,266,363,18,166,26401800,9,0,0,0,0,0,0,0,0.000000,0,0,0,0,0,0,0,0,0,0,0,0,0,3375870,0.000000,0.000000
1732474828247,00010,111,2,139,139,1,69,0,1395,1004,209,432,754,97,391,444044,0,209,233,235,479,239,0,0,582,266,363,18,166,26401800,9,476,320,209,13,254,156,106441,33.533750,0,209,0,49,218,0,0,0,297,13,166,0,0,3004410,1671.000000,2620.000000
1732474828347,00001,111,2,139,139,1,83,0,1314,1037,360,710,244,116,277,289017,0,360,691,73,103,87,0,0,776,421,68,14,35,28566017,9,434,345,0,347,87,89,119378,38.920000,0,0,347,0,0,87,0,0,385,0,0,14,35,1841321,2159.000000,4192.000000
1732474828347,00002,111,2,139,139,1,83,0,1314,1037,360,710,244,116,277,289017,0,360,691,73,103,87,0,0,776,421,68,14,35,28566017,9,440,351,0,355,85,89,108333,39.490893,0,0,344,44,52,0,0,0,0,404,36,0,0,1668784,2797.000000,4716.000000
1732474828347,00003,111,2,139,139,1,83,0,1314,1037,360,710,244,116,277,289017,0,360,691,73,103,87,0,0,776,421,68,14,35,28566017,9,0,0,0,0,0,0,0,0.000000,0,0,0,0,0,0,0,0,0,0,0,0,0,3637870,0.000000,0.000000
1732474828347,00005,111,2,139,139,1,83,0,1314,1037,360,710,244,116,277,289017,0,360,691,73,103,87,0,0,776,421,68,14,35,28566017,9,0,0,0,0,0,0,0,0.000000,0,0,0,0,0,0,0,0,0,0,0,0,0,3637870,0.000000,0.000000
1732474828347,00007,111,2,139,139,1,83,0,1314,1037,360,710,244,116,277,289017,0,360,691,73,103,87,0,0,776,421,68,14,35,28566017,9,0,0,0,0,0,0,0,0.000000,0,0,0,0,0,0,0,0,0,0,0,0,0,3637870,0.000000,0.000000
1732474828347,00008,111,2,139,139,1,83,0,1314,1037,360,710,244,116,277,289017,0,360,691,73,103,87,0,0,776,421,68,14,35,28566017,9,0,0,0,0,0,0,0,0.000000,0,0,0,0,0,0,0,0,0,0,0,0,0,3637870,0.000000,0.000000
1732474828347,00009,111,2,139,139,1,83,0,1314,1037,360,710,244,116,277,289017,0,360,691,73,103,87,0,0,776,421,68,14,35,28566017,9,0,0,0,0,0,0,0,0.000000,0,0,0,0,0,0,0,0,0,0,0,0,0,3637870,0.000000,0.000000
1732474828347,00012,111,2,139,139,1,83,0,1314,1037,360,710,244,116,277,289017,0,360,691,73,103,87,0,0,776,421,68,14,35,28566017,9,0,0,0,0,0,0,0,0.000000,0,0,0,0,0,0,0,0,0,0,0,0,0,3637870,0.000000,0.000000
1732474828347,00010,111,2,139,139,1,83,0,1314,1037,360,710,244,116,277,289017,0,360,691,73,103,87,0,0,776,421,68,14,35,28566017,9,440,341,360,8,72,99,61306,39.689464,0,360,0,29,51,0,0,0,391,17,32,0,0,3228692,1501.000000,2305.000000
1732474828447,00001,111,2,139,139,1,84,0,1200,1200,796,404,0,117,0,205056,0,796,404,0,0,0,0,0,800,400,0,0,0,30724826,9,400,400,396,4,0,0,52996,39.714286,0,396,4,0,0,0,0,0,400,0,0,0,0,2052501,1996.000000,3982.000000
1732474828447,00002,111,2,139,139,1,84,0,1200,1200,796,404,0,117,0,205056,0,796,404,0,0,0,0,0,800,400,0,0,0,30724826,9,400,400,0,400,0,0,116460,39.714286,0,0,400,0,0,0,0,0,0,400,0,0,0,1816362,2878.000000,9222.000000
1732474828447,00003,111,2,139,139,1,84,0,1200,1200,796,404,0,117,0,205056,0,796,404,0,0,0,0,0,800,400,0,0,0,30724826,9,0,0,0,0,0,0,0,0.000000,0,0,0,0,0,0,0,0,0,0,0,0,0,3899870,0.000000,0.000000
1732474828447,00005,111,2,139,139,1,84,0,1200,1200,796,404,0,117,0,205056,0,796,404,0,0,0,0,0,800,400,0,0,0,30724826,9,0,0,0,0,0,0,0,0.000000,0,0,0,0,0,0,0,0,0,0,0,0,0,3899870,0.000000,0.000000
1732474828447,00007,111,2,139,139,1,84,0,1200,1200,796,404,0,117,0,205056,0,796,404,0,0,0,0,0,800,400,0,0,0,30724826,9,0,0,0,0,0,0,0,0.000000,0,0,0,0,0,0,0,0,0,0,0,0,0,3899870,0.000000,0.000000
1732474828447,00008,111,2,139,139,1,84,0,1200,1200,796,404,0,117,0,205056,0,796,404,0,0,0,0,0,800,400,0,0,0,30724826,9,0,0,0,0,0,0,0,0.000000,0,0,0,0,0,0,0,0,0,0,0,0,0,3899870,0.000000,0.000000
1732474828447,00009,111,2,139,139,1,84,0,1200,1200,796,404,0,117,0,205056,0,796,404,0,0,0,0,0,800,400,0,0,0,30724826,9,0,0,0,0,0,0,0,0.000000,0,0,0,0,0,0,0,0,0,0,0,0,0,3899870,0.000000,0.000000
1732474828447,00012,111,2,139,139,1,84,0,1200,1200,796,404,0,117,0,205056,0,796,404,0,0,0,0,0,800,400,0,0,0,30724826,9,0,0,0,0,0,0,0,0.000000,0,0,0,0,0,0,0,0,0,0,0,0,0,3899870,0.000000,0.000000
1732474828447,00010,111,2,139,139,1,84,0,1200,1200,796,404,0,117,0,205056,0,796,404,0,0,0,0,0,800,400,0,0,0,30724826,9,400,400,400,0,0,0,35600,39.714286,0,400,0,0,0,0,0,0,400,0,0,0,0,3456743,1400.000000,2724.000000
1732474828547,00001,111,2,139,139,1,83,0,1409,925,618,351,440,116,484,360490,300,318,329,192,102,168,0,407,394,414,108,86,0,32887294,9,479,302,311,0,168,177,154660,40.285179,0,311,0,0,0,168,0,0,393,0,0,86,0,2241065,1915.000000,733.000000
1732474828547,00002,111,2,139,139,1,83,0,1409,925,618,351,440,116,484,360490,300,318,329,192,102,168,0,407,394,414,108,86,0,32887294,9,434,327,0,278,156,107,133617,36.040714,0,0,278,54,102,0,0,0,0,363,71,0,0,1986695,2816.000000,4716.000000
1732474828547,00003,111,2,139,139,1,83,0,1409,925,618,351,440,116,484,360490,300,318,329,192,102,168,0,407,394,414,108,86,0,32887294,9,0,0,0,0,0,0,0,0.000000,0,0,0,0,0,0,0,0,0,0,0,0,0,4161870,0.000000,0.000000
1732474828547,00005,111,2,139,139,1,83,0,1409,925,618,351,440,116,484,360490,300,318,329,192,102,168,0,407,394,414,108,86,0,32887294,9,0,0,0,0,0,0,0,0.000000,0,0,0,0,0,0,0,0,0,0,0,0,0,4161870,0.000000,0.000000
1732474828547,00007,111,2,139,139,1,83,0,1409,925,618,351,440,116,484,360490,300,318,329,192,102,168,0,407,394,414,108,86,0,32887294,9,0,0,0,0,0,0,0,0.000000,0,0,0,0,0,0,0,0,0,0,0,0,0,4161870,0.000000,0.000000
1732474828547,00008,111,2,139,139,1,83,0,1409,925,618,351,440,116,484,360490,300,318,329,192,102,168,0,407,394,414,108,86,0,32887294,9,0,0,0,0,0,0,0,0.000000,0,0,0,0,0,0,0,0,0,0,0,0,0,4161870,0.000000,0.000000
1732474828547,00009,111,2,139,139,1,83,0,1409,925,618,351,440,116,484,360490,300,318,329,192,102,168,0,407,394,414,108,86,0,32887294,9,0,0,0,0,0,0,0,0.000000,0,0,0,0,0,0,0,0,0,0,0,0,0,4161870,0.000000,0.000000
1732474828547,00012,111,2,139,139,1,83,0,1409,925,618,351,440,116,484,360490,300,318,329,192,102,168,0,407,394,414,108,86,0,32887294,9,0,0,0,0,0,0,0,0.000000,0,0,0,0,0,0,0,0,0,0,0,0,0,4161870,0.000000,0.000000
1732474828547,00010,111,2,139,139,1,83,0,1409,925,618,351,440,116,484,360490,300,318,329,192,102,168,0,407,394,414,108,86,0,32887294,9,496,296,307,73,116,200,72213,40.707143,300,7,51,138,0,0,0,407,1,51,37,0,0,3688314,1287.000000,104.000000
1732474828647,00001,111,2,139,139,1,74,0,1473,1260,382,602,489,104,213,415379,9,373,316,289,374,112,0,3,783,306,309,2,70,38254197,10,429,369,4,313,112,60,127609,35.445000,0,4,313,0,0,112,0,0,357,0,0,2,70,2407507,1984.000000,6812.000000
1732474828647,00002,111,2,139,139,1,74,0,1473,1260,382,602,489,104,213,415379,9,373,316,289,374,112,0,3,783,306,309,2,70,38254197,10,421,376,0,274,147,45,161081,34.998214,0,0,3,272,146,0,0,0,0,291,130,0,0,2107659,2940.000000,10794.000000
1732474828647,00003,111,2,139,139,1,74,0,1473,1260,382,602,489,104,213,415379,9,373,316,289,374,112,0,3,783,306,309,2,70,38254197,10,0,0,0,0,0,0,0,0.000000,0,0,0,0,0,0,0,0,0,0,0,0,0,4423870,0.000000,0.000000
1732474828647,00005,111,2,139,139,1,74,0,1473,1260,382,602,489,104,213,415379,9,373,316,289,374,112,0,3,783,306,309,2,70,38254197,10,0,0,0,0,0,0,0,0.000000,0,0,0,0,0,0,0,0,0,0,0,0,0,4423870,0.000000,0.000000
1732474828647,00007,111,2,139,139,1,74,0,1473,1260,382,602,489,104,213,415379,9,373,316,289,374,112,0,3,783,306,309,2,70,38254197,10,0,0,0,0,0,0,0,0.000000,0,0,0,0,0,0,0,0,0,0,0,0,0,4423870,0.000000,0.000000
1732474828647,00008,111,2,139,139,1,74,0,1473,1260,382,602,489,104,213,415379,9,373,316,289,374,112,0,3,783,306,309,2,70,38254197,10,0,0,0,0,0,0,0,0.000000,0,0,0,0,0,0,0,0,0,0,0,0,0,4423870,0.000000,0.000000
1732474828647,00009,111,2,139,139,1,74,0,1473,1260,382,602,489,104,213,415379,9,373,316,289,374,112,0,3,783,306,309,2,70,38254197,10,0,0,0,0,0,0,0,0.000000,0,0,0,0,0,0,0,0,0,0,0,0,0,4423870,0.000000,0.000000
1732474828647,00012,111,2,139,139,1,74,0,1473,1260,382,602,489,104,213,415379,9,373,316,289,374,112,0,3,783,306,309,2,70,38254197,10,0,0,0,0,0,0,0,0.000000,0,0,0,0,0,0,0,0,0,0,0,0,0,4423870,0.000000,0.000000
1732474828647,00010,111,2,139,139,1,74,0,1473,1260,382,602,489,104,213,415379,9,373,316,289,374,112,0,3,783,306,309,2,70,38254197,10,431,370,337,15,79,61,55285,35.544286,6,331,0,17,77,0,0,3,362,15,51,0,0,3909635,1246.000000,1781.000000
1732474828647,00006,111,2,139,139,1,74,0,1473,1260,382,602,489,104,213,415379,9,373,316,289,374,112,0,3,783,306,309,2,70,38254197,10,192,145,41,0,151,47,71404,0.701700,3,38,0,0,151,0,0,0,64,0,128,0,0,3286176,989.000000,4087.000000
1732474828747,00001,111,2,139,139,1,84,0,1928,1256,362,609,957,117,672,552254,164,198,288,324,369,585,0,298,539,351,312,231,197,40533683,10,479,311,0,183,296,168,172542,29.264464,0,0,183,0,0,296,0,0,265,0,0,17,197,2566980,2052.000000,3563.000000
1732474828747,00002,111,2,139,139,1,84,0,1928,1256,362,609,957,117,672,552254,164,198,288,324,369,585,0,298,539,351,312,231,197,40533683,10,444,346,0,102,342,98,142551,26.956071,0,0,102,3,339,0,0,0,0,154,290,0,0,2264786,2912.000000,7650.000000
1732474828747,00003,111,2,139,139,1,84,0,1928,1256,362,609,957,117,672,552254,164,198,288,324,369,585,0,298,539,351,312,231,197,40533683,10,0,0,0,0,0,0,0,0.000000,0,0,0,0,0,0,0,0,0,0,0,0,0,4685870,0.000000,0.000000
1732474828747,00005,111,2,139,139,1,84,0,1928,1256,362,609,957,117,672,552254,164,198,288,324,369,585,0,298,539,351,312,231,197,40533683,10,0,0,0,0,0,0,0,0.000000,0,0,0,0,0,0,0,0,0,0,0,0,0,4685870,0.000000,0.000000
1732474828747,00007,111,2,139,139,1,84,0,1928,1256,362,609,957,117,672,552254,164,198,288,324,369,585,0,298,539,351,312,231,197,40533683,10,0,0,0,0,0,0,0,0.000000,0,0,0,0,0,0,0,0,0,0,0,0,0,4685870,0.000000,0.000000
1732474828747,00008,111,2,139,139,1,84,0,1928,1256,362,609,957,117,672,552254,164,198,288,324,369,585,0,298,539,351,312,231,197,40533683,10,0,0,0,0,0,0,0,0.000000,0,0,0,0,0,0,0,0,0,0,0,0,0,4685870,0.000000,0.000000
1732474828747,00009,111,2,139,139,1,84,0,1928,1256,362,609,957,117,672,552254,164,198,288,324,369,585,0,298,539,351,312,231,197,40533683,10,0,0,0,0,0,0,0,0.000000,0,0,0,0,0,0,0,0,0,0,0,0,0,4685870,0.000000,0.000000
1732474828747,00012,111,2,139,139,1,84,0,1928,1256,362,609,957,117,672,552254,164,198,288,324,369,585,0,298,539,351,312,231,197,40533683,10,0,0,0,0,0,0,0,0.000000,0,0,0,0,0,0,0,0,0,0,0,0,0,4685870,0.000000,0.000000
1732474828747,00010,111,2,139,139,1,84,0,1928,1256,362,609,957,117,672,552254,164,198,288,324,369,585,0,298,539,351,312,231,197,40533683,10,497,292,173,324,0,205,80806,31.423929,164,9,3,321,0,0,0,298,2,197,0,0,0,4130919,1227.000000,628.000000
1732474828747,00006,111,2,139,139,1,84,0,1928,1256,362,609,957,117,672,552254,164,198,288,324,369,585,0,298,539,351,312,231,197,40533683,10,508,307,189,0,319,201,156355,31.026786,0,189,0,0,30,289,0,0,272,0,22,214,0,3455778,1122.000000,3353.000000
1732474828847,00001,111,2,139,139,1,83,0,1968,1288,546,155,1267,116,680,560554,4,542,131,40,916,335,0,2,782,215,701,267,1,42800917,10,487,319,157,3,327,168,176373,29.065893,0,157,3,0,0,327,0,0,221,0,0,265,1,2717063,986.000000,0.000000
1732474828847,00002,111,2,139,139,1,83,0,1968,1288,546,155,1267,116,680,560554,4,542,131,40,916,335,0,2,782,215,701,267,1,42800917,10,456,342,0,128,328,114,138971,27.576607,0,0,128,7,321,0,0,0,0,192,264,0,0,2427911,3167.000000,0.000000
1732474828847,00003,111,2,139,139,1,83,0,1968,1288,546,155,1267,116,680,560554,4,542,131,40,916,335,0,2,782,215,701,267,1,42800917,10,0,0,0,0,0,0,0,0.000000,0,0,0,0,0,0,0,0,0,0,0,0,0,4947870,0.000000,0.000000
1732474828847,00005,111,2,139,139,1,83,0,1968,1288,546,155,1267,116,680,560554,4,542,131,40,916,335,0,2,782,215,701,267,1,42800917,10,0,0,0,0,0,0,0,0.000000,0,0,0,0,0,0,0,0,0,0,0,0,0,4947870,0.000000,0.000000
1732474828847,00007,111,2,139,139,1,83,0,1968,1288,546,155,1267,116,680,560554,4,542,131,40,916,335,0,2,782,215,701,267,1,42800917,10,0,0,0,0,0,0,0,0.000000,0,0,0,0,0,0,0,0,0,0,0,0,0,4947870,0.000000,0.000000
1732474828847,00008,111,2,139,139,1,83,0,1968,1288,546,155,1267,116,680,560554,4,542,131,40,916,335,0,2,782,215,701,267,1,42800917,10,0,0,0,0,0,0,0,0.000000,0,0,0,0,0,0,0,0,0,0,0,0,0,4947870,0.000000,0.000000
1732474828847,00009,111,2,139,139,1,83,0,1968,1288,546,155,1267,116,680,560554,4,542,131,40,916,335,0,2,782,215,701,267,1,42800917,10,0,0,0,0,0,0,0,0.000000,0,0,0,0,0,0,0,0,0,0,0,0,0,4947870,0.000000,0.000000
1732474828847,00012,111,2,139,139,1,83,0,1968,1288,546,155,1267,116,680,560554,4,542,131,40,916,335,0,2,782,215,701,267,1,42800917,10,0,0,0,0,0,0,0,0.000000,0,0,0,0,0,0,0,0,0,0,0,0,0,4947870,0.000000,0.000000
1732474828847,00010,111,2,139,139,1,83,0,1968,1288,546,155,1267,116,680,560554,4,542,131,40,916,335,0,2,782,215,701,267,1,42800917,10,524,313,193,24,307,211,110682,31.796250,4,189,0,33,298,0,0,2,303,23,196,0,0,4332930,4137.000000,0.000000
1732474828847,00006,111,2,139,139,1,83,0,1968,1288,546,155,1267,116,680,560554,4,542,131,40,916,335,0,2,782,215,701,267,1,42800917,10,501,314,196,0,305,187,134528,29.909821,0,196,0,0,297,8,0,0,258,0,241,2,0,3635793,1890.000000,0.000000
1732474828947,00001,111,2,139,139,1,83,0,1994,1274,457,126,1411,116,720,574309,157,300,102,59,1031,345,0,293,474,209,760,24,234,45069193,10,494,314,149,0,345,180,184705,29.388571,0,149,0,0,0,345,0,0,236,0,0,24,234,2865478,2748.000000,5659.000000
1732474828947,00002,111,2,139,139,1,83,0,1994,1274,457,126,1411,116,720,574309,157,300,102,59,1031,345,0,293,474,209,760,24,234,45069193,10,461,346,0,102,359,115,142190,27.229107,0,0,102,7,352,0,0,0,0,184,277,0,0,2590415,2496.000000,7440.000000
1732474828947,00003,111,2,139,139,1,83,0,1994,1274,457,126,1411,116,720,574309,157,300,102,59,1031,345,0,293,474,209,760,24,234,45069193,10,0,0,0,0,0,0,0,0.000000,0,0,0,0,0,0,0,0,0,0,0,0,0,5209870,0.000000,0.000000
1732474828947,00005,111,2,139,139,1,83,0,1994,1274,457,126,1411,116,720,574309,157,300,102,59,1031,345,0,293,474,209,760,24,234,45069193,10,0,0,0,0,0,0,0,0.000000,0,0,0,0,0,0,0,0,0,0,0,0,0,5209870,0.000000,0.000000
1732474828947,00007,111,2,139,139,1,83,0,1994,1274,457,126,1411,116,720,574309,157,300,102,59,1031,345,0,293,474,209,760,24,234,45069193,10,0,0,0,0,0,0,0,0.000000,0,0,0,0,0,0,0,0,0,0,0,0,0,5209870,0.000000,0.000000
1732474828947,00008,111,2,139,139,1,83,0,1994,1274,457,126,1411,116,720,574309,157,300,102,59,1031,345,0,293,474,209,760,24,234,45069193,10,0,0,0,0,0,0,0,0.000000,0,0,0,0,0,0,0,0,0,0,0,0,0,5209870,0.000000,0.000000
1732474828947,00009,111,2,139,139,1,83,0,1994,1274,457,126,1411,116,720,574309,157,300,102,59,1031,345,0,293,474,209,760,24,234,45069193,10,0,0,0,0,0,0,0,0.000000,0,0,0,0,0,0,0,0,0,0,0,0,0,5209870,0.000000,0.000000
1732474828947,00012,111,2,139,139,1,83,0,1994,1274,457,126,1411,116,720,574309,157,300,102,59,1031,345,0,293,474,209,760,24,234,45069193,10,0,0,0,0,0,0,0,0.000000,0,0,0,0,0,0,0,0,0,0,0,0,0,5209870,0.000000,0.000000
1732474828947,00010,111,2,139,139,1,83,0,1994,1274,457,126,1411,116,720,574309,157,300,102,59,1031,345,0,293,474,209,760,24,234,45069193,10,499,327,147,24,328,172,105901,28.916964,0,147,0,34,318,0,0,0,237,20,242,0,0,4527839,1582.000000,3563.000000
1732474828947,00006,111,2,139,139,1,83,0,1994,1274,457,126,1411,116,720,574309,157,300,102,59,1031,345,0,293,474,209,760,24,234,45069193,10,540,287,161,0,379,253,141513,32.987679,157,4,0,18,361,0,0,293,1,5,241,0,0,3826241,1872.000000,2096.000000
1732474829047,00001,111,2,139,139,1,70,0,1411,942,490,193,728,98,469,368632,251,239,168,57,455,241,0,360,305,256,319,28,143,43382201,9,475,310,234,0,241,165,155793,33.360000,0,234,0,0,0,241,0,0,304,0,0,28,143,3039465,2337.000000,3143.000000
1732474829047,00002,111,2,139,139,1,70,0,1411,942,490,193,728,98,469,368632,251,239,168,57,455,241,0,360,305,256,319,28,143,43382201,9,434,335,0,164,270,99,126405,30.902679,0,0,164,27,243,0,0,0,0,239,195,0,0,2760880,2480.000000,6287.000000
1732474829047,00003,111,2,139,139,1,70,0,1411,942,490,193,728,98,469,368632,251,239,168,57,455,241,0,360,305,256,319,28,143,43382201,9,0,0,0,0,0,0,0,0.000000,0,0,0,0,0,0,0,0,0,0,0,0,0,5471870,0.000000,0.000000
1732474829047,00005,111,2,139,139,1,70,0,1411,942,490,193,728,98,469,368632,251,239,168,57,455,241,0,360,305,256,319,28,143,43382201,9,0,0,0,0,0,0,0,0.000000,0,0,0,0,0,0,0,0,0,0,0,0,0,5471870,0.000000,0.000000
1732474829047,00007,111,2,139,139,1,70,0,1411,942,490,193,728,98,469,368632,251,239,168,57,455,241,0,360,305,256,319,28,143,43382201,9,0,0,0,0,0,0,0,0.000000,0,0,0,0,0,0,0,0,0,0,0,0,0,5471870,0.000000,0.000000
1732474829047,00008,111,2,139,139,1,70,0,1411,942,490,193,728,98,469,368632,251,239,168,57,455,241,0,360,305,256,319,28,143,43382201,9,0,0,0,0,0,0,0,0.000000,0,0,0,0,0,0,0,0,0,0,0,0,0,5471870,0.000000,0.000000
1732474829047,00009,111,2,139,139,1,70,0,1411,942,490,193,728,98,469,368632,251,239,168,57,455,241,0,360,305,256,319,28,143,43382201,9,0,0,0,0,0,0,0,0.000000,0,0,0,0,0,0,0,0,0,0,0,0,0,5471870,0.000000,0.000000
1732474829047,00012,111,2,139,139,1,70,0,1411,942,490,193,728,98,469,368632,251,239,168,57,455,241,0,360,305,256,319,28,143,43382201,9,0,0,0,0,0,0,0,0.000000,0,0,0,0,0,0,0,0,0,0,0,0,0,5471870,0.000000,0.000000
1732474829047,00010,111,2,139,139,1,70,0,1411,942,490,193,728,98,469,368632,251,239,168,57,455,241,0,360,305,256,319,28,143,43382201,9,502,297,256,29,217,205,86434,35.271250,251,5,4,30,212,0,0,360,1,17,124,0,0,4750636,1271.000000,314.000000
1732474829147,00001,111,2,139,139,1,83,0,1369,934,621,327,421,116,435,353649,7,614,292,103,224,129,0,1,759,416,125,68,0,45545320,9,472,305,328,0,144,167,128865,40.434107,0,328,0,0,15,129,0,0,399,0,5,68,0,3243105,1956.000000,628.000000
1732474829147,00002,111,2,139,139,1,83,0,1369,934,621,327,421,116,435,353649,7,614,292,103,224,129,0,1,759,416,125,68,0,45545320,9,442,325,0,278,164,117,141973,37.530000,0,0,278,47,117,0,0,0,0,369,73,0,0,2928455,2480.000000,5344.000000
1732474829147,00003,111,2,139,139,1,83,0,1369,934,621,327,421,116,435,353649,7,614,292,103,224,129,0,1,759,416,125,68,0,45545320,9,0,0,0,0,0,0,0,0.000000,0,0,0,0,0,0,0,0,0,0,0,0,0,5733870,0.000000,0.000000
1732474829147,00005,111,2,139,139,1,83,0,1369,934,621,327,421,116,435,353649,7,614,292,103,224,129,0,1,759,416,125,68,0,45545320,9,0,0,0,0,0,0,0,0.000000,0,0,0,0,0,0,0,0,0,0,0,0,0,5733870,0.000000,0.000000
1732474829147,00007,111,2,139,139,1,83,0,1369,934,621,327,421,116,435,353649,7,614,292,103,224,129,0,1,759,416,125,68,0,45545320,9,0,0,0,0,0,0,0,0.000000,0,0,0,0,0,0,0,0,0,0,0,0,0,5733870,0.000000,0.000000
1732474829147,00008,111,2,139,139,1,83,0,1369,934,621,327,421,116,435,353649,7,614,292,103,224,129,0,1,759,416,125,68,0,45545320,9,0,0,0,0,0,0,0,0.000000,0,0,0,0,0,0,0,0,0,0,0,0,0,5733870,0.000000,0.000000
1732474829147,00009,111,2,139,139,1,83,0,1369,934,621,327,421,116,435,353649,7,614,292,103,224,129,0,1,759,416,125,68,0,45545320,9,0,0,0,0,0,0,0,0.000000,0,0,0,0,0,0,0,0,0,0,0,0,0,5733870,0.000000,0.000000
1732474829147,00012,111,2,139,139,1,83,0,1369,934,621,327,421,116,435,353649,7,614,292,103,224,129,0,1,759,416,125,68,0,45545320,9,0,0,0,0,0,0,0,0.000000,0,0,0,0,0,0,0,0,0,0,0,0,0,5733870,0.000000,0.000000
1732474829147,00010,111,2,139,139,1,83,0,1369,934,621,327,421,116,435,353649,7,614,292,103,224,129,0,1,759,416,125,68,0,45545320,9,455,304,293,49,113,151,82811,39.193036,7,286,14,56,92,0,0,1,360,47,47,0,0,4970540,1176.000000,1676.000000
1732474829247,00001,111,2,139,139,1,74,0,1578,1114,357,547,674,103,464,424921,3,354,530,37,334,320,0,0,765,342,244,126,101,52118181,10,450,315,6,246,198,135,162653,34.898929,0,6,246,0,0,198,0,0,326,0,0,23,101,3414719,2004.000000,2200.000000
1732474829247,00002,111,2,139,139,1,74,0,1578,1114,357,547,674,103,464,424921,3,354,530,37,334,320,0,0,765,342,244,126,101,52118181,10,444,348,0,257,187,96,112056,33.434464,0,0,241,33,170,0,0,0,0,311,133,0,0,3111792,2369.000000,5973.000000
1732474829247,00003,111,2,139,139,1,74,0,1578,1114,357,547,674,103,464,424921,3,354,530,37,334,320,0,0,765,342,244,126,101,52118181,10,0,0,0,0,0,0,0,0.000000,0,0,0,0,0,0,0,0,0,0,0,0,0,5995870,0.000000,0.000000
1732474829247,00005,111,2,139,139,1,74,0,1578,1114,357,547,674,103,464,424921,3,354,530,37,334,320,0,0,765,342,244,126,101,52118181,10,0,0,0,0,0,0,0,0.000000,0,0,0,0,0,0,0,0,0,0,0,0,0,5995870,0.000000,0.000000
1732474829247,00007,111,2,139,139,1,74,0,1578,1114,357,547,674,103,464,424921,3,354,530,37,334,320,0,0,765,342,244,126,101,52118181,10,0,0,0,0,0,0,0,0.000000,0,0,0,0,0,0,0,0,0,0,0,0,0,5995870,0.000000,0.000000
1732474829247,00008,111,2,139,139,1,74,0,1578,1114,357,547,674,103,464,424921,3,354,530,37,334,320,0,0,765,342,244,126,101,52118181,10,0,0,0,0,0,0,0,0.000000,0,0,0,0,0,0,0,0,0,0,0,0,0,5995870,0.000000,0.000000
1732474829247,00009,111,2,139,139,1,74,0,1578,1114,357,547,674,103,464,424921,3,354,530,37,334,320,0,0,765,342,244,126,101,52118181,10,0,0,0,0,0,0,0,0.000000,0,0,0,0,0,0,0,0,0,0,0,0,0,5995870,0.000000,0.000000
1732474829247,00012,111,2,139,139,1,74,0,1578,1114,357,547,674,103,464,424921,3,354,530,37,334,320,0,0,765,342,244,126,101,52118181,10,0,0,0,0,0,0,0,0.000000,0,0,0,0,0,0,0,0,0,0,0,0,0,5995870,0.000000,0.000000
1732474829247,00010,111,2,139,139,1,74,0,1578,1114,357,547,674,103,464,424921,3,354,530,37,334,320,0,0,765,342,244,126,101,52118181,10,474,309,286,44,144,165,81002,36.710893,0,286,43,4,141,0,0,0,344,31,99,0,0,5185740,1141.000000,419.000000
1732474829247,00006,111,2,139,139,1,74,0,1578,1114,357,547,674,103,464,424921,3,354,530,37,334,320,0,0,765,342,244,126,101,52118181,10,210,142,65,0,145,68,69210,0.523209,3,62,0,0,23,122,0,0,95,0,12,103,0,4430710,1491.000000,1257.000000
1732474829347,00001,111,2,139,139,1,83,0,1987,1300,356,259,1372,116,687,577779,158,198,138,130,998,365,0,268,545,187,754,10,223,54384390,10,499,312,0,135,364,187,200396,30.207679,0,0,135,0,0,364,0,0,266,0,0,10,223,3563722,2176.000000,5135.000000
1732474829347,00002,111,2,139,139,1,83,0,1987,1300,356,259,1372,116,687,577779,158,198,138,130,998,365,0,268,545,187,754,10,223,54384390,10,450,348,0,106,344,102,144512,26.807143,0,0,3,103,344,0,0,0,0,165,285,0,0,3268293,2428.000000,8384.000000
1732474829347,00003,111,2,139,139,1,83,0,1987,1300,356,259,1372,116,687,577779,158,198,138,130,998,365,0,268,545,187,754,10,223,54384390,10,0,0,0,0,0,0,0,0.000000,0,0,0,0,0,0,0,0,0,0,0,0,0,6257870,0.000000,0.000000
1732474829347,00005,111,2,139,139,1,83,0,1987,1300,356,259,1372,116,687,577779,158,198,138,130,998,365,0,268,545,187,754,10,223,54384390,10,0,0,0,0,0,0,0,0.000000,0,0,0,0,0,0,0,0,0,0,0,0,0,6257870,0.000000,0.000000
1732474829347,00007,111,2,139,139,1,83,0,1987,1300,356,259,1372,116,687,577779,158,198,138,130,998,365,0,268,545,187,754,10,223,54384390,10,0,0,0,0,0,0,0,0.000000,0,0,0,0,0,0,0,0,0,0,0,0,0,6257870,0.000000,0.000000
1732474829347,00008,111,2,139,139,1,83,0,1987,1300,356,259,1372,116,687,577779,158,198,138,130,998,365,0,268,545,187,754,10,223,54384390,10,0,0,0,0,0,0,0,0.000000,0,0,0,0,0,0,0,0,0,0,0,0,0,6257870,0.000000,0.000000
1732474829347,00009,111,2,139,139,1,83,0,1987,1300,356,259,1372,116,687,577779,158,198,138,130,998,365,0,268,545,187,754,10,223,54384390,10,0,0,0,0,0,0,0,0.000000,0,0,0,0,0,0,0,0,0,0,0,0,0,6257870,0.000000,0.000000
1732474829347,00012,111,2,139,139,1,83,0,1987,1300,356,259,1372,116,687,577779,158,198,138,130,998,365,0,268,545,187,754,10,223,54384390,10,0,0,0,0,0,0,0,0.000000,0,0,0,0,0,0,0,0,0,0,0,0,0,6257870,0.000000,0.000000
1732474829347,00010,111,2,139,139,1,83,0,1987,1300,356,259,1372,116,687,577779,158,198,138,130,998,365,0,268,545,187,754,10,223,54384390,10,511,333,187,4,320,178,101580,29.587143,0,187,0,6,318,0,0,0,274,10,227,0,0,5386434,1189.000000,2829.000000
1732474829347,00006,111,2,139,139,1,83,0,1987,1300,356,259,1372,116,687,577779,158,198,138,130,998,365,0,268,545,187,754,10,223,54384390,10,527,307,169,14,344,220,131291,31.920357,158,11,0,21,336,1,0,268,5,12,242,0,0,4618721,1581.000000,2724.000000
1732474829447,00001,111,2,139,139,1,80,0,1409,967,201,503,705,112,442,468242,0,201,414,152,367,275,0,0,293,645,277,12,182,51828216,9,449,327,0,174,275,122,217056,35.618750,0,0,174,0,0,275,0,0,0,255,0,12,182,3680226,2470.000000,10165.000000
1732474829447,00002,111,2,139,139,1,80,0,1409,967,201,503,705,112,442,468242,0,201,414,152,367,275,0,0,293,645,277,12,182,51828216,9,461,326,0,257,204,135,128273,37.331429,0,0,231,64,166,0,0,0,0,325,136,0,0,3449479,2379.000000,4716.000000
1732474829447,00003,111,2,139,139,1,80,0,1409,967,201,503,705,112,442,468242,0,201,414,152,367,275,0,0,293,645,277,12,182,51828216,9,0,0,0,0,0,0,0,0.000000,0,0,0,0,0,0,0,0,0,0,0,0,0,6519870,0.000000,0.000000
1732474829447,00005,111,2,139,139,1,80,0,1409,967,201,503,705,112,442,468242,0,201,414,152,367,275,0,0,293,645,277,12,182,51828216,9,0,0,0,0,0,0,0,0.000000,0,0,0,0,0,0,0,0,0,0,0,0,0,6519870,0.000000,0.000000
1732474829447,00007,111,2,139,139,1,80,0,1409,967,201,503,705,112,442,468242,0,201,414,152,367,275,0,0,293,645,277,12,182,51828216,9,0,0,0,0,0,0,0,0.000000,0,0,0,0,0,0,0,0,0,0,0,0,0,6519870,0.000000,0.000000
1732474829447,00008,111,2,139,139,1,80,0,1409,967,201,503,705,112,442,468242,0,201,414,152,367,275,0,0,293,645,277,12,182,51828216,9,0,0,0,0,0,0,0,0.000000,0,0,0,0,0,0,0,0,0,0,0,0,0,6519870,0.000000,0.000000
1732474829447,00009,111,2,139,139,1,80,0,1409,967,201,503,705,112,442,468242,0,201,414,152,367,275,0,0,293,645,277,12,182,51828216,9,0,0,0,0,0,0,0,0.000000,0,0,0,0,0,0,0,0,0,0,0,0,0,6519870,0.000000,0.000000
1732474829447,00012,111,2,139,139,1,80,0,1409,967,201,503,705,112,442,468242,0,201,414,152,367,275,0,0,293,645,277,12,182,51828216,9,0,0,0,0,0,0,0,0.000000,0,0,0,0,0,0,0,0,0,0,0,0,0,6519870,0.000000,0.000000
1732474829447,00010,111,2,139,139,1,80,0,1409,967,201,503,705,112,442,468242,0,201,414,152,367,275,0,0,293,645,277,12,182,51828216,9,499,314,201,72,226,185,122913,40.086607,0,201,9,88,201,0,0,0,293,65,141,0,0,5579291,1265.000000,3039.000000
1732474829547,00001,111,2,139,139,1,84,0,1363,962,624,377,362,117,401,351806,0,624,323,138,136,142,0,0,761,416,106,30,50,53979366,9,463,314,308,6,149,149,144796,40.185893,0,308,6,0,7,142,0,0,381,2,0,30,50,3868609,2333.000000,1676.000000
1732474829547,00002,111,2,139,139,1,84,0,1363,962,624,377,362,117,401,351806,0,624,323,138,136,142,0,0,761,416,106,30,50,53979366,9,436,335,0,311,125,101,127086,37.157679,0,0,304,61,71,0,0,0,0,371,65,0,0,3620101,2387.000000,5030.000000
1732474829547,00003,111,2,139,139,1,84,0,1363,962,624,377,362,117,401,351806,0,624,323,138,136,142,0,0,761,416,106,30,50,53979366,9,0,0,0,0,0,0,0,0.000000,0,0,0,0,0,0,0,0,0,0,0,0,0,6781870,0.000000,0.000000
1732474829547,00005,111,2,139,139,1,84,0,1363,962,624,377,362,117,401,351806,0,624,323,138,136,142,0,0,761,416,106,30,50,53979366,9,0,0,0,0,0,0,0,0.000000,0,0,0,0,0,0,0,0,0,0,0,0,0,6781870,0.000000,0.000000
1732474829547,00007,111,2,139,139,1,84,0,1363,962,624,377,362,117,401,351806,0,624,323,138,136,142,0,0,761,416,106,30,50,53979366,9,0,0,0,0,0,0,0,0.000000,0,0,0,0,0,0,0,0,0,0,0,0,0,6781870,0.000000,0.000000
1732474829547,00008,111,2,139,139,1,84,0,1363,962,624,377,362,117,401,351806,0,624,323,138,136,142,0,0,761,416,106,30,50,53979366,9,0,0,0,0,0,0,0,0.000000,0,0,0,0,0,0,0,0,0,0,0,0,0,6781870,0.000000,0.000000
1732474829547,00009,111,2,139,139,1,84,0,1363,962,624,377,362,117,401,351806,0,624,323,138,136,142,0,0,761,416,106,30,50,53979366,9,0,0,0,0,0,0,0,0.000000,0,0,0,0,0,0,0,0,0,0,0,0,0,6781870,0.000000,0.000000
1732474829547,00012,111,2,139,139,1,84,0,1363,962,624,377,362,117,401,351806,0,624,323,138,136,142,0,0,761,416,106,30,50,53979366,9,0,0,0,0,0,0,0,0.000000,0,0,0,0,0,0,0,0,0,0,0,0,0,6781870,0.000000,0.000000
1732474829547,00010,111,2,139,139,1,84,0,1363,962,624,377,362,117,401,351806,0,624,323,138,136,142,0,0,761,416,106,30,50,53979366,9,464,313,316,60,88,151,79924,40.086607,0,316,13,77,58,0,0,0,380,43,41,0,0,5799436,1220.000000,733.000000
1732474829647,00001,111,2,139,139,1,82,0,1360,950,640,346,374,115,410,346128,0,640,297,132,163,128,0,0,785,413,94,31,37,56136492,9,462,311,334,0,128,151,131908,39.863214,0,334,0,0,0,128,0,0,394,0,0,31,37,4061951,2194.000000,1152.000000
1732474829647,00002,111,2,139,139,1,82,0,1360,950,640,346,374,115,410,346128,0,640,297,132,163,128,0,0,785,413,94,31,37,56136492,9,436,338,0,295,141,98,130681,37.256964,0,0,292,62,82,0,0,0,0,377,59,0,0,3788853,2401.000000,4716.000000
1732474829647,00003,111,2,139,139,1,82,0,1360,950,640,346,374,115,410,346128,0,640,297,132,163,128,0,0,785,413,94,31,37,56136492,9,0,0,0,0,0,0,0,0.000000,0,0,0,0,0,0,0,0,0,0,0,0,0,7043870,0.000000,0.000000
1732474829647,00005,111,2,139,139,1,82,0,1360,950,640,346,374,115,410,346128,0,640,297,132,163,128,0,0,785,413,94,31,37,56136492,9,0,0,0,0,0,0,0,0.000000,0,0,0,0,0,0,0,0,0,0,0,0,0,7043870,0.000000,0.000000
1732474829647,00007,111,2,139,139,1,82,0,1360,950,640,346,374,115,410,346128,0,640,297,132,163,128,0,0,785,413,94,31,37,56136492,9,0,0,0,0,0,0,0,0.000000,0,0,0,0,0,0,0,0,0,0,0,0,0,7043870,0.000000,0.000000
1732474829647,00008,111,2,139,139,1,82,0,1360,950,640,346,374,115,410,346128,0,640,297,132,163,128,0,0,785,413,94,31,37,56136492,9,0,0,0,0,0,0,0,0.000000,0,0,0,0,0,0,0,0,0,0,0,0,0,7043870,0.000000,0.000000
1732474829647,00009,111,2,139,139,1,82,0,1360,950,640,346,374,115,410,346128,0,640,297,132,163,128,0,0,785,413,94,31,37,56136492,9,0,0,0,0,0,0,0,0.000000,0,0,0,0,0,0,0,0,0,0,0,0,0,7043870,0.000000,0.000000
1732474829647,00012,111,2,139,139,1,82,0,1360,950,640,346,374,115,410,346128,0,640,297,132,163,128,0,0,785,413,94,31,37,56136492,9,0,0,0,0,0,0,0,0.000000,0,0,0,0,0,0,0,0,0,0,0,0,0,7043870,0.000000,0.000000
1732474829647,00010,111,2,139,139,1,82,0,1360,950,640,346,374,115,410,346128,0,640,297,132,163,128,0,0,785,413,94,31,37,56136492,9,462,301,306,51,105,161,83539,39.937679,0,306,5,70,81,0,0,0,391,36,35,0,0,6022468,1181.000000,1048.000000
1732474829747,00001,111,2,139,139,1,82,0,1306,1036,345,706,255,115,270,314822,0,345,693,108,77,83,0,0,394,801,71,12,28,58285555,9,423,343,5,335,83,80,121347,38.522857,0,5,335,0,0,83,0,0,2,381,0,12,28,4250754,2155.000000,4716.000000
1732474829747,00002,111,2,139,139,1,82,0,1306,1036,345,706,255,115,270,314822,0,345,693,108,77,83,0,0,394,801,71,12,28,58285555,9,439,356,0,327,112,83,131773,38.969643,0,0,327,35,77,0,0,0,0,397,42,0,0,3951413,2425.000000,6812.000000
1732474829747,00003,111,2,139,139,1,82,0,1306,1036,345,706,255,115,270,314822,0,345,693,108,77,83,0,0,394,801,71,12,28,58285555,9,0,0,0,0,0,0,0,0.000000,0,0,0,0,0,0,0,0,0,0,0,0,0,7305870,0.000000,0.000000
1732474829747,00005,111,2,139,139,1,82,0,1306,1036,345,706,255,115,270,314822,0,345,693,108,77,83,0,0,394,801,71,12,28,58285555,9,0,0,0,0,0,0,0,0.000000,0,0,0,0,0,0,0,0,0,0,0,0,0,7305870,0.000000,0.000000
1732474829747,00007,111,2,139,139,1,82,0,1306,1036,345,706,255,115,270,314822,0,345,693,108,77,83,0,0,394,801,71,12,28,58285555,9,0,0,0,0,0,0,0,0.000000,0,0,0,0,0,0,0,0,0,0,0,0,0,7305870,0.000000,0.000000
1732474829747,00008,111,2,139,139,1,82,0,1306,1036,345,706,255,115,270,314822,0,345,693,108,77,83,0,0,394,801,71,12,28,58285555,9,0,0,0,0,0,0,0,0.000000,0,0,0,0,0,0,0,0,0,0,0,0,0,7305870,0.000000,0.000000
1732474829747,00009,111,2,139,139,1,82,0,1306,1036,345,706,255,115,270,314822,0,345,693,108,77,83,0,0,394,801,71,12,28,58285555,9,0,0,0,0,0,0,0,0.000000,0,0,0,0,0,0,0,0,0,0,0,0,0,7305870,0.000000,0.000000
1732474829747,00012,111,2,139,139,1,82,0,1306,1036,345,706,255,115,270,314822,0,345,693,108,77,83,0,0,394,801,71,12,28,58285555,9,0,0,0,0,0,0,0,0.000000,0,0,0,0,0,0,0,0,0,0,0,0,0,7305870,0.000000,0.000000
1732474829747,00010,111,2,139,139,1,82,0,1306,1036,345,706,255,115,270,314822,0,345,693,108,77,83,0,0,394,801,71,12,28,58285555,9,444,337,340,44,60,107,61702,39.987321,0,340,31,73,0,0,0,0,392,23,29,0,0,6248168,1144.000000,314.000000
1732474829847,00001,111,2,139,139,1,53,0,1060,800,463,324,273,75,260,295656,3,460,323,45,109,120,0,0,550,367,83,23,37,59691445,9,449,316,318,11,120,133,128199,39.639821,0,318,11,0,0,120,0,0,385,4,0,23,37,4446621,708.000000,0.000000
1732474829847,00002,111,2,139,139,1,53,0,1060,800,463,324,273,75,260,295656,3,460,323,45,109,120,0,0,550,367,83,23,37,59691445,9,426,340,0,313,113,86,132494,36.934286,0,0,312,27,87,0,0,0,0,362,64,0,0,4117677,0.000000,0.000000
1732474829847,00003,111,2,139,139,1,53,0,1060,800,463,324,273,75,260,295656,3,460,323,45,109,120,0,0,550,367,83,23,37,59691445,9,0,0,0,0,0,0,0,0.000000,0,0,0,0,0,0,0,0,0,0,0,0,0,7567870,0.000000,0.000000
1732474829847,00005,111,2,139,139,1,53,0,1060,800,463,324,273,75,260,295656,3,460,323,45,109,120,0,0,550,367,83,23,37,59691445,9,0,0,0,0,0,0,0,0.000000,0,0,0,0,0,0,0,0,0,0,0,0,0,7567870,0.000000,0.000000
1732474829847,00007,111,2,139,139,1,53,0,1060,800,463,324,273,75,260,295656,3,460,323,45,109,120,0,0,550,367,83,23,37,59691445,9,0,0,0,0,0,0,0,0.000000,0,0,0,0,0,0,0,0,0,0,0,0,0,7567870,0.000000,0.000000
1732474829847,00008,111,2,139,139,1,53,0,1060,800,463,324,273,75,260,295656,3,460,323,45,109,120,0,0,550,367,83,23,37,59691445,9,0,0,0,0,0,0,0,0.000000,0,0,0,0,0,0,0,0,0,0,0,0,0,7567870,0.000000,0.000000
1732474829847,00009,111,2,139,139,1,53,0,1060,800,463,324,273,75,260,295656,3,460,323,45,109,120,0,0,550,367,83,23,37,59691445,9,0,0,0,0,0,0,0,0.000000,0,0,0,0,0,0,0,0,0,0,0,0,0,7567870,0.000000,0.000000
1732474829847,00012,111,2,139,139,1,53,0,1060,800,463,324,273,75,260,295656,3,460,323,45,109,120,0,0,550,367,83,23,37,59691445,9,0,0,0,0,0,0,0,0.000000,0,0,0,0,0,0,0,0,0,0,0,0,0,7567870,0.000000,0.000000
1732474829847,00006,111,2,139,139,1,53,0,1060,800,463,324,273,75,260,295656,3,460,323,45,109,120,0,0,550,367,83,23,37,59691445,9,185,144,145,0,40,41,34963,0.553426,3,142,0,18,22,0,0,0,165,1,19,0,0,5719927,1347.000000,0.000000
1732474829947,00001,111,2,139,139,1,83,0,1386,939,343,659,384,116,447,345698,323,20,617,122,170,134,0,383,399,377,148,79,0,61848480,9,475,314,10,330,135,161,147987,40.061786,0,10,330,0,1,134,0,0,395,0,1,79,0,4626150,1755.000000,2200.000000
1732474829947,00002,111,2,139,139,1,83,0,1386,939,343,659,384,116,447,345698,323,20,617,122,170,134,0,383,399,377,148,79,0,61848480,9,443,326,0,283,160,117,139677,37.207321,0,0,283,48,112,0,0,0,0,346,97,0,0,4287109,2497.000000,5135.000000
1732474829947,00003,111,2,139,139,1,83,0,1386,939,343,659,384,116,447,345698,323,20,617,122,170,134,0,383,399,377,148,79,0,61848480,9,0,0,0,0,0,0,0,0.000000,0,0,0,0,0,0,0,0,0,0,0,0,0,7829870,0.000000,0.000000
1732474829947,00005,111,2,139,139,1,83,0,1386,939,343,659,384,116,447,345698,323,20,617,122,170,134,0,383,399,377,148,79,0,61848480,9,0,0,0,0,0,0,0,0.000000,0,0,0,0,0,0,0,0,0,0,0,0,0,7829870,0.000000,0.000000
1732474829947,00007,111,2,139,139,1,83,0,1386,939,343,659,384,116,447,345698,323,20,617,122,170,134,0,383,399,377,148,79,0,61848480,9,0,0,0,0,0,0,0,0.000000,0,0,0,0,0,0,0,0,0,0,0,0,0,7829870,0.000000,0.000000
1732474829947,00008,111,2,139,139,1,83,0,1386,939,343,659,384,116,447,345698,323,20,617,122,170,134,0,383,399,377,148,79,0,61848480,9,0,0,0,0,0,0,0,0.000000,0,0,0,0,0,0,0,0,0,0,0,0,0,7829870,0.000000,0.000000
1732474829947,00009,111,2,139,139,1,83,0,1386,939,343,659,384,116,447,345698,323,20,617,122,170,134,0,383,399,377,148,79,0,61848480,9,0,0,0,0,0,0,0,0.000000,0,0,0,0,0,0,0,0,0,0,0,0,0,7829870,0.000000,0.000000
1732474829947,00012,111,2,139,139,1,83,0,1386,939,343,659,384,116,447,345698,323,20,617,122,170,134,0,383,399,377,148,79,0,61848480,9,0,0,0,0,0,0,0,0.000000,0,0,0,0,0,0,0,0,0,0,0,0,0,7829870,0.000000,0.000000
1732474829947,00006,111,2,139,139,1,83,0,1386,939,343,659,384,116,447,345698,323,20,617,122,170,134,0,383,399,377,148,79,0,61848480,9,468,299,333,46,89,169,58034,39.788750,323,10,4,74,57,0,0,383,4,31,50,0,0,5956001,415.000000,0.000000
1732474830047,00001,111,2,139,139,1,74,0,1530,1165,355,551,624,104,365,432177,8,347,229,498,310,138,0,5,669,29,748,23,56,70850709,10,441,330,0,303,138,111,182029,34.874107,0,0,7,296,0,138,0,0,3,1,358,23,56,4772634,2430.000000,7650.000000
1732474830047,00002,111,2,139,139,1,74,0,1530,1165,355,551,624,104,365,432177,8,347,229,498,310,138,0,5,669,29,748,23,56,70850709,10,449,345,0,248,201,104,121589,34.725179,0,0,222,37,190,0,0,0,252,28,169,0,0,4456923,2448.000000,5659.000000
1732474830047,00003,111,2,139,139,1,74,0,1530,1165,355,551,624,104,365,432177,8,347,229,498,310,138,0,5,669,29,748,23,56,70850709,10,0,0,0,0,0,0,0,0.000000,0,0,0,0,0,0,0,0,0,0,0,0,0,8091870,0.000000,0.000000
1732474830047,00005,111,2,139,139,1,74,0,1530,1165,355,551,624,104,365,432177,8,347,229,498,310,138,0,5,669,29,748,23,56,70850709,10,0,0,0,0,0,0,0,0.000000,0,0,0,0,0,0,0,0,0,0,0,0,0,8091870,0.000000,0.000000
1732474830047,00007,111,2,139,139,1,74,0,1530,1165,355,551,624,104,365,432177,8,347,229,498,310,138,0,5,669,29,748,23,56,70850709,10,0,0,0,0,0,0,0,0.000000,0,0,0,0,0,0,0,0,0,0,0,0,0,8091870,0.000000,0.000000
1732474830047,00008,111,2,139,139,1,74,0,1530,1165,355,551,624,104,365,432177,8,347,229,498,310,138,0,5,669,29,748,23,56,70850709,10,0,0,0,0,0,0,0,0.000000,0,0,0,0,0,0,0,0,0,0,0,0,0,8091870,0.000000,0.000000
1732474830047,00009,111,2,139,139,1,74,0,1530,1165,355,551,624,104,365,432177,8,347,229,498,310,138,0,5,669,29,748,23,56,70850709,10,0,0,0,0,0,0,0,0.000000,0,0,0,0,0,0,0,0,0,0,0,0,0,8091870,0.000000,0.000000
1732474830047,00012,111,2,139,139,1,74,0,1530,1165,355,551,624,104,365,432177,8,347,229,498,310,138,0,5,669,29,748,23,56,70850709,10,0,0,0,0,0,0,0,0.000000,0,0,0,0,0,0,0,0,0,0,0,0,0,8091870,0.000000,0.000000
1732474830047,00006,111,2,139,139,1,74,0,1530,1165,355,551,624,104,365,432177,8,347,229,498,310,138,0,5,669,29,748,23,56,70850709,10,464,331,343,0,121,133,82308,36.487500,5,338,0,1,120,0,0,5,389,0,70,0,0,6174994,656.000000,733.000000
1732474830047,00010,111,2,139,139,1,74,0,1530,1165,355,551,624,104,365,432177,8,347,229,498,310,138,0,5,669,29,748,23,56,70850709,10,176,159,12,0,164,17,46251,0.367610,3,9,0,164,0,0,0,0,25,0,151,0,0,6894938,1147.000000,3563.000000
1732474830147,00001,111,2,139,139,1,83,0,1929,1320,421,271,1237,116,609,542625,246,175,253,287,628,340,0,352,266,556,249,506,0,73117093,10,519,321,166,13,340,198,192376,31.622500,0,166,0,13,0,340,0,0,260,0,5,254,0,4914455,2587.000000,5135.000000
1732474830147,00002,111,2,139,139,1,83,0,1929,1320,421,271,1237,116,609,542625,246,175,253,287,628,340,0,352,266,556,249,506,0,73117093,10,448,350,0,142,306,98,114827,27.874464,0,0,141,8,299,0,0,0,3,216,229,0,0,4637924,2329.000000,5973.000000
1732474830147,00003,111,2,139,139,1,83,0,1929,1320,421,271,1237,116,609,542625,246,175,253,287,628,340,0,352,266,556,249,506,0,73117093,10,0,0,0,0,0,0,0,0.000000,0,0,0,0,0,0,0,0,0,0,0,0,0,8353870,0.000000,0.000000
1732474830147,00005,111,2,139,139,1,83,0,1929,1320,421,271,1237,116,609,542625,246,175,253,287,628,340,0,352,266,556,249,506,0,73117093,10,0,0,0,0,0,0,0,0.000000,0,0,0,0,0,0,0,0,0,0,0,0,0,8353870,0.000000,0.000000
1732474830147,00007,111,2,139,139,1,83,0,1929,1320,421,271,1237,116,609,542625,246,175,253,287,628,340,0,352,266,556,249,506,0,73117093,10,0,0,0,0,0,0,0,0.000000,0,0,0,0,0,0,0,0,0,0,0,0,0,8353870,0.000000,0.000000
1732474830147,00008,111,2,139,139,1,83,0,1929,1320,421,271,1237,116,609,542625,246,175,253,287,628,340,0,352,266,556,249,506,0,73117093,10,0,0,0,0,0,0,0,0.000000,0,0,0,0,0,0,0,0,0,0,0,0,0,8353870,0.000000,0.000000
1732474830147,00009,111,2,139,139,1,83,0,1929,1320,421,271,1237,116,609,542625,246,175,253,287,628,340,0,352,266,556,249,506,0,73117093,10,0,0,0,0,0,0,0,0.000000,0,0,0,0,0,0,0,0,0,0,0,0,0,8353870,0.000000,0.000000
1732474830147,00012,111,2,139,139,1,83,0,1929,1320,421,271,1237,116,609,542625,246,175,253,287,628,340,0,352,266,556,249,506,0,73117093,10,0,0,0,0,0,0,0,0.000000,0,0,0,0,0,0,0,0,0,0,0,0,0,8353870,0.000000,0.000000
1732474830147,00006,111,2,139,139,1,83,0,1929,1320,421,271,1237,116,609,542625,246,175,253,287,628,340,0,352,266,556,249,506,0,73117093,10,448,346,9,110,329,102,160077,27.800000,0,9,110,0,329,0,0,0,3,182,11,252,0,6321441,1498.000000,8488.000000
1732474830147,00010,111,2,139,139,1,83,0,1929,1320,421,271,1237,116,609,542625,246,175,253,287,628,340,0,352,266,556,249,506,0,73117093,10,514,303,246,6,262,211,75345,31.572857,246,0,2,266,0,0,0,352,0,158,4,0,0,7120053,1045.000000,209.000000
1732474830247,00001,111,2,139,139,1,83,0,1994,1280,420,141,1433,116,714,574535,7,413,131,352,705,386,0,5,764,191,527,507,0,75392478,10,502,311,109,0,393,191,206878,30.207679,0,109,0,0,7,386,0,0,231,0,0,271,0,5054538,2736.000000,4506.000000
1732474830247,00002,111,2,139,139,1,83,0,1994,1280,420,141,1433,116,714,574535,7,413,131,352,705,386,0,5,764,191,527,507,0,75392478,10,449,345,0,106,343,104,118267,26.310714,0,0,106,17,326,0,0,0,0,166,283,0,0,4813690,2289.000000,6078.000000
1732474830247,00003,111,2,139,139,1,83,0,1994,1280,420,141,1433,116,714,574535,7,413,131,352,705,386,0,5,764,191,527,507,0,75392478,10,0,0,0,0,0,0,0,0.000000,0,0,0,0,0,0,0,0,0,0,0,0,0,8615870,0.000000,0.000000
1732474830247,00005,111,2,139,139,1,83,0,1994,1280,420,141,1433,116,714,574535,7,413,131,352,705,386,0,5,764,191,527,507,0,75392478,10,0,0,0,0,0,0,0,0.000000,0,0,0,0,0,0,0,0,0,0,0,0,0,8615870,0.000000,0.000000
1732474830247,00007,111,2,139,139,1,83,0,1994,1280,420,141,1433,116,714,574535,7,413,131,352,705,386,0,5,764,191,527,507,0,75392478,10,0,0,0,0,0,0,0,0.000000,0,0,0,0,0,0,0,0,0,0,0,0,0,8615870,0.000000,0.000000
1732474830247,00008,111,2,139,139,1,83,0,1994,1280,420,141,1433,116,714,574535,7,413,131,352,705,386,0,5,764,191,527,507,0,75392478,10,0,0,0,0,0,0,0,0.000000,0,0,0,0,0,0,0,0,0,0,0,0,0,8615870,0.000000,0.000000
1732474830247,00009,111,2,139,139,1,83,0,1994,1280,420,141,1433,116,714,574535,7,413,131,352,705,386,0,5,764,191,527,507,0,75392478,10,0,0,0,0,0,0,0,0.000000,0,0,0,0,0,0,0,0,0,0,0,0,0,8615870,0.000000,0.000000
1732474830247,00012,111,2,139,139,1,83,0,1994,1280,420,141,1433,116,714,574535,7,413,131,352,705,386,0,5,764,191,527,507,0,75392478,10,0,0,0,0,0,0,0,0.000000,0,0,0,0,0,0,0,0,0,0,0,0,0,8615870,0.000000,0.000000
1732474830247,00006,111,2,139,139,1,83,0,1994,1280,420,141,1433,116,714,574535,7,413,131,352,705,386,0,5,764,191,527,507,0,75392478,10,517,311,145,0,372,206,158514,30.853036,0,145,0,0,372,0,0,0,262,0,19,236,0,6496946,1674.000000,2410.000000
1732474830247,00010,111,2,139,139,1,83,0,1994,1280,420,141,1433,116,714,574535,7,413,131,352,705,386,0,5,764,191,527,507,0,75392478,10,526,313,166,35,325,213,90876,30.853036,7,159,25,335,0,0,0,5,271,25,225,0,0,7332084,1081.000000,1362.000000
1732474830347,00001,111,2,139,139,1,84,0,2018,1269,512,104,1402,117,749,566641,202,310,2,153,1016,335,0,320,495,198,764,22,219,77670056,10,506,308,171,0,335,198,180104,30.009107,0,171,0,0,0,335,0,0,265,0,0,22,219,5213120,2670.000000,3772.000000
1732474830347,00002,111,2,139,139,1,84,0,2018,1269,512,104,1402,117,749,566641,202,310,2,153,1016,335,0,320,495,198,764,22,219,77670056,10,460,344,0,88,372,116,144242,26.459643,0,0,0,101,359,0,0,0,0,166,294,0,0,4973334,2342.000000,8174.000000
1732474830347,00003,111,2,139,139,1,84,0,2018,1269,512,104,1402,117,749,566641,202,310,2,153,1016,335,0,320,495,198,764,22,219,77670056,10,0,0,0,0,0,0,0,0.000000,0,0,0,0,0,0,0,0,0,0,0,0,0,8877870,0.000000,0.000000
1732474830347,00005,111,2,139,139,1,84,0,2018,1269,512,104,1402,117,749,566641,202,310,2,153,1016,335,0,320,495,198,764,22,219,77670056,10,0,0,0,0,0,0,0,0.000000,0,0,0,0,0,0,0,0,0,0,0,0,0,8877870,0.000000,0.000000
1732474830347,00007,111,2,139,139,1,84,0,2018,1269,512,104,1402,117,749,566641,202,310,2,153,1016,335,0,320,495,198,764,22,219,77670056,10,0,0,0,0,0,0,0,0.000000,0,0,0,0,0,0,0,0,0,0,0,0,0,8877870,0.000000,0.000000
1732474830347,00008,111,2,139,139,1,84,0,2018,1269,512,104,1402,117,749,566641,202,310,2,153,1016,335,0,320,495,198,764,22,219,77670056,10,0,0,0,0,0,0,0,0.000000,0,0,0,0,0,0,0,0,0,0,0,0,0,8877870,0.000000,0.000000
1732474830347,00009,111,2,139,139,1,84,0,2018,1269,512,104,1402,117,749,566641,202,310,2,153,1016,335,0,320,495,198,764,22,219,77670056,10,0,0,0,0,0,0,0,0.000000,0,0,0,0,0,0,0,0,0,0,0,0,0,8877870,0.000000,0.000000
1732474830347,00012,111,2,139,139,1,84,0,2018,1269,512,104,1402,117,749,566641,202,310,2,153,1016,335,0,320,495,198,764,22,219,77670056,10,0,0,0,0,0,0,0,0.000000,0,0,0,0,0,0,0,0,0,0,0,0,0,8877870,0.000000,0.000000
1732474830347,00006,111,2,139,139,1,84,0,2018,1269,512,104,1402,117,749,566641,202,310,2,153,1016,335,0,320,495,198,764,22,219,77670056,10,558,303,214,0,344,255,125884,32.590536,202,12,0,13,331,0,0,320,9,8,221,0,0,6691782,1657.000000,2410.000000
1732474830347,00010,111,2,139,139,1,84,0,2018,1269,512,104,1402,117,749,566641,202,310,2,153,1016,335,0,320,495,198,764,22,219,77670056,10,494,314,127,16,351,180,116411,29.264464,0,127,2,39,326,0,0,0,221,24,249,0,0,7524600,1232.000000,3143.000000
1732474830447,00001,111,2,139,139,1,68,0,1418,993,451,198,769,95,425,384072,0,451,175,70,484,238,0,0,574,297,366,27,154,73089233,9,482,324,244,0,238,158,140178,32.987679,0,244,0,0,0,238,0,0,301,0,0,27,154,5389342,2546.000000,3877.000000
1732474830447,00002,111,2,139,139,1,68,0,1418,993,451,198,769,95,425,384072,0,451,175,70,484,238,0,0,574,297,366,27,154,73089233,9,466,337,0,176,290,129,145549,32.491250,0,0,172,38,256,0,0,0,0,276,190,0,0,5137394,2367.000000,7336.000000
1732474830447,00003,111,2,139,139,1,68,0,1418,993,451,198,769,95,425,384072,0,451,175,70,484,238,0,0,574,297,366,27,154,73089233,9,0,0,0,0,0,0,0,0.000000,0,0,0,0,0,0,0,0,0,0,0,0,0,9139870,0.000000,0.000000
1732474830447,00005,111,2,139,139,1,68,0,1418,993,451,198,769,95,425,384072,0,451,175,70,484,238,0,0,574,297,366,27,154,73089233,9,0,0,0,0,0,0,0,0.000000,0,0,0,0,0,0,0,0,0,0,0,0,0,9139870,0.000000,0.000000
1732474830447,00007,111,2,139,139,1,68,0,1418,993,451,198,769,95,425,384072,0,451,175,70,484,238,0,0,574,297,366,27,154,73089233,9,0,0,0,0,0,0,0,0.000000,0,0,0,0,0,0,0,0,0,0,0,0,0,9139870,0.000000,0.000000
1732474830447,00008,111,2,139,139,1,68,0,1418,993,451,198,769,95,425,384072,0,451,175,70,484,238,0,0,574,297,366,27,154,73089233,9,0,0,0,0,0,0,0,0.000000,0,0,0,0,0,0,0,0,0,0,0,0,0,9139870,0.000000,0.000000
1732474830447,00009,111,2,139,139,1,68,0,1418,993,451,198,769,95,425,384072,0,451,175,70,484,238,0,0,574,297,366,27,154,73089233,9,0,0,0,0,0,0,0,0.000000,0,0,0,0,0,0,0,0,0,0,0,0,0,9139870,0.000000,0.000000
1732474830447,00012,111,2,139,139,1,68,0,1418,993,451,198,769,95,425,384072,0,451,175,70,484,238,0,0,574,297,366,27,154,73089233,9,0,0,0,0,0,0,0,0.000000,0,0,0,0,0,0,0,0,0,0,0,0,0,9139870,0.000000,0.000000
1732474830447,00010,111,2,139,139,1,68,0,1418,993,451,198,769,95,425,384072,0,451,175,70,484,238,0,0,574,297,366,27,154,73089233,9,470,332,207,22,241,138,98345,31.920357,0,207,3,32,228,0,0,0,273,21,176,0,0,7723277,1301.000000,3563.000000
1732474830547,00001,111,2,139,139,1,84,0,1317,1047,344,702,271,117,270,360275,0,344,656,97,106,114,0,0,386,784,96,28,23,75201245,9,448,346,9,325,114,102,170056,40.310000,0,9,325,0,0,114,0,0,7,390,0,28,23,5539177,2619.000000,7964.000000
1732474830547,00002,111,2,139,139,1,84,0,1317,1047,344,702,271,117,270,360275,0,344,656,97,106,114,0,0,386,784,96,28,23,75201245,9,428,356,0,347,81,72,104360,38.299464,0,0,331,54,43,0,0,0,0,377,51,0,0,5319528,2328.000000,5344.000000
1732474830547,00003,111,2,139,139,1,84,0,1317,1047,344,702,271,117,270,360275,0,344,656,97,106,114,0,0,386,784,96,28,23,75201245,9,0,0,0,0,0,0,0,0.000000,0,0,0,0,0,0,0,0,0,0,0,0,0,9401870,0.000000,0.000000
1732474830547,00005,111,2,139,139,1,84,0,1317,1047,344,702,271,117,270,360275,0,344,656,97,106,114,0,0,386,784,96,28,23,75201245,9,0,0,0,0,0,0,0,0.000000,0,0,0,0,0,0,0,0,0,0,0,0,0,9401870,0.000000,0.000000
1732474830547,00007,111,2,139,139,1,84,0,1317,1047,344,702,271,117,270,360275,0,344,656,97,106,114,0,0,386,784,96,28,23,75201245,9,0,0,0,0,0,0,0,0.000000,0,0,0,0,0,0,0,0,0,0,0,0,0,9401870,0.000000,0.000000
1732474830547,00008,111,2,139,139,1,84,0,1317,1047,344,702,271,117,270,360275,0,344,656,97,106,114,0,0,386,784,96,28,23,75201245,9,0,0,0,0,0,0,0,0.000000,0,0,0,0,0,0,0,0,0,0,0,0,0,9401870,0.000000,0.000000
1732474830547,00009,111,2,139,139,1,84,0,1317,1047,344,702,271,117,270,360275,0,344,656,97,106,114,0,0,386,784,96,28,23,75201245,9,0,0,0,0,0,0,0,0.000000,0,0,0,0,0,0,0,0,0,0,0,0,0,9401870,0.000000,0.000000
1732474830547,00012,111,2,139,139,1,84,0,1317,1047,344,702,271,117,270,360275,0,344,656,97,106,114,0,0,386,784,96,28,23,75201245,9,0,0,0,0,0,0,0,0.000000,0,0,0,0,0,0,0,0,0,0,0,0,0,9401870,0.000000,0.000000
1732474830547,00010,111,2,139,139,1,84,0,1317,1047,344,702,271,117,270,360275,0,344,656,97,106,114,0,0,386,784,96,28,23,75201245,9,441,345,335,30,76,96,85859,39.714286,0,335,0,43,63,0,0,0,379,17,45,0,0,7931320,1302.000000,3668.000000
1732474830647,00001,111,2,139,139,1,74,0,1561,1139,603,282,676,104,422,417321,3,600,267,55,455,181,0,0,1068,39,252,202,0,84653704,10,465,329,266,15,184,136,141140,36.388214,0,266,15,0,3,181,0,0,342,6,0,117,0,5719924,2527.000000,3248.000000
1732474830647,00002,111,2,139,139,1,74,0,1561,1139,603,282,676,104,422,417321,3,600,267,55,455,181,0,0,1068,39,252,202,0,84653704,10,434,353,0,252,182,81,115429,33.384821,0,0,252,30,152,0,0,0,274,18,142,0,0,5494621,2313.000000,5659.000000
1732474830647,00003,111,2,139,139,1,74,0,1561,1139,603,282,676,104,422,417321,3,600,267,55,455,181,0,0,1068,39,252,202,0,84653704,10,0,0,0,0,0,0,0,0.000000,0,0,0,0,0,0,0,0,0,0,0,0,0,9663870,0.000000,0.000000
1732474830647,00005,111,2,139,139,1,74,0,1561,1139,603,282,676,104,422,417321,3,600,267,55,455,181,0,0,1068,39,252,202,0,84653704,10,0,0,0,0,0,0,0,0.000000,0,0,0,0,0,0,0,0,0,0,0,0,0,9663870,0.000000,0.000000
1732474830647,00007,111,2,139,139,1,74,0,1561,1139,603,282,676,104,422,417321,3,600,267,55,455,181,0,0,1068,39,252,202,0,84653704,10,0,0,0,0,0,0,0,0.000000,0,0,0,0,0,0,0,0,0,0,0,0,0,9663870,0.000000,0.000000
1732474830647,00008,111,2,139,139,1,74,0,1561,1139,603,282,676,104,422,417321,3,600,267,55,455,181,0,0,1068,39,252,202,0,84653704,10,0,0,0,0,0,0,0,0.000000,0,0,0,0,0,0,0,0,0,0,0,0,0,9663870,0.000000,0.000000
1732474830647,00009,111,2,139,139,1,74,0,1561,1139,603,282,676,104,422,417321,3,600,267,55,455,181,0,0,1068,39,252,202,0,84653704,10,0,0,0,0,0,0,0,0.000000,0,0,0,0,0,0,0,0,0,0,0,0,0,9663870,0.000000,0.000000
1732474830647,00012,111,2,139,139,1,74,0,1561,1139,603,282,676,104,422,417321,3,600,267,55,455,181,0,0,1068,39,252,202,0,84653704,10,0,0,0,0,0,0,0,0.000000,0,0,0,0,0,0,0,0,0,0,0,0,0,9663870,0.000000,0.000000
1732474830647,00010,111,2,139,139,1,74,0,1561,1139,603,282,676,104,422,417321,3,600,267,55,455,181,0,0,1068,39,252,202,0,84653704,10,455,330,259,15,181,125,105992,35.544286,0,259,0,25,171,0,0,0,339,15,101,0,0,8131015,1329.000000,3563.000000
1732474830647,00006,111,2,139,139,1,74,0,1561,1139,603,282,676,104,422,417321,3,600,267,55,455,181,0,0,1068,39,252,202,0,84653704,10,207,127,78,0,129,80,54760,0.328514,3,75,0,0,129,0,0,0,113,0,9,85,0,7324924,1448.000000,943.000000
1732474830747,00001,111,2,139,139,1,84,0,2061,1274,318,199,1544,117,787,604472,310,8,105,465,760,413,0,552,257,171,816,18,247,86914402,10,509,304,2,94,413,205,217836,30.009107,0,2,94,0,0,413,0,0,246,0,0,16,247,5858342,2607.000000,4401.000000
1732474830747,00002,111,2,139,139,1,84,0,2061,1274,318,199,1544,117,787,604472,310,8,105,465,760,413,0,552,257,171,816,18,247,86914402,10,478,350,0,94,384,128,145613,27.080179,0,0,6,101,371,0,0,0,5,161,312,0,0,5653321,2330.000000,8174.000000
1732474830747,00003,111,2,139,139,1,84,0,2061,1274,318,199,1544,117,787,604472,310,8,105,465,760,413,0,552,257,171,816,18,247,86914402,10,0,0,0,0,0,0,0,0.000000,0,0,0,0,0,0,0,0,0,0,0,0,0,9925870,0.000000,0.000000
1732474830747,00005,111,2,139,139,1,84,0,2061,1274,318,199,1544,117,787,604472,310,8,105,465,760,413,0,552,257,171,816,18,247,86914402,10,0,0,0,0,0,0,0,0.000000,0,0,0,0,0,0,0,0,0,0,0,0,0,9925870,0.000000,0.000000
1732474830747,00007,111,2,139,139,1,84,0,2061,1274,318,199,1544,117,787,604472,310,8,105,465,760,413,0,552,257,171,816,18,247,86914402,10,0,0,0,0,0,0,0,0.000000,0,0,0,0,0,0,0,0,0,0,0,0,0,9925870,0.000000,0.000000
1732474830747,00008,111,2,139,139,1,84,0,2061,1274,318,199,1544,117,787,604472,310,8,105,465,760,413,0,552,257,171,816,18,247,86914402,10,0,0,0,0,0,0,0,0.000000,0,0,0,0,0,0,0,0,0,0,0,0,0,9925870,0.000000,0.000000
1732474830747,00009,111,2,139,139,1,84,0,2061,1274,318,199,1544,117,787,604472,310,8,105,465,760,413,0,552,257,171,816,18,247,86914402,10,0,0,0,0,0,0,0,0.000000,0,0,0,0,0,0,0,0,0,0,0,0,0,9925870,0.000000,0.000000
1732474830747,00012,111,2,139,139,1,84,0,2061,1274,318,199,1544,117,787,604472,310,8,105,465,760,413,0,552,257,171,816,18,247,86914402,10,0,0,0,0,0,0,0,0.000000,0,0,0,0,0,0,0,0,0,0,0,0,0,9925870,0.000000,0.000000
1732474830747,00010,111,2,139,139,1,84,0,2061,1274,318,199,1544,117,787,604472,310,8,105,465,760,413,0,552,257,171,816,18,247,86914402,10,530,318,151,11,368,212,91648,29.686429,150,1,5,364,10,0,0,275,0,10,245,0,0,8340566,1330.000000,733.000000
1732474830747,00006,111,2,139,139,1,84,0,2061,1274,318,199,1544,117,787,604472,310,8,105,465,760,413,0,552,257,171,816,18,247,86914402,10,544,302,165,0,379,242,149375,31.423929,160,5,0,0,379,0,0,277,6,0,259,2,0,7506953,1501.000000,2410.000000
1732474830847,00001,111,2,139,139,1,56,0,896,712,234,224,438,79,184,310638,0,234,18,218,208,218,0,0,297,266,160,14,159,72918612,8,470,348,234,18,218,122,151203,41.426964,0,234,18,0,0,218,0,0,297,0,0,14,159,6014050,2173.000000,0.000000
1732474830847,00002,111,2,139,139,1,56,0,896,712,234,224,438,79,184,310638,0,234,18,218,208,218,0,0,297,266,160,14,159,72918612,8,426,364,0,206,220,62,159435,38.398750,0,0,0,218,208,0,0,0,0,266,160,0,0,5777342,5268.000000,104.000000
1732474830847,00003,111,2,139,139,1,56,0,896,712,234,224,438,79,184,310638,0,234,18,218,208,218,0,0,297,266,160,14,159,72918612,8,0,0,0,0,0,0,0,0.000000,0,0,0,0,0,0,0,0,0,0,0,0,0,10187870,0.000000,0.000000
1732474830847,00005,111,2,139,139,1,56,0,896,712,234,224,438,79,184,310638,0,234,18,218,208,218,0,0,297,266,160,14,159,72918612,8,0,0,0,0,0,0,0,0.000000,0,0,0,0,0,0,0,0,0,0,0,0,0,10187870,0.000000,0.000000
1732474830847,00007,111,2,139,139,1,56,0,896,712,234,224,438,79,184,310638,0,234,18,218,208,218,0,0,297,266,160,14,159,72918612,8,0,0,0,0,0,0,0,0.000000,0,0,0,0,0,0,0,0,0,0,0,0,0,10187870,0.000000,0.000000
1732474830847,00008,111,2,139,139,1,56,0,896,712,234,224,438,79,184,310638,0,234,18,218,208,218,0,0,297,266,160,14,159,72918612,8,0,0,0,0,0,0,0,0.000000,0,0,0,0,0,0,0,0,0,0,0,0,0,10187870,0.000000,0.000000
1732474830847,00009,111,2,139,139,1,56,0,896,712,234,224,438,79,184,310638,0,234,18,218,208,218,0,0,297,266,160,14,159,72918612,8,0,0,0,0,0,0,0,0.000000,0,0,0,0,0,0,0,0,0,0,0,0,0,10187870,0.000000,0.000000
1732474830847,00012,111,2,139,139,1,56,0,896,712,234,224,438,79,184,310638,0,234,18,218,208,218,0,0,297,266,160,14,159,72918612,8,0,0,0,0,0,0,0,0.000000,0,0,0,0,0,0,0,0,0,0,0,0,0,10187870,0.000000,0.000000
1732474830947,00001,111,2,139,139,1,84,0,800,776,9,778,13,118,24,321373,0,9,762,16,6,7,0,0,6,398,393,3,0,74713665,8,402,388,9,380,13,14,183441,59.869286,0,9,380,0,6,7,0,0,6,0,393,3,0,6105811,4653.000000,13414.000000
1732474830947,00002,111,2,139,139,1,84,0,800,776,9,778,13,118,24,321373,0,9,762,16,6,7,0,0,6,398,393,3,0,74713665,8,398,388,0,398,0,10,137932,59.273571,0,0,382,16,0,0,0,0,0,398,0,0,0,5908634,3296.000000,10375.000000
1732474830947,00003,111,2,139,139,1,84,0,800,776,9,778,13,118,24,321373,0,9,762,16,6,7,0,0,6,398,393,3,0,74713665,8,0,0,0,0,0,0,0,0.000000,0,0,0,0,0,0,0,0,0,0,0,0,0,10449870,0.000000,0.000000
1732474830947,00005,111,2,139,139,1,84,0,800,776,9,778,13,118,24,321373,0,9,762,16,6,7,0,0,6,398,393,3,0,74713665,8,0,0,0,0,0,0,0,0.000000,0,0,0,0,0,0,0,0,0,0,0,0,0,10449870,0.000000,0.000000
1732474830947,00007,111,2,139,139,1,84,0,800,776,9,778,13,118,24,321373,0,9,762,16,6,7,0,0,6,398,393,3,0,74713665,8,0,0,0,0,0,0,0,0.000000,0,0,0,0,0,0,0,0,0,0,0,0,0,10449870,0.000000,0.000000
1732474830947,00008,111,2,139,139,1,84,0,800,776,9,778,13,118,24,321373,0,9,762,16,6,7,0,0,6,398,393,3,0,74713665,8,0,0,0,0,0,0,0,0.000000,0,0,0,0,0,0,0,0,0,0,0,0,0,10449870,0.000000,0.000000
1732474830947,00009,111,2,139,139,1,84,0,800,776,9,778,13,118,24,321373,0,9,762,16,6,7,0,0,6,398,393,3,0,74713665,8,0,0,0,0,0,0,0,0.000000,0,0,0,0,0,0,0,0,0,0,0,0,0,10449870,0.000000,0.000000
1732474830947,00012,111,2,139,139,1,84,0,800,776,9,778,13,118,24,321373,0,9,762,16,6,7,0,0,6,398,393,3,0,74713665,8,0,0,0,0,0,0,0,0.000000,0,0,0,0,0,0,0,0,0,0,0,0,0,10449870,0.000000,0.000000
1732474831047,00001,111,2,139,139,1,69,0,1053,916,536,388,129,96,137,291372,3,533,368,44,64,41,0,0,580,397,48,20,8,84255175,9,415,366,361,11,43,49,98547,48.972679,0,361,11,0,2,41,0,0,379,0,8,20,8,6293684,3222.000000,4506.000000
1732474831047,00002,111,2,139,139,1,69,0,1053,916,536,388,129,96,137,291372,3,533,368,44,64,41,0,0,580,397,48,20,8,84255175,9,409,367,0,375,34,42,148727,48.103929,0,0,357,21,31,0,0,0,1,395,13,0,0,6041131,3401.000000,9851.000000
1732474831047,00003,111,2,139,139,1,69,0,1053,916,536,388,129,96,137,291372,3,533,368,44,64,41,0,0,580,397,48,20,8,84255175,9,0,0,0,0,0,0,0,0.000000,0,0,0,0,0,0,0,0,0,0,0,0,0,10485240,0.000000,0.000000
1732474831047,00005,111,2,139,139,1,69,0,1053,916,536,388,129,96,137,291372,3,533,368,44,64,41,0,0,580,397,48,20,8,84255175,9,0,0,0,0,0,0,0,0.000000,0,0,0,0,0,0,0,0,0,0,0,0,0,10485240,0.000000,0.000000
1732474831047,00007,111,2,139,139,1,69,0,1053,916,536,388,129,96,137,291372,3,533,368,44,64,41,0,0,580,397,48,20,8,84255175,9,0,0,0,0,0,0,0,0.000000,0,0,0,0,0,0,0,0,0,0,0,0,0,10485240,0.000000,0.000000
1732474831047,00008,111,2,139,139,1,69,0,1053,916,536,388,129,96,137,291372,3,533,368,44,64,41,0,0,580,397,48,20,8,84255175,9,0,0,0,0,0,0,0,0.000000,0,0,0,0,0,0,0,0,0,0,0,0,0,10485240,0.000000,0.000000
1732474831047,00009,111,2,139,139,1,69,0,1053,916,536,388,129,96,137,291372,3,533,368,44,64,41,0,0,580,397,48,20,8,84255175,9,0,0,0,0,0,0,0,0.000000,0,0,0,0,0,0,0,0,0,0,0,0,0,10485240,0.000000,0.000000
1732474831047,00012,111,2,139,139,1,69,0,1053,916,536,388,129,96,137,291372,3,533,368,44,64,41,0,0,580,397,48,20,8,84255175,9,0,0,0,0,0,0,0,0.000000,0,0,0,0,0,0,0,0,0,0,0,0,0,10485240,0.000000,0.000000
1732474831047,00010,111,2,139,139,1,69,0,1053,916,536,388,129,96,137,291372,3,533,368,44,64,41,0,0,580,397,48,20,8,84255175,9,229,183,175,2,52,46,44098,0.508779,3,172,0,23,31,0,0,0,200,2,27,0,0,9008920,919.000000,3563.000000
1732474831147,00001,111,2,139,139,1,83,0,1351,995,648,376,327,116,356,343939,0,648,307,125,167,104,0,0,778,405,115,53,0,84837903,9,441,329,325,0,116,112,124052,38.547679,0,325,0,0,12,104,0,0,381,0,7,53,0,6487796,2616.000000,1676.000000
1732474831147,00002,111,2,139,139,1,83,0,1351,995,648,376,327,116,356,343939,0,648,307,125,167,104,0,0,778,405,115,53,0,84837903,9,446,338,0,321,125,108,125376,39.267500,0,0,307,49,90,0,0,0,0,384,62,0,0,6220953,2961.000000,4192.000000
1732474831147,00003,111,2,139,139,1,83,0,1351,995,648,376,327,116,356,343939,0,648,307,125,167,104,0,0,778,405,115,53,0,84837903,9,0,0,0,0,0,0,0,0.000000,0,0,0,0,0,0,0,0,0,0,0,0,0,10485240,0.000000,0.000000
1732474831147,00005,111,2,139,139,1,83,0,1351,995,648,376,327,116,356,343939,0,648,307,125,167,104,0,0,778,405,115,53,0,84837903,9,0,0,0,0,0,0,0,0.000000,0,0,0,0,0,0,0,0,0,0,0,0,0,10485240,0.000000,0.000000
1732474831147,00007,111,2,139,139,1,83,0,1351,995,648,376,327,116,356,343939,0,648,307,125,167,104,0,0,778,405,115,53,0,84837903,9,0,0,0,0,0,0,0,0.000000,0,0,0,0,0,0,0,0,0,0,0,0,0,10485240,0.000000,0.000000
1732474831147,00008,111,2,139,139,1,83,0,1351,995,648,376,327,116,356,343939,0,648,307,125,167,104,0,0,778,405,115,53,0,84837903,9,0,0,0,0,0,0,0,0.000000,0,0,0,0,0,0,0,0,0,0,0,0,0,10485240,0.000000,0.000000
1732474831147,00009,111,2,139,139,1,83,0,1351,995,648,376,327,116,356,343939,0,648,307,125,167,104,0,0,778,405,115,53,0,84837903,9,0,0,0,0,0,0,0,0.000000,0,0,0,0,0,0,0,0,0,0,0,0,0,10485240,0.000000,0.000000
1732474831147,00012,111,2,139,139,1,83,0,1351,995,648,376,327,116,356,343939,0,648,307,125,167,104,0,0,778,405,115,53,0,84837903,9,0,0,0,0,0,0,0,0.000000,0,0,0,0,0,0,0,0,0,0,0,0,0,10485240,0.000000,0.000000
1732474831147,00010,111,2,139,139,1,83,0,1351,995,648,376,327,116,356,343939,0,648,307,125,167,104,0,0,778,405,115,53,0,84837903,9,464,328,323,55,86,136,94511,39.639821,0,323,0,76,65,0,0,0,397,21,46,0,0,9217714,1034.000000,2410.000000
1732474831247,00001,111,2,139,139,1,83,0,1393,892,599,311,483,116,501,362612,0,599,271,100,280,143,0,0,1087,64,158,84,0,85444701,9,481,283,299,0,182,198,156303,41.203571,0,299,0,0,39,143,0,0,388,0,9,84,0,6682428,2290.000000,628.000000
1732474831247,00002,111,2,139,139,1,83,0,1393,892,599,311,483,116,501,362612,0,599,271,100,280,143,0,0,1087,64,158,84,0,85444701,9,441,315,0,267,174,126,117061,36.363393,0,0,266,37,138,0,0,0,316,34,91,0,0,6411978,2672.000000,3458.000000
1732474831247,00003,111,2,139,139,1,83,0,1393,892,599,311,483,116,501,362612,0,599,271,100,280,143,0,0,1087,64,158,84,0,85444701,9,0,0,0,0,0,0,0,0.000000,0,0,0,0,0,0,0,0,0,0,0,0,0,10485240,0.000000,0.000000
1732474831247,00005,111,2,139,139,1,83,0,1393,892,599,311,483,116,501,362612,0,599,271,100,280,143,0,0,1087,64,158,84,0,85444701,9,0,0,0,0,0,0,0,0.000000,0,0,0,0,0,0,0,0,0,0,0,0,0,10485240,0.000000,0.000000
1732474831247,00007,111,2,139,139,1,83,0,1393,892,599,311,483,116,501,362612,0,599,271,100,280,143,0,0,1087,64,158,84,0,85444701,9,0,0,0,0,0,0,0,0.000000,0,0,0,0,0,0,0,0,0,0,0,0,0,10485240,0.000000,0.000000
1732474831247,00008,111,2,139,139,1,83,0,1393,892,599,311,483,116,501,362612,0,599,271,100,280,143,0,0,1087,64,158,84,0,85444701,9,0,0,0,0,0,0,0,0.000000,0,0,0,0,0,0,0,0,0,0,0,0,0,10485240,0.000000,0.000000
1732474831247,00009,111,2,139,139,1,83,0,1393,892,599,311,483,116,501,362612,0,599,271,100,280,143,0,0,1087,64,158,84,0,85444701,9,0,0,0,0,0,0,0,0.000000,0,0,0,0,0,0,0,0,0,0,0,0,0,10485240,0.000000,0.000000
1732474831247,00012,111,2,139,139,1,83,0,1393,892,599,311,483,116,501,362612,0,599,271,100,280,143,0,0,1087,64,158,84,0,85444701,9,0,0,0,0,0,0,0,0.000000,0,0,0,0,0,0,0,0,0,0,0,0,0,10485240,0.000000,0.000000
1732474831247,00010,111,2,139,139,1,83,0,1393,892,599,311,483,116,501,362612,0,599,271,100,280,143,0,0,1087,64,158,84,0,85444701,9,471,294,300,44,127,177,89248,39.441250,0,300,5,63,103,0,0,0,383,30,58,0,0,9438855,1013.000000,1257.000000
1732474831347,00001,111,2,139,139,1,83,0,1359,941,591,354,414,116,418,393736,0,591,18,396,223,131,0,0,746,402,142,69,0,86002647,9,445,308,278,0,167,137,153236,39.118571,0,278,0,0,36,131,0,0,363,0,13,69,0,6870430,2148.000000,1467.000000
1732474831347,00002,111,2,139,139,1,83,0,1359,941,591,354,414,116,418,393736,0,591,18,396,223,131,0,0,746,402,142,69,0,86002647,9,443,332,0,281,162,111,158010,37.530000,0,0,9,310,124,0,0,0,8,343,92,0,0,6562891,2720.000000,8174.000000
1732474831347,00003,111,2,139,139,1,83,0,1359,941,591,354,414,116,418,393736,0,591,18,396,223,131,0,0,746,402,142,69,0,86002647,9,0,0,0,0,0,0,0,0.000000,0,0,0,0,0,0,0,0,0,0,0,0,0,10485240,0.000000,0.000000
1732474831347,00005,111,2,139,139,1,83,0,1359,941,591,354,414,116,418,393736,0,591,18,396,223,131,0,0,746,402,142,69,0,86002647,9,0,0,0,0,0,0,0,0.000000,0,0,0,0,0,0,0,0,0,0,0,0,0,10485240,0.000000,0.000000
1732474831347,00007,111,2,139,139,1,83,0,1359,941,591,354,414,116,418,393736,0,591,18,396,223,131,0,0,746,402,142,69,0,86002647,9,0,0,0,0,0,0,0,0.000000,0,0,0,0,0,0,0,0,0,0,0,0,0,10485240,0.000000,0.000000
1732474831347,00008,111,2,139,139,1,83,0,1359,941,591,354,414,116,418,393736,0,591,18,396,223,131,0,0,746,402,142,69,0,86002647,9,0,0,0,0,0,0,0,0.000000,0,0,0,0,0,0,0,0,0,0,0,0,0,10485240,0.000000,0.000000
1732474831347,00009,111,2,139,139,1,83,0,1359,941,591,354,414,116,418,393736,0,591,18,396,223,131,0,0,746,402,142,69,0,86002647,9,0,0,0,0,0,0,0,0.000000,0,0,0,0,0,0,0,0,0,0,0,0,0,10485240,0.000000,0.000000
1732474831347,00012,111,2,139,139,1,83,0,1359,941,591,354,414,116,418,393736,0,591,18,396,223,131,0,0,746,402,142,69,0,86002647,9,0,0,0,0,0,0,0,0.000000,0,0,0,0,0,0,0,0,0,0,0,0,0,10485240,0.000000,0.000000
1732474831347,00010,111,2,139,139,1,83,0,1359,941,591,354,414,116,418,393736,0,591,18,396,223,131,0,0,746,402,142,69,0,86002647,9,471,301,313,73,85,170,82490,40.756786,0,313,9,86,63,0,0,0,375,59,37,0,0,9657886,1003.000000,838.000000
1732474831447,00001,111,2,139,139,1,66,0,842,673,8,634,200,92,169,328961,0,8,620,55,62,97,0,0,5,747,40,25,25,76639890,8,424,333,8,319,97,91,171592,47.036607,0,8,319,0,0,97,0,0,5,369,0,25,25,7024468,2257.000000,6916.000000
1732474831447,00002,111,2,139,139,1,66,0,842,673,8,634,200,92,169,328961,0,8,620,55,62,97,0,0,5,747,40,25,25,76639890,8,418,340,0,315,103,78,157369,45.894821,0,0,301,55,62,0,0,0,0,378,40,0,0,6703982,2812.000000,7755.000000
1732474831447,00003,111,2,139,139,1,66,0,842,673,8,634,200,92,169,328961,0,8,620,55,62,97,0,0,5,747,40,25,25,76639890,8,0,0,0,0,0,0,0,0.000000,0,0,0,0,0,0,0,0,0,0,0,0,0,10485240,0.000000,0.000000
1732474831447,00005,111,2,139,139,1,66,0,842,673,8,634,200,92,169,328961,0,8,620,55,62,97,0,0,5,747,40,25,25,76639890,8,0,0,0,0,0,0,0,0.000000,0,0,0,0,0,0,0,0,0,0,0,0,0,10485240,0.000000,0.000000
1732474831447,00007,111,2,139,139,1,66,0,842,673,8,634,200,92,169,328961,0,8,620,55,62,97,0,0,5,747,40,25,25,76639890,8,0,0,0,0,0,0,0,0.000000,0,0,0,0,0,0,0,0,0,0,0,0,0,10485240,0.000000,0.000000
1732474831447,00008,111,2,139,139,1,66,0,842,673,8,634,200,92,169,328961,0,8,620,55,62,97,0,0,5,747,40,25,25,76639890,8,0,0,0,0,0,0,0,0.000000,0,0,0,0,0,0,0,0,0,0,0,0,0,10485240,0.000000,0.000000
1732474831447,00009,111,2,139,139,1,66,0,842,673,8,634,200,92,169,328961,0,8,620,55,62,97,0,0,5,747,40,25,25,76639890,8,0,0,0,0,0,0,0,0.000000,0,0,0,0,0,0,0,0,0,0,0,0,0,10485240,0.000000,0.000000
1732474831447,00012,111,2,139,139,1,66,0,842,673,8,634,200,92,169,328961,0,8,620,55,62,97,0,0,5,747,40,25,25,76639890,8,0,0,0,0,0,0,0,0.000000,0,0,0,0,0,0,0,0,0,0,0,0,0,10485240,0.000000,0.000000
1732474831547,00001,111,2,139,139,1,84,0,800,787,389,406,5,118,13,301079,0,389,20,391,0,0,0,0,396,404,0,0,0,76872685,8,400,393,389,11,0,7,81518,59.571429,0,389,11,0,0,0,0,0,396,4,0,0,0,7209390,2201.000000,6183.000000
1732474831547,00002,111,2,139,139,1,84,0,800,787,389,406,5,118,13,301079,0,389,20,391,0,0,0,0,396,404,0,0,0,76872685,8,400,394,0,395,5,6,219561,59.521786,0,0,9,391,0,0,0,0,0,400,0,0,0,6751855,3231.000000,17292.000000
1732474831547,00003,111,2,139,139,1,84,0,800,787,389,406,5,118,13,301079,0,389,20,391,0,0,0,0,396,404,0,0,0,76872685,8,0,0,0,0,0,0,0,0.000000,0,0,0,0,0,0,0,0,0,0,0,0,0,10485240,0.000000,0.000000
1732474831547,00005,111,2,139,139,1,84,0,800,787,389,406,5,118,13,301079,0,389,20,391,0,0,0,0,396,404,0,0,0,76872685,8,0,0,0,0,0,0,0,0.000000,0,0,0,0,0,0,0,0,0,0,0,0,0,10485240,0.000000,0.000000
1732474831547,00007,111,2,139,139,1,84,0,800,787,389,406,5,118,13,301079,0,389,20,391,0,0,0,0,396,404,0,0,0,76872685,8,0,0,0,0,0,0,0,0.000000,0,0,0,0,0,0,0,0,0,0,0,0,0,10485240,0.000000,0.000000
1732474831547,00008,111,2,139,139,1,84,0,800,787,389,406,5,118,13,301079,0,389,20,391,0,0,0,0,396,404,0,0,0,76872685,8,0,0,0,0,0,0,0,0.000000,0,0,0,0,0,0,0,0,0,0,0,0,0,10485240,0.000000,0.000000
1732474831547,00009,111,2,139,139,1,84,0,800,787,389,406,5,118,13,301079,0,389,20,391,0,0,0,0,396,404,0,0,0,76872685,8,0,0,0,0,0,0,0,0.000000,0,0,0,0,0,0,0,0,0,0,0,0,0,10485240,0.000000,0.000000
1732474831547,00012,111,2,139,139,1,84,0,800,787,389,406,5,118,13,301079,0,389,20,391,0,0,0,0,396,404,0,0,0,76872685,8,0,0,0,0,0,0,0,0.000000,0,0,0,0,0,0,0,0,0,0,0,0,0,10485240,0.000000,0.000000
1732474831647,00001,111,2,139,139,1,67,0,1238,958,428,312,498,94,280,376381,6,422,284,46,269,211,0,0,869,23,189,79,78,96559193,10,431,345,300,4,127,86,132507,47.557857,0,300,4,0,13,114,0,0,341,2,4,6,78,7380999,2203.000000,4820.000000
1732474831647,00002,111,2,139,139,1,67,0,1238,958,428,312,498,94,280,376381,6,422,284,46,269,211,0,0,869,23,189,79,78,96559193,10,437,354,0,304,133,83,142015,47.508214,0,0,280,37,120,0,0,0,344,16,77,0,0,6906194,3178.000000,8069.000000
1732474831647,00003,111,2,139,139,1,67,0,1238,958,428,312,498,94,280,376381,6,422,284,46,269,211,0,0,869,23,189,79,78,96559193,10,0,0,0,0,0,0,0,0.000000,0,0,0,0,0,0,0,0,0,0,0,0,0,10485240,0.000000,0.000000
1732474831647,00005,111,2,139,139,1,67,0,1238,958,428,312,498,94,280,376381,6,422,284,46,269,211,0,0,869,23,189,79,78,96559193,10,0,0,0,0,0,0,0,0.000000,0,0,0,0,0,0,0,0,0,0,0,0,0,10485240,0.000000,0.000000
1732474831647,00007,111,2,139,139,1,67,0,1238,958,428,312,498,94,280,376381,6,422,284,46,269,211,0,0,869,23,189,79,78,96559193,10,0,0,0,0,0,0,0,0.000000,0,0,0,0,0,0,0,0,0,0,0,0,0,10485240,0.000000,0.000000
1732474831647,00008,111,2,139,139,1,67,0,1238,958,428,312,498,94,280,376381,6,422,284,46,269,211,0,0,869,23,189,79,78,96559193,10,0,0,0,0,0,0,0,0.000000,0,0,0,0,0,0,0,0,0,0,0,0,0,10485240,0.000000,0.000000
1732474831647,00009,111,2,139,139,1,67,0,1238,958,428,312,498,94,280,376381,6,422,284,46,269,211,0,0,869,23,189,79,78,96559193,10,0,0,0,0,0,0,0,0.000000,0,0,0,0,0,0,0,0,0,0,0,0,0,10485240,0.000000,0.000000
1732474831647,00012,111,2,139,139,1,67,0,1238,958,428,312,498,94,280,376381,6,422,284,46,269,211,0,0,869,23,189,79,78,96559193,10,0,0,0,0,0,0,0,0.000000,0,0,0,0,0,0,0,0,0,0,0,0,0,10485240,0.000000,0.000000
1732474831647,00006,111,2,139,139,1,67,0,1238,958,428,312,498,94,280,376381,6,422,284,46,269,211,0,0,869,23,189,79,78,96559193,10,203,127,83,0,120,76,62292,0.267320,3,80,0,0,23,97,0,0,121,0,9,73,0,9037829,2121.000000,5240.000000
1732474831647,00010,111,2,139,139,1,67,0,1238,958,428,312,498,94,280,376381,6,422,284,46,269,211,0,0,869,23,189,79,78,96559193,10,167,132,45,4,118,35,39567,0.217165,3,42,0,9,113,0,0,0,63,5,99,0,0,10322731,1034.000000,3668.000000
1732474831747,00001,111,2,139,139,1,83,0,1899,1333,646,421,832,116,566,489719,126,520,109,323,561,260,0,203,666,390,473,165,2,97239157,10,507,319,255,0,252,188,152312,31.920357,0,255,0,0,0,252,0,0,343,0,0,162,2,7558658,2183.000000,2724.000000
1732474831747,00002,111,2,139,139,1,83,0,1899,1333,646,421,832,116,566,489719,126,520,109,323,561,260,0,203,666,390,473,165,2,97239157,10,437,354,0,94,343,83,145463,27.353214,0,0,94,4,339,0,0,0,3,136,298,0,0,7053490,3156.000000,8803.000000
1732474831747,00003,111,2,139,139,1,83,0,1899,1333,646,421,832,116,566,489719,126,520,109,323,561,260,0,203,666,390,473,165,2,97239157,10,0,0,0,0,0,0,0,0.000000,0,0,0,0,0,0,0,0,0,0,0,0,0,10485240,0.000000,0.000000
1732474831747,00005,111,2,139,139,1,83,0,1899,1333,646,421,832,116,566,489719,126,520,109,323,561,260,0,203,666,390,473,165,2,97239157,10,0,0,0,0,0,0,0,0.000000,0,0,0,0,0,0,0,0,0,0,0,0,0,10485240,0.000000,0.000000
1732474831747,00007,111,2,139,139,1,83,0,1899,1333,646,421,832,116,566,489719,126,520,109,323,561,260,0,203,666,390,473,165,2,97239157,10,0,0,0,0,0,0,0,0.000000,0,0,0,0,0,0,0,0,0,0,0,0,0,10485240,0.000000,0.000000
1732474831747,00008,111,2,139,139,1,83,0,1899,1333,646,421,832,116,566,489719,126,520,109,323,561,260,0,203,666,390,473,165,2,97239157,10,0,0,0,0,0,0,0,0.000000,0,0,0,0,0,0,0,0,0,0,0,0,0,10485240,0.000000,0.000000
1732474831747,00009,111,2,139,139,1,83,0,1899,1333,646,421,832,116,566,489719,126,520,109,323,561,260,0,203,666,390,473,165,2,97239157,10,0,0,0,0,0,0,0,0.000000,0,0,0,0,0,0,0,0,0,0,0,0,0,10485240,0.000000,0.000000
1732474831747,00012,111,2,139,139,1,83,0,1899,1333,646,421,832,116,566,489719,126,520,109,323,561,260,0,203,666,390,473,165,2,97239157,10,0,0,0,0,0,0,0,0.000000,0,0,0,0,0,0,0,0,0,0,0,0,0,10485240,0.000000,0.000000
1732474831747,00006,111,2,139,139,1,83,0,1899,1333,646,421,832,116,566,489719,126,520,109,323,561,260,0,203,666,390,473,165,2,97239157,10,478,330,259,0,219,148,110273,29.611964,0,259,0,7,204,8,0,0,304,0,171,3,0,9230236,2062.000000,3982.000000
1732474831747,00010,111,2,139,139,1,83,0,1899,1333,646,421,832,116,566,489719,126,520,109,323,561,260,0,203,666,390,473,165,2,97239157,10,477,330,132,327,18,147,81671,29.736071,126,6,15,312,18,0,0,203,16,254,4,0,0,10485333,1073.000000,2620.000000
