timestamp,ueImsiComplete,plmId,nrCellId,dlAvailablePrbs,ulAvailablePrbs,qci,dlPrbUsage,ulPrbUsage,TB.TotNbrDl.1,TB.TotNbrDlInitial,TB.TotNbrDlInitial.Qpsk,TB.TotNbrDlInitial.16Qam,TB.TotNbrDlInitial.64Qam,RRU.PrbUsedDl,TB.ErrTotalNbrDl.1,QosFlow.PdcpPduVolumeDL_Filter,CARR.PDSCHMCSDist.Bin1,CARR.PDSCHMCSDist.Bin2,CARR.PDSCHMCSDist.Bin3,CARR.PDSCHMCSDist.Bin4,CARR.PDSCHMCSDist.Bin5,CARR.PDSCHMCSDist.Bin6,L1M.RS-SINR.Bin34,L1M.RS-SINR.Bin46, L1M.RS-SINR.Bin58,L1M.RS-SINR.Bin70,L1M.RS-SINR.Bin82,L1M.RS-SINR.Bin94,L1M.RS-SINR.Bin127,DRB.BufferSize.Qos,DRB.MeanActiveUeDl,TB.TotNbrDl.1.UEID,TB.TotNbrDlInitial.UEID,TB.TotNbrDlInitial.Qpsk.UEID,TB.TotNbrDlInitial.16Qam.UEID,TB.TotNbrDlInitial.64Qam.UEID,TB.ErrTotalNbrDl.1.UEID,QosFlow.PdcpPduVolumeDL_Filter.UEID,RRU.PrbUsedDl.UEID,CARR.PDSCHMCSDist.Bin1.UEID,CARR.PDSCHMCSDist.Bin2.UEID,CARR.PDSCHMCSDist.Bin3.UEID,CARR.PDSCHMCSDist.Bin4.UEID,CARR.PDSCHMCSDist.Bin5.UEID,CARR.PDSCHMCSDist.Bin6.UEID,L1M.RS-SINR.Bin34.UEID, L1M.RS-SINR.Bin46.UEID,L1M.RS-SINR.Bin58.UEID,L1M.RS-SINR.Bin70.UEID,L1M.RS-SINR.Bin82.UEID,L1M.RS-SINR.Bin94.UEID,L1M.RS-SINR.Bin127.UEID,DRB.BufferSize.Qos.UEID,DRB.UEThpDl.UEID, DRB.UEThpDlPdcpBased.UEID
1732474826947,00004,111,3,139,139,1,0,0,0,0,0,0,0,0,0,0,0,0,0,0,0,0,0,0,0,0,0,0,0,0,2,0,0,0,0,0,0,0,0.000000,0,0,0,0,0,0,0,0,0,0,0,0,0,0,0.000000,0.000000
1732474826947,00011,111,3,139,139,1,0,0,0,0,0,0,0,0,0,0,0,0,0,0,0,0,0,0,0,0,0,0,0,0,2,0,0,0,0,0,0,0,0.000000,0,0,0,0,0,0,0,0,0,0,0,0,0,0,0.000000,0.000000
1732474827047,00004,111,3,139,139,1,74,0,712,506,6,246,460,103,206,565178,6,0,244,38,66,358,0,0,0,302,49,309,52,92697,2,351,246,3,246,102,105,212566,60.440179,3,0,244,38,66,0,0,0,0,302,49,0,0,92557,4638.000000,6392.000000
1732474827047,00011,111,3,139,139,1,74,0,712,506,6,246,460,103,206,565178,6,0,244,38,66,358,0,0,0,302,49,309,52,92697,2,361,260,3,0,358,101,352612,43.834643,3,0,0,0,0,358,0,0,0,0,0,309,52,140,8022.000000,13519.000000
1732474827147,00004,111,3,139,139,1,84,0,822,672,0,283,539,118,150,649499,0,0,2,290,135,395,0,0,0,303,124,299,96,111828,2,427,310,0,283,144,117,348315,83.449643,0,0,2,290,135,0,0,0,0,303,124,0,0,110722,5861.000000,13938.000000
1732474827147,00011,111,3,139,139,1,84,0,822,672,0,283,539,118,150,649499,0,0,2,290,135,395,0,0,0,303,124,299,96,111828,2,395,362,0,0,395,33,301184,35.345714,0,0,0,0,0,395,0,0,0,0,0,299,96,1106,7502.000000,22951.000000
1732474827247,00004,111,3,139,139,1,74,0,1019,769,98,207,714,104,250,648795,2,96,202,13,296,410,0,0,136,244,228,226,185,942276,3,418,305,0,207,211,113,233554,57.560893,0,0,202,13,203,0,0,0,0,244,173,1,0,214287,5408.000000,9222.000000
1732474827247,00011,111,3,139,139,1,74,0,1019,769,98,207,714,104,250,648795,2,96,202,13,296,410,0,0,136,244,228,226,185,942276,3,410,330,0,0,410,80,356022,43.164464,0,0,0,0,0,410,0,0,0,0,0,225,185,3327,7466.000000,19912.000000
1732474827247,00006,111,3,139,139,1,74,0,1019,769,98,207,714,104,250,648795,2,96,202,13,296,410,0,0,136,244,228,226,185,942276,3,191,134,98,0,93,57,59219,4.443686,2,96,0,0,93,0,0,0,136,0,55,0,0,724662,2007.000000,1362.000000
1732474827347,00004,111,3,139,139,1,84,0,1303,1052,2,289,1012,117,251,756093,0,2,115,174,570,442,0,0,165,197,346,338,257,1128744,3,417,356,0,174,243,61,204321,38.026429,0,0,0,174,243,0,0,0,0,197,67,153,0,307165,5165.000000,13938.000000
1732474827347,00011,111,3,139,139,1,84,0,1303,1052,2,289,1012,117,251,756093,0,2,115,174,570,442,0,0,165,197,346,338,257,1128744,3,442,356,0,0,442,86,330428,39.763929,0,0,0,0,0,442,0,0,0,0,0,185,257,2072,7334.000000,18759.000000
1732474827347,00006,111,3,139,139,1,84,0,1303,1052,2,289,1012,117,251,756093,0,2,115,174,570,442,0,0,165,197,346,338,257,1128744,3,444,340,2,115,327,104,221344,40.856071,0,2,115,0,327,0,0,0,165,0,279,0,0,819507,3627.000000,11947.000000
1732474827447,00004,111,3,139,139,1,83,0,1310,1017,248,129,933,116,293,651937,0,248,8,128,531,395,0,335,0,171,409,35,360,1423555,3,454,331,0,121,333,123,213300,41.352500,0,0,0,128,326,0,0,0,0,171,283,0,0,422460,4939.000000,7650.000000
1732474827447,00011,111,3,139,139,1,83,0,1310,1017,248,129,933,116,293,651937,0,248,8,128,531,395,0,335,0,171,409,35,360,1423555,3,395,371,0,0,395,24,285598,33.633036,0,0,0,0,0,395,0,0,0,0,0,35,360,3327,7218.000000,21484.000000
1732474827447,00006,111,3,139,139,1,83,0,1310,1017,248,129,933,116,293,651937,0,248,8,128,531,395,0,335,0,171,409,35,360,1423555,3,461,315,248,8,205,146,153039,42.643214,0,248,8,0,205,0,0,335,0,0,126,0,0,997768,3116.000000,4716.000000
1732474827547,00004,111,3,139,139,1,83,0,1320,1028,257,91,972,116,292,671302,0,257,0,91,586,386,0,0,361,143,327,120,369,1705457,3,456,343,0,91,365,113,235107,41.005000,0,0,0,91,365,0,0,0,0,143,313,0,0,514071,4882.000000,7964.000000
1732474827547,00011,111,3,139,139,1,83,0,1320,1028,257,91,972,116,292,671302,0,257,0,91,586,386,0,0,361,143,327,120,369,1705457,3,406,384,0,0,406,22,284494,33.657857,0,0,0,0,20,386,0,0,0,0,0,37,369,468,7107.000000,21064.000000
1732474827547,00006,111,3,139,139,1,83,0,1320,1028,257,91,972,116,292,671302,0,257,0,91,586,386,0,0,361,143,327,120,369,1705457,3,458,301,257,0,201,157,151701,42.543929,0,257,0,0,201,0,0,0,361,0,14,83,0,1190918,2730.000000,1991.000000
1732474827647,00004,111,3,139,139,1,76,0,1442,1285,251,81,1110,106,157,680653,3,248,0,86,678,427,0,0,261,98,656,296,131,3705541,4,414,381,0,81,333,33,205856,34.377679,0,0,0,86,328,0,0,0,0,98,316,0,0,589065,4858.000000,15405.000000
1732474827647,00011,111,3,139,139,1,76,0,1442,1285,251,81,1110,106,157,680653,3,248,0,86,678,427,0,0,261,98,656,296,131,3705541,4,427,369,0,0,427,58,290681,35.643571,0,0,0,0,0,427,0,0,0,0,0,296,131,21214,7070.000000,19283.000000
1732474827647,00006,111,3,139,139,1,76,0,1442,1285,251,81,1110,106,157,680653,3,248,0,86,678,427,0,0,261,98,656,296,131,3705541,4,434,368,84,0,350,66,173247,36.462679,0,84,0,0,350,0,0,0,94,0,340,0,0,1301703,3023.000000,10375.000000
1732474827647,00010,111,3,139,139,1,76,0,1442,1285,251,81,1110,106,157,680653,3,248,0,86,678,427,0,0,261,98,656,296,131,3705541,4,167,167,167,0,0,0,10869,1.553471,3,164,0,0,0,0,0,0,167,0,0,0,0,1793559,648.000000,733.000000
1732474827747,00004,111,3,139,139,1,83,0,1600,1600,400,0,1200,116,0,720191,0,400,0,0,403,797,0,0,400,0,400,800,0,4041649,4,400,400,0,0,400,0,206400,29.785714,0,0,0,0,400,0,0,0,0,0,400,0,0,646977,4868.000000,16244.000000
1732474827747,00011,111,3,139,139,1,83,0,1600,1600,400,0,1200,116,0,720191,0,400,0,0,403,797,0,0,400,0,400,800,0,4041649,4,400,400,0,0,400,0,253408,29.785714,0,0,0,0,0,400,0,0,0,0,0,400,0,32092,7120.000000,20121.000000
1732474827747,00006,111,3,139,139,1,83,0,1600,1600,400,0,1200,116,0,720191,0,400,0,0,403,797,0,0,400,0,400,800,0,4041649,4,400,400,0,0,400,0,233983,29.785714,0,0,0,0,3,397,0,0,0,0,0,400,0,1331784,3684.000000,18549.000000
1732474827747,00010,111,3,139,139,1,83,0,1600,1600,400,0,1200,116,0,720191,0,400,0,0,403,797,0,0,400,0,400,800,0,4041649,4,400,400,400,0,0,0,26400,29.785714,0,400,0,0,0,0,0,0,400,0,0,0,0,2030796,654.000000,1991.000000
1732474827847,00004,111,3,139,139,1,83,0,1916,1415,330,207,1379,116,501,600909,0,330,0,213,953,420,0,0,689,226,404,251,346,4670758,4,408,384,0,207,201,24,115528,23.828571,0,0,0,207,201,0,0,0,0,221,5,182,0,806866,2199.000000,0.000000
1732474827847,00011,111,3,139,139,1,83,0,1916,1415,330,207,1379,116,501,600909,0,330,0,213,953,420,0,0,689,226,404,251,346,4670758,4,415,383,0,0,415,32,203170,24.101607,0,0,0,0,0,415,0,0,0,0,0,69,346,109852,4023.000000,104.000000
1732474827847,00006,111,3,139,139,1,83,0,1916,1415,330,207,1379,116,501,600909,0,330,0,213,953,420,0,0,689,226,404,251,346,4670758,4,465,366,272,0,193,99,73467,26.980893,0,272,0,1,187,5,0,0,317,0,148,0,0,1547256,1103.000000,0.000000
1732474827847,00010,111,3,139,139,1,83,0,1916,1415,330,207,1379,116,501,600909,0,330,0,213,953,420,0,0,689,226,404,251,346,4670758,4,628,282,58,0,570,346,208744,43.958750,0,58,0,5,565,0,0,0,372,5,251,0,0,2206784,4137.000000,104.000000
1732474827947,00004,111,3,139,139,1,84,0,1693,1495,417,337,939,117,198,532377,0,417,0,718,162,396,0,0,496,707,94,18,378,5253504,4,417,379,0,337,80,38,123186,29.314107,0,0,0,337,80,0,0,0,0,359,58,0,0,965044,2702.000000,8279.000000
1732474827947,00011,111,3,139,139,1,84,0,1693,1495,417,337,939,117,198,532377,0,417,0,718,162,396,0,0,496,707,94,18,378,5253504,4,396,386,0,0,396,10,234489,27.601429,0,0,0,0,0,396,0,0,0,0,0,18,378,143858,5648.000000,18130.000000
1732474827947,00006,111,3,139,139,1,84,0,1693,1495,417,337,939,117,198,532377,0,417,0,718,162,396,0,0,496,707,94,18,378,5253504,4,437,362,363,0,74,75,55744,30.803393,0,363,0,0,74,0,0,0,401,0,36,0,0,1776734,811.000000,1467.000000
1732474827947,00010,111,3,139,139,1,84,0,1693,1495,417,337,939,117,198,532377,0,417,0,718,162,396,0,0,496,707,94,18,378,5253504,4,443,368,54,0,389,75,118958,31.374286,0,54,0,381,8,0,0,0,95,348,0,0,0,2367868,2841.000000,7231.000000
1732474828047,00004,111,3,139,139,1,72,0,1358,1074,231,287,840,101,284,468996,231,0,270,313,154,390,0,402,0,439,127,150,240,3882431,3,430,365,0,276,154,65,130428,32.516071,0,0,270,6,154,0,0,0,0,303,127,0,0,1127184,2643.000000,5973.000000
1732474828047,00011,111,3,139,139,1,72,0,1358,1074,231,287,840,101,284,468996,231,0,270,313,154,390,0,402,0,439,127,150,240,3882431,3,390,390,0,0,390,0,243329,28.569464,0,0,0,0,0,390,0,0,0,0,0,150,240,164421,5850.000000,19283.000000
1732474828047,00010,111,3,139,139,1,72,0,1358,1074,231,287,840,101,284,468996,231,0,270,313,154,390,0,402,0,439,127,150,240,3882431,3,538,319,231,11,296,219,95239,41.054643,231,0,0,307,0,0,0,402,0,136,0,0,0,2590826,2059.000000,1781.000000
1732474828147,00004,111,3,139,139,1,68,0,836,688,0,327,509,95,148,554473,0,0,327,20,69,420,0,0,0,367,49,348,72,1373068,2,416,344,0,327,89,72,167300,47.880536,0,0,327,20,69,0,0,0,0,367,49,0,0,1261160,2916.000000,9117.000000
1732474828147,00011,111,3,139,139,1,68,0,836,688,0,327,509,95,148,554473,0,0,327,20,69,420,0,0,0,367,49,348,72,1373068,2,420,344,0,0,420,76,387173,48.004643,0,0,0,0,0,420,0,0,0,0,0,348,72,111908,6676.000000,22846.000000
1732474828247,00004,111,3,139,139,1,72,0,1042,808,138,3,901,101,234,684859,3,135,3,335,105,461,0,0,168,1,418,397,58,3800017,3,417,341,0,3,414,76,238705,50.908750,0,0,3,315,55,44,0,0,0,1,398,18,0,1338687,3421.000000,14776.000000
1732474828247,00011,111,3,139,139,1,72,0,1042,808,138,3,901,101,234,684859,3,135,3,335,105,461,0,0,168,1,418,397,58,3800017,3,417,338,0,0,417,79,400222,50.040000,0,0,0,0,0,417,0,0,0,0,0,359,58,43992,7263.000000,23160.000000
1732474828247,00006,111,3,139,139,1,72,0,1042,808,138,3,901,101,234,684859,3,135,3,335,105,461,0,0,168,1,418,397,58,3800017,3,208,129,138,0,70,79,45932,1.258352,3,135,0,20,50,0,0,0,168,0,20,20,0,2417338,944.000000,524.000000
1732474828347,00004,111,3,139,139,1,84,0,1288,1078,365,353,570,117,210,477678,0,365,0,373,457,93,0,0,389,398,71,375,55,4205578,3,426,369,0,353,73,57,157119,38.771071,0,0,0,357,69,0,0,0,0,388,38,0,0,1472351,3424.000000,9641.000000
1732474828347,00011,111,3,139,139,1,84,0,1288,1078,365,353,570,117,210,477678,0,365,0,373,457,93,0,0,389,398,71,375,55,4205578,3,431,364,0,0,431,67,255610,39.441250,0,0,0,0,338,93,0,0,0,0,1,375,55,96165,6900.000000,16348.000000
1732474828347,00006,111,3,139,139,1,84,0,1288,1078,365,353,570,117,210,477678,0,365,0,373,457,93,0,0,389,398,71,375,55,4205578,3,431,345,365,0,66,86,64949,40.185893,0,365,0,16,50,0,0,0,389,10,32,0,0,2637062,947.000000,1152.000000
1732474828447,00004,111,3,139,139,1,84,0,1200,1200,400,400,400,117,0,464895,0,400,395,5,4,396,0,0,400,400,0,400,0,4532755,3,400,400,0,400,0,0,117170,39.714286,0,0,395,5,0,0,0,0,0,400,0,0,0,1619503,3415.000000,9222.000000
1732474828447,00011,111,3,139,139,1,84,0,1200,1200,400,400,400,117,0,464895,0,400,395,5,4,396,0,0,400,400,0,400,0,4532755,3,400,400,0,0,400,0,312125,39.714286,0,0,0,0,4,396,0,0,0,0,0,400,0,48139,7104.000000,24732.000000
1732474828447,00006,111,3,139,139,1,84,0,1200,1200,400,400,400,117,0,464895,0,400,395,5,4,396,0,0,400,400,0,400,0,4532755,3,400,400,400,0,0,0,35600,39.714286,0,400,0,0,0,0,0,0,400,0,0,0,0,2865113,925.000000,2724.000000
1732474828547,00004,111,3,139,139,1,84,0,1359,993,345,288,726,117,366,539200,339,6,288,35,253,438,0,405,2,349,165,327,111,4950320,3,453,333,0,288,165,120,149914,39.540536,0,0,288,26,139,0,0,0,0,349,104,0,0,1782191,3291.000000,5240.000000
1732474828547,00011,111,3,139,139,1,84,0,1359,993,345,288,726,117,366,539200,339,6,288,35,253,438,0,405,2,349,165,327,111,4950320,3,439,344,0,0,439,95,307980,38.001607,0,0,0,0,1,438,0,0,0,0,1,327,111,75028,6958.000000,14672.000000
1732474828547,00006,111,3,139,139,1,84,0,1359,993,345,288,726,117,366,539200,339,6,288,35,253,438,0,405,2,349,165,327,111,4950320,3,467,316,345,0,122,151,81306,40.508571,339,6,0,9,113,0,0,405,2,0,60,0,0,3093101,880.000000,104.000000
1732474828647,00004,111,3,139,139,1,66,0,807,722,0,346,461,92,85,517645,0,0,5,348,402,52,0,0,0,371,30,386,20,1930641,2,401,361,0,346,55,40,182858,46.887679,0,0,5,348,48,0,0,0,0,371,30,0,0,1887236,3409.000000,12575.000000
1732474828647,00011,111,3,139,139,1,66,0,807,722,0,346,461,92,85,517645,0,0,5,348,402,52,0,0,0,371,30,386,20,1930641,2,406,361,0,0,406,45,334787,46.838036,0,0,0,0,354,52,0,0,0,0,0,386,20,43405,7054.000000,17711.000000
1732474828747,00004,111,3,139,139,1,84,0,825,642,0,405,420,118,183,565612,0,0,303,105,5,412,0,0,333,74,1,374,43,2036731,2,408,313,0,405,3,95,161717,68.507143,0,0,303,105,0,0,0,0,333,74,1,0,0,2035805,3383.000000,6497.000000
1732474828747,00011,111,3,139,139,1,84,0,825,642,0,405,420,118,183,565612,0,0,303,105,5,412,0,0,333,74,1,374,43,2036731,2,417,329,0,0,417,88,403895,50.313036,0,0,0,0,5,412,0,0,0,0,0,374,43,926,7222.000000,27562.000000
1732474828847,00004,111,3,139,139,1,84,0,828,627,0,382,446,117,201,595032,0,0,274,109,319,126,0,0,2,380,1,392,53,2144805,2,383,295,0,382,1,88,206928,65.900893,0,0,274,109,0,0,0,0,2,380,1,0,0,2144590,4710.000000,0.000000
1732474828847,00011,111,3,139,139,1,84,0,828,627,0,382,446,117,201,595032,0,0,274,109,319,126,0,0,2,380,1,392,53,2144805,2,445,332,0,0,445,113,388104,52.373214,0,0,0,0,319,126,0,0,0,0,0,392,53,215,9017.000000,209.000000
1732474828947,00004,111,3,139,139,1,84,0,800,685,0,414,386,118,115,556676,0,0,302,132,2,364,0,0,0,352,82,2,364,2210773,2,434,319,0,414,20,115,271458,85.609107,0,0,302,132,0,0,0,0,0,352,82,0,0,2210730,5350.000000,10270.000000
1732474828947,00011,111,3,139,139,1,84,0,800,685,0,414,386,118,115,556676,0,0,302,132,2,364,0,0,0,352,82,2,364,2210773,2,366,366,0,0,366,0,285218,33.484107,0,0,0,0,2,364,0,0,0,0,0,2,364,43,7744.000000,20750.000000
1732474829047,00004,111,3,139,139,1,71,0,1023,784,133,328,562,100,239,569562,2,131,307,64,392,127,0,0,152,371,74,363,63,6367927,3,414,319,0,328,86,95,191149,55.624821,0,0,307,48,59,0,0,0,0,371,43,0,0,2338087,4546.000000,9222.000000
1732474829047,00011,111,3,139,139,1,71,0,1023,784,133,328,562,100,239,569562,2,131,307,64,392,127,0,0,152,371,74,363,63,6367927,3,426,330,0,0,426,96,339430,45.745893,0,0,0,0,299,127,0,0,0,0,0,363,63,15611,7292.000000,16244.000000
1732474829047,00006,111,3,139,139,1,71,0,1023,784,133,328,562,100,239,569562,2,131,307,64,392,127,0,0,152,371,74,363,63,6367927,3,183,135,133,0,50,48,38983,0.773801,2,131,0,16,34,0,0,0,152,0,31,0,0,4014229,1827.000000,2305.000000
1732474829147,00004,111,3,139,139,1,82,0,1376,985,348,5,1023,115,391,573955,342,6,5,345,247,431,0,415,3,17,462,354,125,6753269,3,450,338,0,5,445,112,180459,37.877500,0,0,5,324,121,0,0,0,0,1,405,44,0,2470700,4136.000000,5868.000000
1732474829147,00011,111,3,139,139,1,82,0,1376,985,348,5,1023,115,391,573955,342,6,5,345,247,431,0,415,3,17,462,354,125,6753269,3,435,343,0,0,435,92,299141,36.835000,0,0,0,0,4,431,0,0,0,0,0,310,125,49653,6848.000000,16768.000000
1732474829147,00006,111,3,139,139,1,82,0,1376,985,348,5,1023,115,391,573955,342,6,5,345,247,431,0,415,3,17,462,354,125,6753269,3,491,304,348,0,143,187,94355,42.792143,342,6,0,21,122,0,0,415,3,16,57,0,0,4232916,1459.000000,0.000000
1732474829247,00004,111,3,139,139,1,65,0,831,725,0,393,438,91,106,450538,0,0,365,41,29,396,0,0,381,29,25,314,82,2647303,2,435,354,0,393,42,81,112867,50.834286,0,0,365,41,29,0,0,0,381,29,25,0,0,2647163,3656.000000,4820.000000
1732474829247,00011,111,3,139,139,1,65,0,831,725,0,393,438,91,106,450538,0,0,365,41,29,396,0,0,381,29,25,314,82,2647303,2,396,371,0,0,396,25,337671,41.948214,0,0,0,0,0,396,0,0,0,0,0,314,82,140,7162.000000,25466.000000
1732474829347,00004,111,3,139,139,1,84,0,822,619,0,365,457,117,203,585756,0,0,285,112,315,110,0,0,1,383,15,385,38,2756589,2,399,294,0,365,34,105,215569,67.737679,0,0,285,112,2,0,0,0,1,383,15,0,0,2755393,3821.000000,9851.000000
1732474829347,00011,111,3,139,139,1,84,0,822,619,0,365,457,117,203,585756,0,0,285,112,315,110,0,0,1,383,15,385,38,2756589,2,423,325,0,0,423,98,370187,50.238571,0,0,0,0,313,110,0,0,0,0,0,385,38,1196,7243.000000,17292.000000
1732474829447,00004,111,3,139,139,1,72,0,1028,837,3,402,623,101,191,645695,3,0,147,293,157,428,0,0,0,462,152,308,106,7635885,3,437,334,0,261,176,103,283997,66.248393,0,0,6,293,138,0,0,0,0,303,134,0,0,2803768,4128.000000,13204.000000
1732474829447,00011,111,3,139,139,1,72,0,1028,837,3,402,623,101,191,645695,3,0,147,293,157,428,0,0,0,462,152,308,106,7635885,3,403,364,0,0,403,39,302639,35.618750,0,0,0,0,5,398,0,0,0,0,0,297,106,4032,7200.000000,20121.000000
1732474829447,00006,111,3,139,139,1,72,0,1028,837,3,402,623,101,191,645695,3,0,147,293,157,428,0,0,0,462,152,308,106,7635885,3,188,139,3,141,44,49,59059,0.646188,3,0,141,0,14,30,0,0,0,159,18,11,0,4828085,1657.000000,1676.000000
1732474829547,00004,111,3,139,139,1,84,0,1289,1063,335,410,544,117,226,453497,335,0,368,90,96,400,0,414,0,408,68,275,124,8052249,3,432,354,0,366,66,78,107967,40.185893,0,0,341,62,29,0,0,0,0,386,46,0,0,2983764,3839.000000,4296.000000
1732474829547,00011,111,3,139,139,1,84,0,1289,1063,335,410,544,117,226,453497,335,0,368,90,96,400,0,414,0,408,68,275,124,8052249,3,399,380,0,0,399,19,285906,35.320893,0,0,0,0,0,399,0,0,0,0,0,275,124,933,7126.000000,22217.000000
1732474829547,00006,111,3,139,139,1,84,0,1289,1063,335,410,544,117,226,453497,335,0,368,90,96,400,0,414,0,408,68,275,124,8052249,3,458,329,335,44,79,129,59624,42.543929,335,0,27,28,67,1,0,414,0,22,22,0,0,5067552,1478.000000,733.000000
1732474829647,00004,111,3,139,139,1,84,0,1324,1000,331,331,662,117,324,507642,8,323,312,69,484,128,0,5,374,379,137,354,75,8478655,3,446,341,0,331,115,105,117140,39.143393,0,0,312,54,80,0,0,0,0,379,67,0,0,3164608,3602.000000,3877.000000
1732474829647,00011,111,3,139,139,1,84,0,1324,1000,331,331,662,117,324,507642,8,323,312,69,484,128,0,5,374,379,137,354,75,8478655,3,429,341,0,0,429,88,285922,38.522857,0,0,0,0,301,128,0,0,0,0,0,354,75,46351,6976.000000,15195.000000
1732474829647,00006,111,3,139,139,1,84,0,1324,1000,331,331,662,117,324,507642,8,323,312,69,484,128,0,5,374,379,137,354,75,8478655,3,449,318,331,0,118,131,104580,40.583036,8,323,0,15,103,0,0,5,374,0,70,0,0,5267696,1459.000000,1676.000000
1732474829747,00004,111,3,139,139,1,83,0,1297,1051,365,350,582,116,246,483917,355,10,348,13,476,95,0,400,4,372,87,368,66,8900578,3,422,366,0,348,74,56,131373,37.678929,0,0,348,11,63,0,0,0,0,369,53,0,0,3321296,3502.000000,5449.000000
1732474829747,00011,111,3,139,139,1,83,0,1297,1051,365,350,582,116,246,483917,355,10,348,13,476,95,0,400,4,372,87,368,66,8900578,3,434,356,0,0,434,78,286199,39.267500,0,0,0,0,339,95,0,0,0,0,0,368,66,80873,6872.000000,15510.000000
1732474829747,00006,111,3,139,139,1,83,0,1297,1051,365,350,582,116,246,483917,355,10,348,13,476,95,0,400,4,372,87,368,66,8900578,3,441,329,365,2,74,112,66345,40.955357,355,10,0,2,74,0,0,400,4,3,34,0,0,5498409,1358.000000,104.000000
1732474829847,00004,111,3,139,139,1,53,0,1039,862,141,352,546,75,177,484886,3,138,336,33,112,417,0,0,159,401,55,347,77,10026182,3,436,355,0,336,100,81,136222,38.870357,0,0,336,17,83,0,0,0,1,393,42,0,0,3482054,2795.000000,0.000000
1732474829847,00011,111,3,139,139,1,53,0,1039,862,141,352,546,75,177,484886,3,138,336,33,112,417,0,0,159,401,55,347,77,10026182,3,424,361,0,0,424,63,322382,37.927143,0,0,0,0,7,417,0,0,0,0,0,347,77,74050,9795.000000,0.000000
1732474829847,00010,111,3,139,139,1,53,0,1039,862,141,352,546,75,177,484886,3,138,336,33,112,417,0,0,159,401,55,347,77,10026182,3,179,146,141,16,22,33,26282,0.535226,3,138,0,16,22,0,0,0,158,8,13,0,0,6470078,914.000000,0.000000
1732474829947,00004,111,3,139,139,1,84,0,1337,988,326,357,654,117,349,460592,319,7,311,171,392,137,0,386,3,388,125,371,64,10488520,3,437,340,0,303,134,97,138278,38.299464,0,0,303,45,89,0,0,0,0,351,86,0,0,3644043,2611.000000,4296.000000
1732474829947,00011,111,3,139,139,1,84,0,1337,988,326,357,654,117,349,460592,319,7,311,171,392,137,0,386,3,388,125,371,64,10488520,3,435,341,0,0,435,94,257250,38.125714,0,0,0,0,298,137,0,0,0,0,0,371,64,144895,5140.000000,14043.000000
1732474829947,00010,111,3,139,139,1,84,0,1337,988,326,357,654,117,349,460592,319,7,311,171,392,137,0,386,3,388,125,371,64,10488520,3,465,307,326,54,85,158,65064,41.476607,319,7,8,126,5,0,0,386,3,37,39,0,0,6699582,619.000000,314.000000
1732474830047,00004,111,3,139,139,1,66,0,847,724,0,350,497,93,123,521668,0,0,4,347,427,69,0,0,0,375,52,371,49,3863784,2,427,358,0,350,77,69,191365,47.135893,0,0,4,347,76,0,0,0,0,375,52,0,0,3746890,3315.000000,10270.000000
1732474830047,00011,111,3,139,139,1,66,0,847,724,0,350,497,93,123,521668,0,0,4,347,427,69,0,0,0,375,52,371,49,3863784,2,420,366,0,0,420,54,330303,46.167857,0,0,0,0,351,69,0,0,0,0,0,371,49,116894,6438.000000,22636.000000
1732474830147,00004,111,3,139,139,1,84,0,809,708,0,343,466,118,101,640249,0,0,332,55,21,401,0,0,0,366,35,383,25,3841046,2,401,349,0,343,58,52,204904,64.312321,0,0,332,55,14,0,0,0,0,366,35,0,0,3839596,3742.000000,11842.000000
1732474830147,00011,111,3,139,139,1,84,0,809,708,0,343,466,118,101,640249,0,0,332,55,21,401,0,0,0,366,35,383,25,3841046,2,408,359,0,0,408,49,435345,54.631964,0,0,0,0,7,401,0,0,0,0,0,383,25,1450,7654.000000,26409.000000
1732474830247,00004,111,3,139,139,1,84,0,800,685,0,410,390,118,115,488565,0,0,297,132,1,370,0,0,287,125,18,289,81,3956154,2,430,315,0,410,20,115,202694,85.236786,0,0,297,132,1,0,0,0,287,125,18,0,0,3956111,3777.000000,5449.000000
1732474830247,00011,111,3,139,139,1,84,0,800,685,0,410,390,118,115,488565,0,0,297,132,1,370,0,0,287,125,18,289,81,3956154,2,370,370,0,0,370,0,285871,33.583393,0,0,0,0,0,370,0,0,0,0,0,289,81,43,7665.000000,23580.000000
1732474830347,00004,111,3,139,139,1,84,0,832,640,0,278,554,117,192,657917,0,0,1,363,36,432,0,0,1,332,67,375,57,4003618,2,400,306,0,278,122,94,294098,73.943036,0,0,1,363,36,0,0,0,1,332,67,0,0,4002692,4257.000000,13728.000000
1732474830347,00011,111,3,139,139,1,84,0,832,640,0,278,554,117,192,657917,0,0,1,363,36,432,0,0,1,332,67,375,57,4003618,2,432,334,0,0,432,98,363819,44.976429,0,0,0,0,0,432,0,0,0,0,0,375,57,926,7560.000000,18549.000000
1732474830447,00004,111,3,139,139,1,72,0,1055,730,127,300,628,101,325,607931,2,125,273,75,130,450,0,0,156,374,56,390,79,11047140,3,421,299,0,300,121,122,205572,57.163750,0,0,273,67,81,0,0,0,0,374,47,0,0,4131443,4171.000000,8384.000000
1732474830447,00011,111,3,139,139,1,72,0,1055,730,127,300,628,101,325,607931,2,125,273,75,130,450,0,0,156,374,56,390,79,11047140,3,450,312,0,0,450,138,361976,44.877143,0,0,0,0,0,450,0,0,0,0,0,371,79,22749,7398.000000,14567.000000
1732474830447,00006,111,3,139,139,1,72,0,1055,730,127,300,628,101,325,607931,2,125,273,75,130,450,0,0,156,374,56,390,79,11047140,3,184,119,127,0,57,65,40383,0.452239,2,125,0,8,49,0,0,0,156,0,9,19,0,6892948,1615.000000,943.000000
1732474830547,00004,111,3,139,139,1,84,0,1298,1055,363,328,607,117,243,535860,360,3,7,340,166,422,0,396,2,369,107,368,56,11413148,3,427,355,0,328,99,72,166486,39.416429,0,0,7,332,88,0,0,0,0,365,62,0,0,4265938,4031.000000,9746.000000
1732474830547,00011,111,3,139,139,1,84,0,1298,1055,363,328,607,117,243,535860,360,3,7,340,166,422,0,396,2,369,107,368,56,11413148,3,422,359,0,0,422,63,305877,38.200179,0,0,0,0,0,422,0,0,0,0,0,366,56,25867,7353.000000,21484.000000
1732474830547,00006,111,3,139,139,1,84,0,1298,1055,363,328,607,117,243,535860,360,3,7,340,166,422,0,396,2,369,107,368,56,11413148,3,449,341,363,0,86,108,63497,40.781607,360,3,0,8,78,0,0,396,2,4,45,2,0,7121343,1475.000000,838.000000
1732474830647,00004,111,3,139,139,1,66,0,842,686,0,335,507,92,156,494530,0,0,327,39,375,101,0,0,0,375,400,11,56,4426146,2,420,346,0,335,85,74,155034,46.043750,0,0,327,39,54,0,0,0,0,375,45,0,0,4406946,3924.000000,5868.000000
1732474830647,00011,111,3,139,139,1,66,0,842,686,0,335,507,92,156,494530,0,0,327,39,375,101,0,0,0,375,400,11,56,4426146,2,422,340,0,0,422,82,339496,46.614643,0,0,0,0,321,101,0,0,0,0,355,11,56,19200,7355.000000,17815.000000
1732474830747,00004,111,3,139,139,1,84,0,800,716,323,101,376,118,84,401193,0,323,101,0,8,368,0,0,328,96,5,287,84,4596290,2,424,340,323,101,0,84,96171,83.151786,0,323,101,0,0,0,0,0,328,96,0,0,0,4596247,3705.000000,4296.000000
1732474830747,00011,111,3,139,139,1,84,0,800,716,323,101,376,118,84,401193,0,323,101,0,8,368,0,0,328,96,5,287,84,4596290,2,376,376,0,0,376,0,305022,35.991071,0,0,0,0,8,368,0,0,0,0,5,287,84,43,7433.000000,24523.000000
1732474830847,00004,111,3,139,139,1,67,0,1160,978,168,234,758,94,182,617132,6,162,180,73,306,433,0,0,179,248,300,389,44,20925230,4,398,332,6,230,162,66,200339,54.483036,0,6,180,69,143,0,0,0,3,247,148,0,0,4698164,4899.000000,0.000000
1732474830847,00011,111,3,139,139,1,67,0,1160,978,168,234,758,94,182,617132,6,162,180,73,306,433,0,0,179,248,300,389,44,20925230,4,433,346,0,0,433,87,327032,40.558214,0,0,0,0,0,433,0,0,0,0,0,389,44,20261,5990.000000,104.000000
1732474830847,00006,111,3,139,139,1,67,0,1160,978,168,234,758,94,182,617132,6,162,180,73,306,433,0,0,179,248,300,389,44,20925230,4,162,153,13,0,149,9,74644,0.289134,3,10,0,0,149,0,0,0,16,0,146,0,0,7653975,4931.000000,104.000000
1732474830847,00010,111,3,139,139,1,67,0,1160,978,168,234,758,94,182,617132,6,162,180,73,306,433,0,0,179,248,300,389,44,20925230,4,167,147,149,4,14,20,15117,0.301543,3,146,0,4,14,0,0,0,160,1,6,0,0,8552830,762.000000,104.000000
1732474830947,00004,111,3,139,139,1,84,0,1765,1448,430,72,1263,117,317,604898,417,13,72,0,863,400,0,436,6,293,630,245,155,21505173,4,524,288,0,36,488,236,251208,37.678929,0,0,36,0,488,0,0,0,0,261,263,0,0,4829033,4680.000000,10480.000000
1732474830947,00011,111,3,139,139,1,84,0,1765,1448,430,72,1263,117,317,604898,417,13,72,0,863,400,0,436,6,293,630,245,155,21505173,4,400,396,0,0,400,4,210899,26.136964,0,0,0,0,0,400,0,0,0,0,0,245,155,75864,5278.000000,16348.000000
1732474830947,00006,111,3,139,139,1,84,0,1765,1448,430,72,1263,117,317,604898,417,13,72,0,863,400,0,436,6,293,630,245,155,21505173,4,420,385,45,0,375,35,128498,27.452500,45,0,0,0,375,0,0,53,0,0,367,0,0,7795478,2985.000000,9222.000000
1732474830947,00010,111,3,139,139,1,84,0,1765,1448,430,72,1263,117,317,604898,417,13,72,0,863,400,0,436,6,293,630,245,155,21505173,4,421,379,385,36,0,42,14293,27.824821,372,13,36,0,0,0,0,383,6,32,0,0,0,8804798,280.000000,209.000000
1732474831047,00004,111,3,139,139,1,73,0,1277,1117,301,288,688,102,160,514733,0,301,0,292,284,400,0,0,353,340,184,230,170,13045415,3,437,364,0,288,149,73,163644,35.817321,0,0,0,288,149,0,0,0,0,340,97,0,0,4961889,4054.000000,8803.000000
1732474831047,00011,111,3,139,139,1,73,0,1277,1117,301,288,688,102,160,514733,0,301,0,292,284,400,0,0,353,340,184,230,170,13045415,3,400,387,0,0,400,13,265279,32.640179,0,0,0,0,0,400,0,0,0,0,0,230,170,84509,5835.000000,20226.000000
1732474831047,00006,111,3,139,139,1,73,0,1277,1117,301,288,688,102,160,514733,0,301,0,292,284,400,0,0,353,340,184,230,170,13045415,3,440,366,301,0,139,74,85810,35.668393,0,301,0,4,135,0,0,0,353,0,87,0,0,7999017,2284.000000,3353.000000
1732474831147,00004,111,3,139,139,1,83,0,1330,984,307,344,679,116,346,558236,0,307,298,75,116,534,0,0,379,380,84,412,75,13459136,3,434,337,0,344,90,97,112040,37.877500,0,0,298,75,61,0,0,0,0,380,54,0,0,5146368,3317.000000,4820.000000
1732474831147,00011,111,3,139,139,1,83,0,1330,984,307,344,679,116,346,558236,0,307,298,75,116,534,0,0,379,380,84,412,75,13459136,3,453,337,0,0,453,116,320358,39.838393,0,0,0,0,0,453,0,0,0,0,0,378,75,114264,5975.000000,14986.000000
1732474831147,00006,111,3,139,139,1,83,0,1330,984,307,344,679,116,346,558236,0,307,298,75,116,534,0,0,379,380,84,412,75,13459136,3,443,310,307,0,136,133,125838,40.086607,0,307,0,0,55,81,0,0,379,0,30,34,0,8198504,1977.000000,2515.000000
1732474831247,00004,111,3,139,139,1,82,0,1391,954,312,292,787,115,437,594655,0,312,289,3,245,542,0,0,411,344,153,362,121,13869014,3,453,320,0,292,161,133,160610,38.994464,0,0,289,3,161,0,0,0,0,344,109,0,0,5307998,3131.000000,4820.000000
1732474831247,00011,111,3,139,139,1,82,0,1391,954,312,292,787,115,437,594655,0,312,289,3,245,542,0,0,411,344,153,362,121,13869014,3,442,334,0,0,442,108,298615,36.859821,0,0,0,0,0,442,0,0,0,0,0,321,121,156268,5995.000000,12261.000000
1732474831247,00006,111,3,139,139,1,82,0,1391,954,312,292,787,115,437,594655,0,312,289,3,245,542,0,0,411,344,153,362,121,13869014,3,496,300,312,0,184,196,135430,41.724821,0,312,0,0,84,100,0,0,411,0,44,41,0,8404748,1756.000000,419.000000
1732474831347,00004,111,3,139,139,1,83,0,1383,983,319,313,751,116,400,577921,0,319,7,323,281,453,0,0,380,365,188,344,106,14264266,3,458,337,0,299,159,121,166921,38.547679,0,0,7,308,143,0,0,0,0,356,102,0,0,5454235,3112.000000,4820.000000
1732474831347,00011,111,3,139,139,1,83,0,1383,983,319,313,751,116,400,577921,0,319,7,323,281,453,0,0,380,365,188,344,106,14264266,3,449,334,0,0,449,115,311062,38.473214,0,0,0,0,0,449,0,0,0,0,0,343,106,193609,6013.000000,13309.000000
1732474831347,00006,111,3,139,139,1,83,0,1383,983,319,313,751,116,400,577921,0,319,7,323,281,453,0,0,380,365,188,344,106,14264266,3,476,312,319,14,143,164,99938,40.930536,0,319,0,15,138,4,0,0,380,9,86,1,0,8616422,1621.000000,524.000000
1732474831447,00004,111,3,139,139,1,75,0,1577,1116,337,281,959,105,461,580788,0,337,261,136,391,452,0,0,447,325,246,409,150,24562507,4,460,340,0,261,199,120,141607,34.625893,0,0,249,22,189,0,0,0,0,314,146,0,0,5618965,3001.000000,6183.000000
1732474831447,00011,111,3,139,139,1,75,0,1577,1116,337,281,959,105,461,580788,0,337,261,136,391,452,0,0,447,325,246,409,150,24562507,4,452,336,0,0,452,116,284364,34.799643,0,0,0,0,0,452,0,0,0,0,0,302,150,253466,5921.000000,14881.000000
1732474831447,00006,111,3,139,139,1,75,0,1577,1116,337,281,959,105,461,580788,0,337,261,136,391,452,0,0,447,325,246,409,150,24562507,4,485,314,283,0,202,171,119536,37.331429,0,283,0,0,202,0,0,0,360,0,18,107,0,8816827,1559.000000,1362.000000
1732474831447,00010,111,3,139,139,1,75,0,1577,1116,337,281,959,105,461,580788,0,337,261,136,391,452,0,0,447,325,246,409,150,24562507,4,180,126,54,20,106,54,35281,0.246029,0,54,12,114,0,0,0,0,87,11,82,0,0,9873249,1024.000000,1571.000000
1732474831547,00004,111,3,139,139,1,83,0,1623,1587,400,11,1212,116,36,633561,391,9,6,21,1175,21,0,397,8,12,1188,11,7,24993539,4,405,397,0,11,394,8,203658,29.760893,0,0,6,5,394,0,0,0,0,10,395,0,0,5681338,3349.000000,15929.000000
1732474831547,00011,111,3,139,139,1,83,0,1623,1587,400,11,1212,116,36,633561,391,9,6,21,1175,21,0,397,8,12,1188,11,7,24993539,4,407,397,0,0,407,10,208439,29.835357,0,0,0,0,386,21,0,0,0,0,394,6,7,313985,5814.000000,16139.000000
1732474831547,00006,111,3,139,139,1,83,0,1623,1587,400,11,1212,116,36,633561,391,9,6,21,1175,21,0,397,8,12,1188,11,7,24993539,4,403,398,8,0,395,5,202157,29.587143,0,8,0,0,395,0,0,0,5,0,393,5,0,8878224,2076.000000,15929.000000
1732474831547,00010,111,3,139,139,1,83,0,1623,1587,400,11,1212,116,36,633561,391,9,6,21,1175,21,0,397,8,12,1188,11,7,24993539,4,408,395,392,0,16,13,19307,29.959464,391,1,0,16,0,0,0,397,3,2,6,0,0,10119992,954.000000,1152.000000
1732474831647,00004,111,3,139,139,1,57,0,858,719,0,205,653,80,139,463233,0,0,199,19,489,151,0,0,0,258,185,309,106,6137727,2,437,357,0,205,232,80,169896,41.029821,0,0,199,19,219,0,0,0,0,258,179,0,0,5809610,3380.000000,10270.000000
1732474831647,00011,111,3,139,139,1,57,0,858,719,0,205,653,80,139,463233,0,0,199,19,489,151,0,0,0,258,185,309,106,6137727,2,421,362,0,0,421,59,293337,39.739107,0,0,0,0,270,151,0,0,0,0,6,309,106,328117,5899.000000,17501.000000
1732474831747,00004,111,3,139,139,1,84,0,800,706,0,348,452,118,94,703898,0,0,10,343,53,394,0,0,0,377,22,379,22,6050718,2,399,353,0,348,51,46,228652,59.422500,0,0,10,343,46,0,0,0,0,377,22,0,0,5875450,3606.000000,15091.000000
1732474831747,00011,111,3,139,139,1,84,0,800,706,0,348,452,118,94,703898,0,0,10,343,53,394,0,0,0,377,22,379,22,6050718,2,401,353,0,0,401,48,475246,59.720357,0,0,0,0,7,394,0,0,0,0,0,379,22,175268,6468.000000,34269.000000
