% time	cellId	IMSI	RNTI	sinrLinear	componentCarrierId
0.321	1	0	1	5324.57	0
0.322	1	0	2	5324.57	0
0.323	1	0	3	4392.26	0
0.324	1	0	4	3997.94	0
0.325	1	0	5	5324.57	0
0.326	1	0	6	3204.58	0
0.327	1	0	7	5324.57	0
0.328	1	0	8	5324.57	0
0.329	1	0	9	4393.98	0
0.33	1	0	10	4044.21	0
0.331	1	0	11	5324.57	0
0.332	1	0	12	4942.32	0
0.641	1	0	1	5324.57	0
0.642	1	0	2	5324.57	0
0.643	1	0	3	4392.26	0
0.644	1	0	4	3997.94	0
0.645	1	0	5	5324.57	0
0.646	1	0	6	3204.58	0
0.647	1	0	7	5324.57	0
0.648	1	0	8	5324.57	0
0.649	1	0	9	4393.98	0
0.65	1	0	10	4044.21	0
0.651	1	0	11	5324.57	0
0.652	1	0	12	4942.32	0
0.961	1	0	1	5324.57	0
0.962	1	0	2	5324.57	0
0.963	1	0	3	4392.26	0
0.964	1	0	4	3997.94	0
0.965	1	0	5	5324.57	0
0.966	1	0	6	3204.58	0
0.967	1	0	7	5324.57	0
0.968	1	0	8	5324.57	0
0.969	1	0	9	4393.98	0
0.97	1	0	10	4044.21	0
0.971	1	0	11	5324.57	0
0.972	1	0	12	4942.32	0
1.281	1	0	1	5324.57	0
1.282	1	0	2	5324.57	0
1.283	1	0	3	4392.26	0
1.284	1	0	4	3997.94	0
1.285	1	0	5	5324.57	0
1.286	1	0	6	3204.58	0
1.287	1	0	7	5324.57	0
1.288	1	0	8	5324.57	0
1.289	1	0	9	4393.98	0
1.29	1	0	10	4044.21	0
1.291	1	0	11	5324.57	0
1.292	1	0	12	4942.32	0
1.601	1	0	1	5324.57	0
1.602	1	0	2	5324.57	0
1.603	1	0	3	4392.26	0
1.604	1	0	4	3997.94	0
1.605	1	0	5	5324.57	0
1.606	1	0	6	3204.58	0
1.607	1	0	7	5324.57	0
1.608	1	0	8	5324.57	0
1.609	1	0	9	4393.98	0
1.61	1	0	10	4044.21	0
1.611	1	0	11	5324.57	0
1.612	1	0	12	4942.32	0
1.921	1	0	1	5324.57	0
1.922	1	0	2	5324.57	0
1.923	1	0	3	4392.26	0
1.924	1	0	4	3997.94	0
1.925	1	0	5	5324.57	0
1.926	1	0	6	3204.58	0
1.927	1	0	7	5324.57	0
1.928	1	0	8	5324.57	0
1.929	1	0	9	4393.98	0
1.93	1	0	10	4044.21	0
1.931	1	0	11	5324.57	0
1.932	1	0	12	4942.32	0
2.241	1	0	1	5324.57	0
2.242	1	0	2	5324.57	0
2.243	1	0	3	4392.26	0
2.244	1	0	4	3997.94	0
2.245	1	0	5	5324.57	0
2.246	1	0	6	3204.58	0
2.247	1	0	7	5324.57	0
2.248	1	0	8	5324.57	0
2.249	1	0	9	4393.98	0
2.25	1	0	10	4044.21	0
2.251	1	0	11	5324.57	0
2.252	1	0	12	4942.32	0
2.561	1	0	1	5324.57	0
2.562	1	0	2	5324.57	0
2.563	1	0	3	4392.26	0
2.564	1	0	4	3997.94	0
2.565	1	0	5	5324.57	0
2.566	1	0	6	3204.58	0
2.567	1	0	7	5324.57	0
2.568	1	0	8	5324.57	0
2.569	1	0	9	4393.98	0
2.57	1	0	10	4044.21	0
2.571	1	0	11	5324.57	0
2.572	1	0	12	4942.32	0
2.881	1	0	1	5324.57	0
2.882	1	0	2	5324.57	0
2.883	1	0	3	4392.26	0
2.884	1	0	4	3997.94	0
2.885	1	0	5	5324.57	0
2.886	1	0	6	3204.58	0
2.887	1	0	7	5324.57	0
2.888	1	0	8	5324.57	0
2.889	1	0	9	4393.98	0
2.89	1	0	10	4044.21	0
2.891	1	0	11	5324.57	0
2.892	1	0	12	4942.32	0
3.201	1	0	1	5324.57	0
3.202	1	0	2	5324.57	0
3.203	1	0	3	4392.26	0
3.204	1	0	4	3997.94	0
3.205	1	0	5	5324.57	0
3.206	1	0	6	3204.58	0
3.207	1	0	7	5324.57	0
3.208	1	0	8	5324.57	0
3.209	1	0	9	4393.98	0
3.21	1	0	10	4044.21	0
3.211	1	0	11	5324.57	0
3.212	1	0	12	4942.32	0
3.521	1	0	1	5324.57	0
3.522	1	0	2	5324.57	0
3.523	1	0	3	4392.26	0
3.524	1	0	4	3997.94	0
3.525	1	0	5	5324.57	0
3.526	1	0	6	3204.58	0
3.527	1	0	7	5324.57	0
3.528	1	0	8	5324.57	0
3.529	1	0	9	4393.98	0
3.53	1	0	10	4044.21	0
3.531	1	0	11	5324.57	0
3.532	1	0	12	4942.32	0
3.841	1	0	1	5324.57	0
3.842	1	0	2	5324.57	0
3.843	1	0	3	4392.26	0
3.844	1	0	4	3997.94	0
3.845	1	0	5	5324.57	0
3.846	1	0	6	3204.58	0
3.847	1	0	7	5324.57	0
3.848	1	0	8	5324.57	0
3.849	1	0	9	4393.98	0
3.85	1	0	10	4044.21	0
3.851	1	0	11	5324.57	0
3.852	1	0	12	4942.32	0
4.161	1	0	1	5324.57	0
4.162	1	0	2	5324.57	0
4.163	1	0	3	4392.26	0
4.164	1	0	4	3997.94	0
4.165	1	0	5	5324.57	0
4.166	1	0	6	3204.58	0
4.167	1	0	7	5324.57	0
4.168	1	0	8	5324.57	0
4.169	1	0	9	4393.98	0
4.17	1	0	10	4044.21	0
4.171	1	0	11	5324.57	0
4.172	1	0	12	4942.32	0
4.481	1	0	1	5324.57	0
4.482	1	0	2	5324.57	0
4.483	1	0	3	4392.26	0
4.484	1	0	4	3997.94	0
4.485	1	0	5	5324.57	0
4.486	1	0	6	3204.58	0
4.487	1	0	7	5324.57	0
4.488	1	0	8	5324.57	0
4.489	1	0	9	4393.98	0
4.49	1	0	10	4044.21	0
4.491	1	0	11	5324.57	0
4.492	1	0	12	4942.32	0
4.801	1	0	1	5324.57	0
4.802	1	0	2	5324.57	0
4.803	1	0	3	4392.26	0
4.804	1	0	4	3997.94	0
4.805	1	0	5	5324.57	0
4.806	1	0	6	3204.58	0
4.807	1	0	7	5324.57	0
4.808	1	0	8	5324.57	0
4.809	1	0	9	4393.98	0
4.81	1	0	10	4044.21	0
4.811	1	0	11	5324.57	0
4.812	1	0	12	4942.32	0
