timestamp,ueImsiComplete,numActiveUes,DRB.EstabSucc.5QI.UEID (numDrb),DRB.RelActNbr.5QI.UEID (0),L3 serving Id(m_cellId),UE (imsi),L3 serving SINR,L3 serving SINR 3gpp,L3 neigh Id 1 (cellId),L3 neigh SINR 1,L3 neigh SINR 3gpp 1 (convertedSinr),L3 neigh Id 2 (cellId),L3 neigh SINR 2,L3 neigh SINR 3gpp 2 (convertedSinr),L3 neigh Id 3 (cellId),L3 neigh SINR 3,L3 neigh SINR 3gpp 3 (convertedSinr),L3 neigh Id 4 (cellId),L3 neigh SINR 4,L3 neigh SINR 3gpp 4 (convertedSinr),L3 neigh Id 5 (cellId),L3 neigh SINR 5,L3 neigh SINR 3gpp 5 (convertedSinr),L3 neigh Id 6 (cellId),L3 neigh SINR 6,L3 neigh SINR 3gpp 6 (convertedSinr),L3 neigh Id 7 (cellId),L3 neigh SINR 7,L3 neigh SINR 3gpp 7 (convertedSinr),L3 neigh Id 8 (cellId),L3 neigh SINR 8,L3 neigh SINR 3gpp 8 (convertedSinr)
1732483717355,00001,9,0,0,2,1,27.546932,102.000000,3,21.842113,90.000000,,,,,,,,,,,,,,,,,,,,,
1732483717355,00002,9,0,0,2,2,21.093879,89.000000,3,11.098538,69.000000,,,,,,,,,,,,,,,,,,,,,
1732483717355,00003,9,0,0,2,3,29.871154,107.000000,3,23.484133,94.000000,,,,,,,,,,,,,,,,,,,,,
1732483717355,00005,9,0,0,2,5,21.098071,89.000000,3,18.522410,84.000000,,,,,,,,,,,,,,,,,,,,,
1732483717355,00008,9,0,0,2,8,16.740957,80.000000,3,7.419200,61.000000,,,,,,,,,,,,,,,,,,,,,
1732483717355,00009,9,0,0,2,9,20.087307,87.000000,3,6.999563,60.000000,,,,,,,,,,,,,,,,,,,,,
1732483717355,00010,9,0,0,2,10,24.294517,95.000000,3,16.453717,80.000000,,,,,,,,,,,,,,,,,,,,,
1732483717355,00011,9,0,0,2,11,16.713877,80.000000,3,12.528940,72.000000,,,,,,,,,,,,,,,,,,,,,
1732483717355,00012,9,0,0,2,12,18.203953,83.000000,3,11.022862,69.000000,,,,,,,,,,,,,,,,,,,,,
1732483717455,00001,9,0,0,2,1,26.184137,99.000000,3,21.292655,89.000000,,,,,,,,,,,,,,,,,,,,,
1732483717455,00002,9,0,0,2,2,22.106710,91.000000,3,11.122902,69.000000,,,,,,,,,,,,,,,,,,,,,
1732483717455,00003,9,0,0,2,3,29.711036,106.000000,3,25.709702,98.000000,,,,,,,,,,,,,,,,,,,,,
1732483717455,00005,9,0,0,2,5,22.356637,91.000000,3,17.628144,82.000000,,,,,,,,,,,,,,,,,,,,,
1732483717455,00008,9,0,0,2,8,17.928291,83.000000,3,8.657116,64.000000,,,,,,,,,,,,,,,,,,,,,
1732483717455,00009,9,0,0,2,9,19.693231,86.000000,3,11.343518,69.000000,,,,,,,,,,,,,,,,,,,,,
1732483717455,00010,9,0,0,2,10,22.928421,93.000000,3,17.406442,81.000000,,,,,,,,,,,,,,,,,,,,,
1732483717455,00011,9,0,0,2,11,16.094822,79.000000,3,12.220650,71.000000,,,,,,,,,,,,,,,,,,,,,
1732483717455,00012,9,0,0,2,12,19.074529,85.000000,3,11.824832,70.000000,,,,,,,,,,,,,,,,,,,,,
1732483717555,00001,9,0,0,2,1,25.407261,98.000000,3,22.530739,92.000000,,,,,,,,,,,,,,,,,,,,,
1732483717555,00002,9,0,0,2,2,20.074421,87.000000,3,13.232613,73.000000,,,,,,,,,,,,,,,,,,,,,
1732483717555,00003,9,0,0,2,3,31.285262,109.000000,3,23.468148,94.000000,,,,,,,,,,,,,,,,,,,,,
1732483717555,00005,9,0,0,2,5,22.827604,92.000000,3,19.171065,85.000000,,,,,,,,,,,,,,,,,,,,,
1732483717555,00008,9,0,0,2,8,18.956800,85.000000,3,6.684258,60.000000,,,,,,,,,,,,,,,,,,,,,
1732483717555,00009,9,0,0,2,9,20.789019,88.000000,3,10.635502,68.000000,,,,,,,,,,,,,,,,,,,,,
1732483717555,00010,9,0,0,2,10,25.023535,97.000000,3,19.151709,85.000000,,,,,,,,,,,,,,,,,,,,,
1732483717555,00011,9,0,0,2,11,15.813759,78.000000,3,12.474369,72.000000,,,,,,,,,,,,,,,,,,,,,
1732483717555,00012,9,0,0,2,12,20.293827,87.000000,3,13.830818,74.000000,,,,,,,,,,,,,,,,,,,,,
1732483717655,00001,9,0,0,2,1,26.824674,100.000000,3,20.337779,87.000000,,,,,,,,,,,,,,,,,,,,,
1732483717655,00002,9,0,0,2,2,21.881004,90.000000,3,11.048624,69.000000,,,,,,,,,,,,,,,,,,,,,
1732483717655,00003,9,0,0,2,3,31.283789,109.000000,3,23.782925,94.000000,,,,,,,,,,,,,,,,,,,,,
1732483717655,00005,9,0,0,2,5,20.335613,87.000000,3,19.311007,85.000000,,,,,,,,,,,,,,,,,,,,,
1732483717655,00008,9,0,0,2,8,14.630813,76.000000,3,8.524031,64.000000,,,,,,,,,,,,,,,,,,,,,
1732483717655,00009,9,0,0,2,9,18.863743,84.000000,3,8.187259,63.000000,,,,,,,,,,,,,,,,,,,,,
1732483717655,00010,9,0,0,2,10,25.023110,97.000000,3,20.519494,88.000000,,,,,,,,,,,,,,,,,,,,,
1732483717655,00011,9,0,0,2,11,14.957213,77.000000,3,12.782264,72.000000,,,,,,,,,,,,,,,,,,,,,
1732483717655,00012,9,0,0,2,12,18.530569,84.000000,3,13.709142,74.000000,,,,,,,,,,,,,,,,,,,,,
1732483717755,00001,9,0,0,2,1,25.602012,98.000000,3,21.216230,89.000000,,,,,,,,,,,,,,,,,,,,,
1732483717755,00002,9,0,0,2,2,21.286324,89.000000,3,10.515860,68.000000,,,,,,,,,,,,,,,,,,,,,
1732483717755,00003,9,0,0,2,3,30.818962,108.000000,3,26.076304,99.000000,,,,,,,,,,,,,,,,,,,,,
1732483717755,00005,9,0,0,2,5,21.198615,89.000000,3,16.579792,80.000000,,,,,,,,,,,,,,,,,,,,,
1732483717755,00008,9,0,0,2,8,17.692674,82.000000,3,8.075665,63.000000,,,,,,,,,,,,,,,,,,,,,
1732483717755,00009,9,0,0,2,9,18.008345,83.000000,3,11.638981,70.000000,,,,,,,,,,,,,,,,,,,,,
1732483717755,00010,9,0,0,2,10,19.646925,86.000000,3,18.568931,84.000000,,,,,,,,,,,,,,,,,,,,,
1732483717755,00011,9,0,0,2,11,17.761674,82.000000,3,13.157473,73.000000,,,,,,,,,,,,,,,,,,,,,
1732483717755,00012,9,0,0,2,12,18.410173,83.000000,3,13.070438,73.000000,,,,,,,,,,,,,,,,,,,,,
1732483717855,00001,9,0,0,2,1,25.787044,98.000000,3,17.298469,81.000000,,,,,,,,,,,,,,,,,,,,,
1732483717855,00002,9,0,0,2,2,21.316569,89.000000,3,11.112248,69.000000,,,,,,,,,,,,,,,,,,,,,
1732483717855,00003,9,0,0,2,3,29.738376,106.000000,3,24.117815,95.000000,,,,,,,,,,,,,,,,,,,,,
1732483717855,00005,9,0,0,2,5,20.799727,88.000000,3,19.305848,85.000000,,,,,,,,,,,,,,,,,,,,,
1732483717855,00008,9,0,0,2,8,21.965071,91.000000,3,7.294373,61.000000,,,,,,,,,,,,,,,,,,,,,
1732483717855,00009,9,0,0,2,9,19.709796,86.000000,3,11.154291,69.000000,,,,,,,,,,,,,,,,,,,,,
1732483717855,00010,9,0,0,2,10,25.332001,97.000000,3,18.871978,84.000000,,,,,,,,,,,,,,,,,,,,,
1732483717855,00011,9,0,0,2,11,15.534566,78.000000,3,10.746795,68.000000,,,,,,,,,,,,,,,,,,,,,
1732483717855,00012,9,0,0,2,12,18.773740,84.000000,3,12.966566,73.000000,,,,,,,,,,,,,,,,,,,,,
1732483717955,00001,9,0,0,2,1,25.485666,98.000000,3,21.411329,90.000000,,,,,,,,,,,,,,,,,,,,,
1732483717955,00002,9,0,0,2,2,21.265026,89.000000,3,11.334743,69.000000,,,,,,,,,,,,,,,,,,,,,
1732483717955,00003,9,0,0,2,3,30.804511,108.000000,3,24.244087,95.000000,,,,,,,,,,,,,,,,,,,,,
1732483717955,00005,9,0,0,2,5,19.280001,85.000000,3,19.245925,85.000000,,,,,,,,,,,,,,,,,,,,,
1732483717955,00008,9,0,0,2,8,16.531543,80.000000,3,7.452765,61.000000,,,,,,,,,,,,,,,,,,,,,
1732483717955,00009,9,0,0,2,9,19.415483,86.000000,3,11.714665,70.000000,,,,,,,,,,,,,,,,,,,,,
1732483717955,00010,9,0,0,2,10,23.335396,93.000000,3,17.859947,82.000000,,,,,,,,,,,,,,,,,,,,,
1732483717955,00011,9,0,0,2,11,16.567738,80.000000,3,13.227475,73.000000,,,,,,,,,,,,,,,,,,,,,
1732483717955,00012,9,0,0,2,12,19.565132,86.000000,3,12.142571,71.000000,,,,,,,,,,,,,,,,,,,,,
1732483718055,00001,9,0,0,2,1,26.261291,99.000000,3,22.376177,91.000000,,,,,,,,,,,,,,,,,,,,,
1732483718055,00002,9,0,0,2,2,22.033378,91.000000,3,12.848221,72.000000,,,,,,,,,,,,,,,,,,,,,
1732483718055,00003,9,0,0,2,3,30.261474,107.000000,3,25.176912,97.000000,,,,,,,,,,,,,,,,,,,,,
1732483718055,00005,9,0,0,2,5,22.071861,91.000000,3,17.590802,82.000000,,,,,,,,,,,,,,,,,,,,,
1732483718055,00008,9,0,0,2,8,16.678498,80.000000,3,6.930991,60.000000,,,,,,,,,,,,,,,,,,,,,
1732483718055,00009,9,0,0,2,9,20.048366,87.000000,3,12.409262,71.000000,,,,,,,,,,,,,,,,,,,,,
1732483718055,00010,9,0,0,2,10,23.770579,94.000000,3,19.494942,86.000000,,,,,,,,,,,,,,,,,,,,,
1732483718055,00011,9,0,0,2,11,16.796616,80.000000,3,12.393513,71.000000,,,,,,,,,,,,,,,,,,,,,
1732483718055,00012,9,0,0,2,12,19.276184,85.000000,3,11.441888,69.000000,,,,,,,,,,,,,,,,,,,,,
1732483718155,00001,9,0,0,2,1,25.851920,98.000000,3,18.892530,84.000000,,,,,,,,,,,,,,,,,,,,,
1732483718155,00002,9,0,0,2,2,20.618175,88.000000,3,11.684119,70.000000,,,,,,,,,,,,,,,,,,,,,
1732483718155,00003,9,0,0,2,3,32.331789,112.000000,3,23.634999,94.000000,,,,,,,,,,,,,,,,,,,,,
1732483718155,00005,9,0,0,2,5,19.201243,85.000000,3,20.186758,87.000000,,,,,,,,,,,,,,,,,,,,,
1732483718155,00008,9,0,0,2,8,19.292397,85.000000,3,7.610583,62.000000,,,,,,,,,,,,,,,,,,,,,
1732483718155,00009,9,0,0,2,9,18.585151,84.000000,3,9.807693,66.000000,,,,,,,,,,,,,,,,,,,,,
1732483718155,00010,9,0,0,2,10,23.664628,94.000000,3,15.391750,77.000000,,,,,,,,,,,,,,,,,,,,,
1732483718155,00011,9,0,0,2,11,15.617435,78.000000,3,12.203115,71.000000,,,,,,,,,,,,,,,,,,,,,
1732483718155,00012,9,0,0,2,12,18.831651,84.000000,3,12.548843,72.000000,,,,,,,,,,,,,,,,,,,,,
1732483718255,00001,8,0,0,2,1,27.306396,101.000000,3,23.569086,94.000000,,,,,,,,,,,,,,,,,,,,,
1732483718255,00002,8,0,0,2,2,22.833027,92.000000,3,10.623479,68.000000,,,,,,,,,,,,,,,,,,,,,
1732483718255,00003,8,0,0,2,3,28.303767,103.000000,3,23.959005,95.000000,,,,,,,,,,,,,,,,,,,,,
1732483718255,00008,8,0,0,2,8,18.767618,84.000000,3,7.534320,62.000000,,,,,,,,,,,,,,,,,,,,,
1732483718255,00009,8,0,0,2,9,22.367716,91.000000,3,9.188633,65.000000,,,,,,,,,,,,,,,,,,,,,
1732483718255,00010,8,0,0,2,10,22.570287,92.000000,3,19.892874,86.000000,,,,,,,,,,,,,,,,,,,,,
1732483718255,00011,8,0,0,2,11,14.099138,75.000000,3,12.284339,71.000000,,,,,,,,,,,,,,,,,,,,,
1732483718255,00012,8,0,0,2,12,19.116322,85.000000,3,11.476574,70.000000,,,,,,,,,,,,,,,,,,,,,
1732483718355,00001,8,0,0,2,1,25.103207,97.000000,3,21.313279,89.000000,,,,,,,,,,,,,,,,,,,,,
1732483718355,00002,8,0,0,2,2,23.438356,94.000000,3,11.386779,69.000000,,,,,,,,,,,,,,,,,,,,,
1732483718355,00003,8,0,0,2,3,29.853121,107.000000,3,24.577837,96.000000,,,,,,,,,,,,,,,,,,,,,
1732483718355,00008,8,0,0,2,8,20.290702,87.000000,3,6.870059,60.000000,,,,,,,,,,,,,,,,,,,,,
1732483718355,00009,8,0,0,2,9,19.259140,85.000000,3,10.506650,68.000000,,,,,,,,,,,,,,,,,,,,,
1732483718355,00010,8,0,0,2,10,24.840506,96.000000,3,20.199734,87.000000,,,,,,,,,,,,,,,,,,,,,
1732483718355,00011,8,0,0,2,11,15.989719,79.000000,3,11.987983,71.000000,,,,,,,,,,,,,,,,,,,,,
1732483718355,00012,8,0,0,2,12,18.053361,83.000000,3,12.414243,71.000000,,,,,,,,,,,,,,,,,,,,,
1732483718455,00001,9,0,0,2,1,24.580343,96.000000,3,20.206422,87.000000,,,,,,,,,,,,,,,,,,,,,
1732483718455,00002,9,0,0,2,2,18.347872,83.000000,3,8.372344,63.000000,,,,,,,,,,,,,,,,,,,,,
1732483718455,00003,9,0,0,2,3,31.115486,109.000000,3,25.030618,97.000000,,,,,,,,,,,,,,,,,,,,,
1732483718455,00008,9,0,0,2,8,19.325542,85.000000,3,7.570105,62.000000,,,,,,,,,,,,,,,,,,,,,
1732483718455,00009,9,0,0,2,9,18.726218,84.000000,3,10.319607,67.000000,,,,,,,,,,,,,,,,,,,,,
1732483718455,00010,9,0,0,2,10,26.129991,99.000000,3,18.158329,83.000000,,,,,,,,,,,,,,,,,,,,,
1732483718455,00011,9,0,0,2,11,15.202494,77.000000,3,15.198814,77.000000,,,,,,,,,,,,,,,,,,,,,
1732483718455,00012,9,0,0,2,12,18.359869,83.000000,3,12.666213,72.000000,,,,,,,,,,,,,,,,,,,,,
1732483718455,00005,9,0,0,2,5,20.826057,88.000000,3,17.019949,81.000000,,,,,,,,,,,,,,,,,,,,,
1732483718555,00001,9,0,0,2,1,25.429708,98.000000,3,19.681451,86.000000,,,,,,,,,,,,,,,,,,,,,
1732483718555,00002,9,0,0,2,2,21.639790,90.000000,3,13.377555,73.000000,,,,,,,,,,,,,,,,,,,,,
1732483718555,00003,9,0,0,2,3,30.855953,109.000000,3,24.592601,96.000000,,,,,,,,,,,,,,,,,,,,,
1732483718555,00008,9,0,0,2,8,18.380303,83.000000,3,6.359769,59.000000,,,,,,,,,,,,,,,,,,,,,
1732483718555,00009,9,0,0,2,9,19.929702,87.000000,3,11.015981,69.000000,,,,,,,,,,,,,,,,,,,,,
1732483718555,00010,9,0,0,2,10,22.482561,92.000000,3,18.319439,83.000000,,,,,,,,,,,,,,,,,,,,,
1732483718555,00011,9,0,0,2,11,16.251082,79.000000,3,11.136461,69.000000,,,,,,,,,,,,,,,,,,,,,
1732483718555,00012,9,0,0,2,12,18.750297,84.000000,3,12.650931,72.000000,,,,,,,,,,,,,,,,,,,,,
1732483718555,00005,9,0,0,2,5,21.750487,90.000000,3,18.402677,83.000000,,,,,,,,,,,,,,,,,,,,,
1732483718655,00001,9,0,0,2,1,27.034532,101.000000,3,22.745995,92.000000,,,,,,,,,,,,,,,,,,,,,
1732483718655,00002,9,0,0,2,2,22.042218,91.000000,3,12.644256,72.000000,,,,,,,,,,,,,,,,,,,,,
1732483718655,00003,9,0,0,2,3,32.594282,112.000000,3,22.869948,92.000000,,,,,,,,,,,,,,,,,,,,,
1732483718655,00008,9,0,0,2,8,18.054682,83.000000,3,7.275904,61.000000,,,,,,,,,,,,,,,,,,,,,
1732483718655,00009,9,0,0,2,9,21.287139,89.000000,3,12.374026,71.000000,,,,,,,,,,,,,,,,,,,,,
1732483718655,00010,9,0,0,2,10,22.856116,92.000000,3,19.963395,87.000000,,,,,,,,,,,,,,,,,,,,,
1732483718655,00011,9,0,0,2,11,15.938942,78.000000,3,12.677905,72.000000,,,,,,,,,,,,,,,,,,,,,
1732483718655,00012,9,0,0,2,12,19.722756,86.000000,3,13.345663,73.000000,,,,,,,,,,,,,,,,,,,,,
1732483718655,00005,9,0,0,2,5,21.479842,90.000000,3,19.281808,85.000000,,,,,,,,,,,,,,,,,,,,,
1732483718755,00001,9,0,0,2,1,26.240268,99.000000,3,20.683986,88.000000,,,,,,,,,,,,,,,,,,,,,
1732483718755,00002,9,0,0,2,2,22.453891,92.000000,3,10.283078,67.000000,,,,,,,,,,,,,,,,,,,,,
1732483718755,00003,9,0,0,2,3,29.728301,106.000000,3,24.635451,96.000000,,,,,,,,,,,,,,,,,,,,,
1732483718755,00008,9,0,0,2,8,17.426828,81.000000,3,8.038771,63.000000,,,,,,,,,,,,,,,,,,,,,
1732483718755,00009,9,0,0,2,9,18.845183,84.000000,3,11.096366,69.000000,,,,,,,,,,,,,,,,,,,,,
1732483718755,00010,9,0,0,2,10,24.176224,95.000000,3,18.762801,84.000000,,,,,,,,,,,,,,,,,,,,,
1732483718755,00011,9,0,0,2,11,17.395334,81.000000,3,13.602793,74.000000,,,,,,,,,,,,,,,,,,,,,
1732483718755,00012,9,0,0,2,12,18.829763,84.000000,3,12.625147,72.000000,,,,,,,,,,,,,,,,,,,,,
1732483718755,00005,9,0,0,2,5,20.417068,88.000000,3,19.660821,86.000000,,,,,,,,,,,,,,,,,,,,,
1732483718855,00001,9,0,0,2,1,25.344438,97.000000,3,20.711684,88.000000,,,,,,,,,,,,,,,,,,,,,
1732483718855,00002,9,0,0,2,2,21.821868,90.000000,3,10.269716,67.000000,,,,,,,,,,,,,,,,,,,,,
1732483718855,00003,9,0,0,2,3,30.234164,107.000000,3,24.459935,96.000000,,,,,,,,,,,,,,,,,,,,,
1732483718855,00008,9,0,0,2,8,19.094804,85.000000,3,6.508952,59.000000,,,,,,,,,,,,,,,,,,,,,
1732483718855,00009,9,0,0,2,9,18.255332,83.000000,3,11.303454,69.000000,,,,,,,,,,,,,,,,,,,,,
1732483718855,00010,9,0,0,2,10,23.368560,93.000000,3,19.438945,86.000000,,,,,,,,,,,,,,,,,,,,,
1732483718855,00011,9,0,0,2,11,12.879929,72.000000,3,11.472277,69.000000,,,,,,,,,,,,,,,,,,,,,
1732483718855,00012,9,0,0,2,12,18.944322,85.000000,3,13.525786,74.000000,,,,,,,,,,,,,,,,,,,,,
1732483718855,00005,9,0,0,2,5,20.941982,89.000000,3,19.466173,86.000000,,,,,,,,,,,,,,,,,,,,,
1732483718955,00001,9,0,0,2,1,26.325184,99.000000,3,17.841071,82.000000,,,,,,,,,,,,,,,,,,,,,
1732483718955,00002,9,0,0,2,2,22.070110,91.000000,3,12.410315,71.000000,,,,,,,,,,,,,,,,,,,,,
1732483718955,00003,9,0,0,2,3,30.143861,107.000000,3,22.007318,91.000000,,,,,,,,,,,,,,,,,,,,,
1732483718955,00008,9,0,0,2,8,17.674116,82.000000,3,5.785133,58.000000,,,,,,,,,,,,,,,,,,,,,
1732483718955,00009,9,0,0,2,9,19.677867,86.000000,3,0.363813,47.000000,,,,,,,,,,,,,,,,,,,,,
1732483718955,00010,9,0,0,2,10,23.959462,95.000000,3,19.194577,85.000000,,,,,,,,,,,,,,,,,,,,,
1732483718955,00011,9,0,0,2,11,14.344651,75.000000,3,12.643208,72.000000,,,,,,,,,,,,,,,,,,,,,
1732483718955,00012,9,0,0,2,12,17.331389,81.000000,3,13.063500,73.000000,,,,,,,,,,,,,,,,,,,,,
1732483718955,00005,9,0,0,2,5,21.589127,90.000000,3,16.880529,80.000000,,,,,,,,,,,,,,,,,,,,,
1732483719055,00001,9,0,0,2,1,26.136827,99.000000,3,20.658969,88.000000,,,,,,,,,,,,,,,,,,,,,
1732483719055,00002,9,0,0,2,2,22.352619,91.000000,3,11.591537,70.000000,,,,,,,,,,,,,,,,,,,,,
1732483719055,00003,9,0,0,2,3,30.577799,108.000000,3,25.464397,98.000000,,,,,,,,,,,,,,,,,,,,,
1732483719055,00008,9,0,0,2,8,19.447657,86.000000,3,6.886956,60.000000,,,,,,,,,,,,,,,,,,,,,
1732483719055,00009,9,0,0,2,9,19.975558,87.000000,3,8.512041,64.000000,,,,,,,,,,,,,,,,,,,,,
1732483719055,00010,9,0,0,2,10,21.336351,89.000000,3,18.951168,85.000000,,,,,,,,,,,,,,,,,,,,,
1732483719055,00011,9,0,0,2,11,16.193596,79.000000,3,9.838169,66.000000,,,,,,,,,,,,,,,,,,,,,
1732483719055,00012,9,0,0,2,12,22.030283,91.000000,3,13.358335,73.000000,,,,,,,,,,,,,,,,,,,,,
1732483719055,00005,9,0,0,2,5,19.915651,87.000000,3,19.154965,85.000000,,,,,,,,,,,,,,,,,,,,,
1732483719155,00001,9,0,0,2,1,29.080603,105.000000,3,21.112265,89.000000,,,,,,,,,,,,,,,,,,,,,
1732483719155,00002,9,0,0,2,2,21.439258,90.000000,3,10.560170,68.000000,,,,,,,,,,,,,,,,,,,,,
1732483719155,00003,9,0,0,2,3,30.707032,108.000000,3,25.694080,98.000000,,,,,,,,,,,,,,,,,,,,,
1732483719155,00008,9,0,0,2,8,17.304686,81.000000,3,7.291903,61.000000,,,,,,,,,,,,,,,,,,,,,
1732483719155,00009,9,0,0,2,9,19.201493,85.000000,3,8.171204,63.000000,,,,,,,,,,,,,,,,,,,,,
1732483719155,00010,9,0,0,2,10,24.047567,95.000000,3,22.240703,91.000000,,,,,,,,,,,,,,,,,,,,,
1732483719155,00011,9,0,0,2,11,15.653434,78.000000,3,12.697309,72.000000,,,,,,,,,,,,,,,,,,,,,
1732483719155,00012,9,0,0,2,12,19.845308,86.000000,3,13.991476,75.000000,,,,,,,,,,,,,,,,,,,,,
1732483719155,00005,9,0,0,2,5,21.405612,90.000000,3,18.026790,83.000000,,,,,,,,,,,,,,,,,,,,,
1732483719255,00001,9,0,0,2,1,25.745580,98.000000,3,20.003973,87.000000,,,,,,,,,,,,,,,,,,,,,
1732483719255,00002,9,0,0,2,2,22.125239,91.000000,3,10.353913,67.000000,,,,,,,,,,,,,,,,,,,,,
1732483719255,00003,9,0,0,2,3,29.301873,105.000000,3,25.010071,97.000000,,,,,,,,,,,,,,,,,,,,,
1732483719255,00008,9,0,0,2,8,17.094791,81.000000,3,8.741694,64.000000,,,,,,,,,,,,,,,,,,,,,
1732483719255,00009,9,0,0,2,9,21.083324,89.000000,3,9.770606,66.000000,,,,,,,,,,,,,,,,,,,,,
1732483719255,00010,9,0,0,2,10,24.070077,95.000000,3,19.955785,87.000000,,,,,,,,,,,,,,,,,,,,,
1732483719255,00011,9,0,0,2,11,15.465105,78.000000,3,13.514679,74.000000,,,,,,,,,,,,,,,,,,,,,
1732483719255,00012,9,0,0,2,12,18.727930,84.000000,3,13.479475,74.000000,,,,,,,,,,,,,,,,,,,,,
1732483719255,00005,9,0,0,2,5,21.645716,90.000000,3,20.205023,87.000000,,,,,,,,,,,,,,,,,,,,,
1732483719355,00001,9,0,0,2,1,25.077685,97.000000,3,20.101907,87.000000,,,,,,,,,,,,,,,,,,,,,
1732483719355,00002,9,0,0,2,2,21.933377,91.000000,3,8.851180,64.000000,,,,,,,,,,,,,,,,,,,,,
1732483719355,00003,9,0,0,2,3,29.926302,107.000000,3,22.654050,92.000000,,,,,,,,,,,,,,,,,,,,,
1732483719355,00008,9,0,0,2,8,18.340739,83.000000,3,7.297386,61.000000,,,,,,,,,,,,,,,,,,,,,
1732483719355,00009,9,0,0,2,9,19.744844,86.000000,3,11.409092,69.000000,,,,,,,,,,,,,,,,,,,,,
1732483719355,00010,9,0,0,2,10,23.190045,93.000000,3,17.890751,82.000000,,,,,,,,,,,,,,,,,,,,,
1732483719355,00011,9,0,0,2,11,17.382069,81.000000,3,14.468092,76.000000,,,,,,,,,,,,,,,,,,,,,
1732483719355,00012,9,0,0,2,12,18.943050,85.000000,3,12.492799,72.000000,,,,,,,,,,,,,,,,,,,,,
1732483719355,00005,9,0,0,2,5,21.572951,90.000000,3,19.795534,86.000000,,,,,,,,,,,,,,,,,,,,,
1732483719455,00001,9,0,0,2,1,24.392833,96.000000,3,17.951541,83.000000,,,,,,,,,,,,,,,,,,,,,
1732483719455,00002,9,0,0,2,2,21.273350,89.000000,3,10.165103,67.000000,,,,,,,,,,,,,,,,,,,,,
1732483719455,00003,9,0,0,2,3,28.779653,104.000000,3,24.089066,95.000000,,,,,,,,,,,,,,,,,,,,,
1732483719455,00008,9,0,0,2,8,17.555178,82.000000,3,6.663660,60.000000,,,,,,,,,,,,,,,,,,,,,
1732483719455,00009,9,0,0,2,9,18.118187,83.000000,3,10.941897,68.000000,,,,,,,,,,,,,,,,,,,,,
1732483719455,00010,9,0,0,2,10,22.591650,92.000000,3,18.366202,83.000000,,,,,,,,,,,,,,,,,,,,,
1732483719455,00011,9,0,0,2,11,14.577042,76.000000,3,10.784785,68.000000,,,,,,,,,,,,,,,,,,,,,
1732483719455,00012,9,0,0,2,12,18.417953,83.000000,3,12.015830,71.000000,,,,,,,,,,,,,,,,,,,,,
1732483719455,00005,9,0,0,2,5,20.280304,87.000000,3,18.509019,84.000000,,,,,,,,,,,,,,,,,,,,,
1732483719555,00001,9,0,0,2,1,26.633830,100.000000,3,21.430171,90.000000,,,,,,,,,,,,,,,,,,,,,
1732483719555,00002,9,0,0,2,2,22.770552,92.000000,3,13.415081,73.000000,,,,,,,,,,,,,,,,,,,,,
1732483719555,00003,9,0,0,2,3,30.405823,108.000000,3,24.687084,96.000000,,,,,,,,,,,,,,,,,,,,,
1732483719555,00008,9,0,0,2,8,17.585369,82.000000,3,9.419716,65.000000,,,,,,,,,,,,,,,,,,,,,
1732483719555,00009,9,0,0,2,9,20.902606,89.000000,3,10.125640,67.000000,,,,,,,,,,,,,,,,,,,,,
1732483719555,00010,9,0,0,2,10,21.781143,90.000000,3,18.651872,84.000000,,,,,,,,,,,,,,,,,,,,,
1732483719555,00011,9,0,0,2,11,16.374903,79.000000,3,12.195782,71.000000,,,,,,,,,,,,,,,,,,,,,
1732483719555,00012,9,0,0,2,12,18.495817,84.000000,3,11.061562,69.000000,,,,,,,,,,,,,,,,,,,,,
1732483719555,00005,9,0,0,2,5,20.939970,89.000000,3,17.693060,82.000000,,,,,,,,,,,,,,,,,,,,,
1732483719655,00001,9,0,0,2,1,27.715093,102.000000,3,23.721284,94.000000,,,,,,,,,,,,,,,,,,,,,
1732483719655,00002,9,0,0,2,2,22.105272,91.000000,3,10.898213,68.000000,,,,,,,,,,,,,,,,,,,,,
1732483719655,00003,9,0,0,2,3,27.335167,101.000000,3,23.316709,93.000000,,,,,,,,,,,,,,,,,,,,,
1732483719655,00008,9,0,0,2,8,17.764491,82.000000,3,7.413062,61.000000,,,,,,,,,,,,,,,,,,,,,
1732483719655,00009,9,0,0,2,9,18.345094,83.000000,3,11.419308,69.000000,,,,,,,,,,,,,,,,,,,,,
1732483719655,00010,9,0,0,2,10,24.221375,95.000000,3,19.956133,87.000000,,,,,,,,,,,,,,,,,,,,,
1732483719655,00011,9,0,0,2,11,15.428253,77.000000,3,14.518702,76.000000,,,,,,,,,,,,,,,,,,,,,
1732483719655,00012,9,0,0,2,12,18.661985,84.000000,3,10.463997,67.000000,,,,,,,,,,,,,,,,,,,,,
1732483719655,00005,9,0,0,2,5,20.871197,88.000000,3,18.926307,85.000000,,,,,,,,,,,,,,,,,,,,,
1732483719755,00001,9,0,0,2,1,24.700985,96.000000,3,24.245065,95.000000,,,,,,,,,,,,,,,,,,,,,
1732483719755,00002,9,0,0,2,2,21.679237,90.000000,3,11.250079,69.000000,,,,,,,,,,,,,,,,,,,,,
1732483719755,00003,9,0,0,2,3,29.883141,107.000000,3,24.969512,97.000000,,,,,,,,,,,,,,,,,,,,,
1732483719755,00008,9,0,0,2,8,18.375354,83.000000,3,6.815214,60.000000,,,,,,,,,,,,,,,,,,,,,
1732483719755,00009,9,0,0,2,9,19.900701,86.000000,3,12.260325,71.000000,,,,,,,,,,,,,,,,,,,,,
1732483719755,00010,9,0,0,2,10,24.017668,95.000000,3,18.388047,83.000000,,,,,,,,,,,,,,,,,,,,,
1732483719755,00011,9,0,0,2,11,17.943144,83.000000,3,11.104292,69.000000,,,,,,,,,,,,,,,,,,,,,
1732483719755,00012,9,0,0,2,12,19.595922,86.000000,3,12.792950,72.000000,,,,,,,,,,,,,,,,,,,,,
1732483719755,00005,9,0,0,2,5,20.957693,89.000000,3,18.804668,84.000000,,,,,,,,,,,,,,,,,,,,,
1732483719855,00001,9,0,0,2,1,23.942471,95.000000,3,20.036528,87.000000,,,,,,,,,,,,,,,,,,,,,
1732483719855,00002,9,0,0,2,2,19.601251,86.000000,3,10.615757,68.000000,,,,,,,,,,,,,,,,,,,,,
1732483719855,00003,9,0,0,2,3,29.814514,106.000000,3,24.214904,95.000000,,,,,,,,,,,,,,,,,,,,,
1732483719855,00008,9,0,0,2,8,18.043503,83.000000,3,7.506669,61.000000,,,,,,,,,,,,,,,,,,,,,
1732483719855,00009,9,0,0,2,9,20.858888,88.000000,3,11.435631,69.000000,,,,,,,,,,,,,,,,,,,,,
1732483719855,00010,9,0,0,2,10,23.997005,95.000000,3,16.731881,80.000000,,,,,,,,,,,,,,,,,,,,,
1732483719855,00011,9,0,0,2,11,15.468731,78.000000,3,13.233597,73.000000,,,,,,,,,,,,,,,,,,,,,
1732483719855,00012,9,0,0,2,12,11.098342,69.000000,3,13.038878,73.000000,,,,,,,,,,,,,,,,,,,,,
1732483719855,00005,9,0,0,2,5,23.464668,94.000000,3,18.927434,85.000000,,,,,,,,,,,,,,,,,,,,,
1732483719955,00001,9,0,0,2,1,27.167447,101.000000,3,20.615708,88.000000,,,,,,,,,,,,,,,,,,,,,
1732483719955,00002,9,0,0,2,2,21.821247,90.000000,3,8.722526,64.000000,,,,,,,,,,,,,,,,,,,,,
1732483719955,00003,9,0,0,2,3,29.553439,106.000000,3,23.019254,93.000000,,,,,,,,,,,,,,,,,,,,,
1732483719955,00008,9,0,0,2,8,19.077967,85.000000,3,9.015497,65.000000,,,,,,,,,,,,,,,,,,,,,
1732483719955,00009,9,0,0,2,9,17.631665,82.000000,3,10.344743,67.000000,,,,,,,,,,,,,,,,,,,,,
1732483719955,00010,9,0,0,2,10,24.056965,95.000000,3,19.572445,86.000000,,,,,,,,,,,,,,,,,,,,,
1732483719955,00011,9,0,0,2,11,16.572350,80.000000,3,12.775656,72.000000,,,,,,,,,,,,,,,,,,,,,
1732483719955,00012,9,0,0,2,12,21.118209,89.000000,3,11.715665,70.000000,,,,,,,,,,,,,,,,,,,,,
1732483719955,00005,9,0,0,2,5,21.474755,90.000000,3,19.678170,86.000000,,,,,,,,,,,,,,,,,,,,,
1732483720055,00001,9,0,0,2,1,25.780128,98.000000,3,21.320668,89.000000,,,,,,,,,,,,,,,,,,,,,
1732483720055,00002,9,0,0,2,2,21.831578,90.000000,3,12.479943,72.000000,,,,,,,,,,,,,,,,,,,,,
1732483720055,00003,9,0,0,2,3,30.189909,107.000000,3,25.650753,98.000000,,,,,,,,,,,,,,,,,,,,,
1732483720055,00008,9,0,0,2,8,18.163442,83.000000,3,6.805188,60.000000,,,,,,,,,,,,,,,,,,,,,
1732483720055,00009,9,0,0,2,9,20.416239,88.000000,3,10.958301,68.000000,,,,,,,,,,,,,,,,,,,,,
1732483720055,00010,9,0,0,2,10,23.614639,94.000000,3,19.194556,85.000000,,,,,,,,,,,,,,,,,,,,,
1732483720055,00011,9,0,0,2,11,15.171857,77.000000,3,12.693092,72.000000,,,,,,,,,,,,,,,,,,,,,
1732483720055,00012,9,0,0,2,12,19.564735,86.000000,3,13.245052,73.000000,,,,,,,,,,,,,,,,,,,,,
1732483720055,00005,9,0,0,2,5,22.501587,92.000000,3,19.943327,87.000000,,,,,,,,,,,,,,,,,,,,,
1732483720155,00001,9,0,0,2,1,25.061378,97.000000,3,22.318064,91.000000,,,,,,,,,,,,,,,,,,,,,
1732483720155,00002,9,0,0,2,2,21.727494,90.000000,3,10.855358,68.000000,,,,,,,,,,,,,,,,,,,,,
1732483720155,00003,9,0,0,2,3,30.200214,107.000000,3,24.133715,95.000000,,,,,,,,,,,,,,,,,,,,,
1732483720155,00008,9,0,0,2,8,18.597584,84.000000,3,8.347605,63.000000,,,,,,,,,,,,,,,,,,,,,
1732483720155,00009,9,0,0,2,9,21.523235,90.000000,3,10.351777,67.000000,,,,,,,,,,,,,,,,,,,,,
1732483720155,00010,9,0,0,2,10,23.758224,94.000000,3,15.650631,78.000000,,,,,,,,,,,,,,,,,,,,,
1732483720155,00011,9,0,0,2,11,13.794546,74.000000,3,11.799818,70.000000,,,,,,,,,,,,,,,,,,,,,
1732483720155,00012,9,0,0,2,12,19.692269,86.000000,3,13.907144,74.000000,,,,,,,,,,,,,,,,,,,,,
1732483720155,00005,9,0,0,2,5,20.438750,88.000000,3,19.090905,85.000000,,,,,,,,,,,,,,,,,,,,,
1732483720255,00001,9,0,0,2,1,27.974998,103.000000,3,20.429567,88.000000,,,,,,,,,,,,,,,,,,,,,
1732483720255,00002,9,0,0,2,2,21.978447,91.000000,3,11.909103,70.000000,,,,,,,,,,,,,,,,,,,,,
1732483720255,00003,9,0,0,2,3,29.337411,106.000000,3,24.150279,95.000000,,,,,,,,,,,,,,,,,,,,,
1732483720255,00008,9,0,0,2,8,21.131544,89.000000,3,6.405769,59.000000,,,,,,,,,,,,,,,,,,,,,
1732483720255,00009,9,0,0,2,9,19.745019,86.000000,3,10.771909,68.000000,,,,,,,,,,,,,,,,,,,,,
1732483720255,00010,9,0,0,2,10,22.305226,91.000000,3,18.914465,84.000000,,,,,,,,,,,,,,,,,,,,,
1732483720255,00011,9,0,0,2,11,12.830349,72.000000,3,11.037069,69.000000,,,,,,,,,,,,,,,,,,,,,
1732483720255,00012,9,0,0,2,12,19.066147,85.000000,3,13.493624,74.000000,,,,,,,,,,,,,,,,,,,,,
1732483720255,00005,9,0,0,2,5,19.637801,86.000000,3,18.802987,84.000000,,,,,,,,,,,,,,,,,,,,,
1732483720355,00001,9,0,0,2,1,27.578230,102.000000,3,20.911670,89.000000,,,,,,,,,,,,,,,,,,,,,
1732483720355,00002,9,0,0,2,2,20.723779,88.000000,3,10.483219,67.000000,,,,,,,,,,,,,,,,,,,,,
1732483720355,00003,9,0,0,2,3,31.994278,111.000000,3,24.322283,95.000000,,,,,,,,,,,,,,,,,,,,,
1732483720355,00008,9,0,0,2,8,18.028506,83.000000,3,7.817698,62.000000,,,,,,,,,,,,,,,,,,,,,
1732483720355,00009,9,0,0,2,9,19.348610,85.000000,3,11.099093,69.000000,,,,,,,,,,,,,,,,,,,,,
1732483720355,00010,9,0,0,2,10,21.211321,89.000000,3,18.343079,83.000000,,,,,,,,,,,,,,,,,,,,,
1732483720355,00011,9,0,0,2,11,14.576973,76.000000,3,11.676195,70.000000,,,,,,,,,,,,,,,,,,,,,
1732483720355,00012,9,0,0,2,12,19.143789,85.000000,3,13.025088,73.000000,,,,,,,,,,,,,,,,,,,,,
1732483720355,00005,9,0,0,2,5,23.099240,93.000000,3,19.435260,86.000000,,,,,,,,,,,,,,,,,,,,,
1732483720455,00001,9,0,0,2,1,25.618660,98.000000,3,20.033342,87.000000,,,,,,,,,,,,,,,,,,,,,
1732483720455,00002,9,0,0,2,2,22.190648,91.000000,3,11.953041,70.000000,,,,,,,,,,,,,,,,,,,,,
1732483720455,00003,9,0,0,2,3,28.666032,104.000000,3,22.655989,92.000000,,,,,,,,,,,,,,,,,,,,,
1732483720455,00008,9,0,0,2,8,17.954661,83.000000,3,8.091874,63.000000,,,,,,,,,,,,,,,,,,,,,
1732483720455,00009,9,0,0,2,9,19.774154,86.000000,3,10.207790,67.000000,,,,,,,,,,,,,,,,,,,,,
1732483720455,00010,9,0,0,2,10,21.631304,90.000000,3,18.997437,85.000000,,,,,,,,,,,,,,,,,,,,,
1732483720455,00011,9,0,0,2,11,13.881511,74.000000,3,13.142261,73.000000,,,,,,,,,,,,,,,,,,,,,
1732483720455,00012,9,0,0,2,12,18.264102,83.000000,3,10.536898,68.000000,,,,,,,,,,,,,,,,,,,,,
1732483720455,00005,9,0,0,2,5,20.835526,88.000000,3,17.958037,83.000000,,,,,,,,,,,,,,,,,,,,,
1732483720555,00001,9,0,0,2,1,26.402507,100.000000,3,21.851992,90.000000,,,,,,,,,,,,,,,,,,,,,
1732483720555,00002,9,0,0,2,2,22.664819,92.000000,3,12.055619,71.000000,,,,,,,,,,,,,,,,,,,,,
1732483720555,00003,9,0,0,2,3,29.945162,107.000000,3,23.920867,95.000000,,,,,,,,,,,,,,,,,,,,,
1732483720555,00008,9,0,0,2,8,18.953437,85.000000,3,9.611476,66.000000,,,,,,,,,,,,,,,,,,,,,
1732483720555,00009,9,0,0,2,9,19.933278,87.000000,3,11.000409,69.000000,,,,,,,,,,,,,,,,,,,,,
1732483720555,00010,9,0,0,2,10,24.898382,97.000000,3,18.173287,83.000000,,,,,,,,,,,,,,,,,,,,,
1732483720555,00011,9,0,0,2,11,15.933530,78.000000,3,12.256424,71.000000,,,,,,,,,,,,,,,,,,,,,
1732483720555,00012,9,0,0,2,12,19.821197,86.000000,3,13.304153,73.000000,,,,,,,,,,,,,,,,,,,,,
1732483720555,00005,9,0,0,2,5,21.016131,89.000000,3,19.947568,87.000000,,,,,,,,,,,,,,,,,,,,,
1732483720655,00001,9,0,0,2,1,25.105754,97.000000,3,21.516211,90.000000,,,,,,,,,,,,,,,,,,,,,
1732483720655,00002,9,0,0,2,2,21.284713,89.000000,3,9.979237,66.000000,,,,,,,,,,,,,,,,,,,,,
1732483720655,00003,9,0,0,2,3,29.627083,106.000000,3,21.923375,91.000000,,,,,,,,,,,,,,,,,,,,,
1732483720655,00008,9,0,0,2,8,16.408800,79.000000,3,8.676209,64.000000,,,,,,,,,,,,,,,,,,,,,
1732483720655,00009,9,0,0,2,9,20.520251,88.000000,3,11.770441,70.000000,,,,,,,,,,,,,,,,,,,,,
1732483720655,00010,9,0,0,2,10,24.573211,96.000000,3,20.272494,87.000000,,,,,,,,,,,,,,,,,,,,,
1732483720655,00011,9,0,0,2,11,15.921395,78.000000,3,10.889295,68.000000,,,,,,,,,,,,,,,,,,,,,
1732483720655,00012,9,0,0,2,12,18.239568,83.000000,3,12.933895,72.000000,,,,,,,,,,,,,,,,,,,,,
1732483720655,00005,9,0,0,2,5,23.913710,95.000000,3,16.433920,79.000000,,,,,,,,,,,,,,,,,,,,,
1732483720755,00001,9,0,0,2,1,25.498042,98.000000,3,20.626747,88.000000,,,,,,,,,,,,,,,,,,,,,
1732483720755,00002,9,0,0,2,2,18.483112,84.000000,3,11.985795,71.000000,,,,,,,,,,,,,,,,,,,,,
1732483720755,00003,9,0,0,2,3,31.916437,111.000000,3,25.058111,97.000000,,,,,,,,,,,,,,,,,,,,,
1732483720755,00008,9,0,0,2,8,17.490020,82.000000,3,7.369252,61.000000,,,,,,,,,,,,,,,,,,,,,
1732483720755,00009,9,0,0,2,9,19.808046,86.000000,3,10.386664,67.000000,,,,,,,,,,,,,,,,,,,,,
1732483720755,00010,9,0,0,2,10,24.348565,95.000000,3,18.205285,83.000000,,,,,,,,,,,,,,,,,,,,,
1732483720755,00011,9,0,0,2,11,15.160766,77.000000,3,7.291716,61.000000,,,,,,,,,,,,,,,,,,,,,
1732483720755,00012,9,0,0,2,12,18.817873,84.000000,3,12.910445,72.000000,,,,,,,,,,,,,,,,,,,,,
1732483720755,00005,9,0,0,2,5,18.233491,83.000000,3,20.318925,87.000000,,,,,,,,,,,,,,,,,,,,,
1732483720855,00001,9,0,0,2,1,25.641883,98.000000,3,20.670685,88.000000,,,,,,,,,,,,,,,,,,,,,
1732483720855,00002,9,0,0,2,2,22.344890,91.000000,3,10.435347,67.000000,,,,,,,,,,,,,,,,,,,,,
1732483720855,00003,9,0,0,2,3,31.853262,111.000000,3,24.824238,96.000000,,,,,,,,,,,,,,,,,,,,,
1732483720855,00008,9,0,0,2,8,18.272657,83.000000,3,6.674909,60.000000,,,,,,,,,,,,,,,,,,,,,
1732483720855,00009,9,0,0,2,9,20.210026,87.000000,3,10.100534,67.000000,,,,,,,,,,,,,,,,,,,,,
1732483720855,00010,9,0,0,2,10,24.036378,95.000000,3,18.564530,84.000000,,,,,,,,,,,,,,,,,,,,,
1732483720855,00011,9,0,0,2,11,15.800127,78.000000,3,10.921808,68.000000,,,,,,,,,,,,,,,,,,,,,
1732483720855,00012,9,0,0,2,12,19.447242,86.000000,3,12.969346,73.000000,,,,,,,,,,,,,,,,,,,,,
1732483720855,00005,9,0,0,2,5,20.912040,89.000000,3,19.929587,87.000000,,,,,,,,,,,,,,,,,,,,,
1732483720955,00001,9,0,0,2,1,25.663110,98.000000,3,21.841260,90.000000,,,,,,,,,,,,,,,,,,,,,
1732483720955,00002,9,0,0,2,2,21.163265,89.000000,3,10.684939,68.000000,,,,,,,,,,,,,,,,,,,,,
1732483720955,00003,9,0,0,2,3,31.157541,109.000000,3,23.733985,94.000000,,,,,,,,,,,,,,,,,,,,,
1732483720955,00008,9,0,0,2,8,19.156973,85.000000,3,5.925588,58.000000,,,,,,,,,,,,,,,,,,,,,
1732483720955,00009,9,0,0,2,9,19.960551,87.000000,3,8.769453,64.000000,,,,,,,,,,,,,,,,,,,,,
1732483720955,00010,9,0,0,2,10,23.885980,95.000000,3,18.929603,85.000000,,,,,,,,,,,,,,,,,,,,,
1732483720955,00011,9,0,0,2,11,16.449736,80.000000,3,12.716898,72.000000,,,,,,,,,,,,,,,,,,,,,
1732483720955,00012,9,0,0,2,12,18.625613,84.000000,3,14.008081,75.000000,,,,,,,,,,,,,,,,,,,,,
1732483720955,00005,9,0,0,2,5,20.267821,87.000000,3,18.910940,84.000000,,,,,,,,,,,,,,,,,,,,,
1732483721055,00001,10,0,0,2,1,26.479884,100.000000,3,19.937375,87.000000,,,,,,,,,,,,,,,,,,,,,
1732483721055,00002,10,0,0,2,2,21.606272,90.000000,3,12.258956,71.000000,,,,,,,,,,,,,,,,,,,,,
1732483721055,00003,10,0,0,2,3,33.617907,114.000000,3,25.516105,98.000000,,,,,,,,,,,,,,,,,,,,,
1732483721055,00008,10,0,0,2,8,18.883241,84.000000,3,6.862255,60.000000,,,,,,,,,,,,,,,,,,,,,
1732483721055,00009,10,0,0,2,9,21.101887,89.000000,3,11.895094,70.000000,,,,,,,,,,,,,,,,,,,,,
1732483721055,00010,10,0,0,2,10,22.877829,92.000000,3,16.409950,79.000000,,,,,,,,,,,,,,,,,,,,,
1732483721055,00011,10,0,0,2,11,14.070243,75.000000,3,13.110852,73.000000,,,,,,,,,,,,,,,,,,,,,
1732483721055,00012,10,0,0,2,12,19.298378,85.000000,3,12.541192,72.000000,,,,,,,,,,,,,,,,,,,,,
1732483721055,00005,10,0,0,2,5,20.266211,87.000000,3,21.424377,90.000000,,,,,,,,,,,,,,,,,,,,,
1732483721055,00006,10,0,0,2,6,13.748324,74.000000,3,13.496930,74.000000,,,,,,,,,,,,,,,,,,,,,
1732483721155,00001,10,0,0,2,1,23.977630,95.000000,3,22.384494,91.000000,,,,,,,,,,,,,,,,,,,,,
1732483721155,00002,10,0,0,2,2,21.890433,90.000000,3,7.566616,62.000000,,,,,,,,,,,,,,,,,,,,,
1732483721155,00003,10,0,0,2,3,30.012328,107.000000,3,24.364618,95.000000,,,,,,,,,,,,,,,,,,,,,
1732483721155,00008,10,0,0,2,8,19.173203,85.000000,3,2.655324,52.000000,,,,,,,,,,,,,,,,,,,,,
1732483721155,00009,10,0,0,2,9,17.716255,82.000000,3,11.783536,70.000000,,,,,,,,,,,,,,,,,,,,,
1732483721155,00010,10,0,0,2,10,24.618174,96.000000,3,18.851867,84.000000,,,,,,,,,,,,,,,,,,,,,
1732483721155,00011,10,0,0,2,11,8.950228,64.000000,3,12.054547,71.000000,,,,,,,,,,,,,,,,,,,,,
1732483721155,00012,10,0,0,2,12,16.706057,80.000000,3,13.246624,73.000000,,,,,,,,,,,,,,,,,,,,,
1732483721155,00005,10,0,0,2,5,21.211481,89.000000,3,17.680730,82.000000,,,,,,,,,,,,,,,,,,,,,
1732483721155,00006,10,0,0,2,6,12.295340,71.000000,3,13.981737,75.000000,,,,,,,,,,,,,,,,,,,,,
1732483721255,00001,9,0,0,2,1,25.886773,99.000000,3,21.876623,90.000000,,,,,,,,,,,,,,,,,,,,,
1732483721255,00002,9,0,0,2,2,22.023767,91.000000,3,11.946244,70.000000,,,,,,,,,,,,,,,,,,,,,
1732483721255,00003,9,0,0,2,3,29.649821,106.000000,3,26.376764,100.000000,,,,,,,,,,,,,,,,,,,,,
1732483721255,00008,9,0,0,2,8,18.147031,83.000000,3,8.459757,63.000000,,,,,,,,,,,,,,,,,,,,,
1732483721255,00009,9,0,0,2,9,19.603125,86.000000,3,11.495408,70.000000,,,,,,,,,,,,,,,,,,,,,
1732483721255,00010,9,0,0,2,10,23.182444,93.000000,3,16.999089,81.000000,,,,,,,,,,,,,,,,,,,,,
1732483721255,00011,9,0,0,2,11,15.158351,77.000000,3,12.329245,71.000000,,,,,,,,,,,,,,,,,,,,,
1732483721255,00012,9,0,0,2,12,18.411179,83.000000,3,12.712834,72.000000,,,,,,,,,,,,,,,,,,,,,
1732483721255,00005,9,0,0,2,5,22.360731,91.000000,3,17.439652,82.000000,,,,,,,,,,,,,,,,,,,,,
1732483721355,00001,9,0,0,2,1,25.982299,99.000000,3,23.209030,93.000000,,,,,,,,,,,,,,,,,,,,,
1732483721355,00002,9,0,0,2,2,21.539371,90.000000,3,12.390087,71.000000,,,,,,,,,,,,,,,,,,,,,
1732483721355,00003,9,0,0,2,3,30.634592,108.000000,3,23.632859,94.000000,,,,,,,,,,,,,,,,,,,,,
1732483721355,00008,9,0,0,2,8,18.494237,84.000000,3,8.248100,63.000000,,,,,,,,,,,,,,,,,,,,,
1732483721355,00009,9,0,0,2,9,19.090048,85.000000,3,9.971396,66.000000,,,,,,,,,,,,,,,,,,,,,
1732483721355,00010,9,0,0,2,10,24.624196,96.000000,3,18.341124,83.000000,,,,,,,,,,,,,,,,,,,,,
1732483721355,00011,9,0,0,2,11,15.373345,77.000000,3,10.856265,68.000000,,,,,,,,,,,,,,,,,,,,,
1732483721355,00012,9,0,0,2,12,20.329065,87.000000,3,12.099236,71.000000,,,,,,,,,,,,,,,,,,,,,
1732483721355,00005,9,0,0,2,5,18.797484,84.000000,3,18.658711,84.000000,,,,,,,,,,,,,,,,,,,,,
1732483721455,00001,9,0,0,2,1,25.670220,98.000000,3,19.150581,85.000000,,,,,,,,,,,,,,,,,,,,,
1732483721455,00002,9,0,0,2,2,22.873954,92.000000,3,10.149735,67.000000,,,,,,,,,,,,,,,,,,,,,
1732483721455,00003,9,0,0,2,3,29.502496,106.000000,3,23.118939,93.000000,,,,,,,,,,,,,,,,,,,,,
1732483721455,00008,9,0,0,2,8,18.082017,83.000000,3,6.696126,60.000000,,,,,,,,,,,,,,,,,,,,,
1732483721455,00009,9,0,0,2,9,21.210701,89.000000,3,10.858449,68.000000,,,,,,,,,,,,,,,,,,,,,
1732483721455,00010,9,0,0,2,10,23.238039,93.000000,3,19.297996,85.000000,,,,,,,,,,,,,,,,,,,,,
1732483721455,00011,9,0,0,2,11,12.708039,72.000000,3,12.929799,72.000000,,,,,,,,,,,,,,,,,,,,,
1732483721455,00012,9,0,0,2,12,17.237538,81.000000,3,11.414459,69.000000,,,,,,,,,,,,,,,,,,,,,
1732483721455,00005,9,0,0,2,5,19.468338,86.000000,3,18.017162,83.000000,,,,,,,,,,,,,,,,,,,,,
1732483721555,00001,9,0,0,2,1,26.320978,99.000000,3,21.667368,90.000000,,,,,,,,,,,,,,,,,,,,,
1732483721555,00002,9,0,0,2,2,21.093724,89.000000,3,11.660731,70.000000,,,,,,,,,,,,,,,,,,,,,
1732483721555,00003,9,0,0,2,3,30.776017,108.000000,3,24.510759,96.000000,,,,,,,,,,,,,,,,,,,,,
1732483721555,00008,9,0,0,2,8,18.812941,84.000000,3,6.636976,60.000000,,,,,,,,,,,,,,,,,,,,,
1732483721555,00009,9,0,0,2,9,20.547193,88.000000,3,9.955911,66.000000,,,,,,,,,,,,,,,,,,,,,
1732483721555,00010,9,0,0,2,10,23.174441,93.000000,3,16.794968,80.000000,,,,,,,,,,,,,,,,,,,,,
1732483721555,00011,9,0,0,2,11,15.529587,78.000000,3,14.139850,75.000000,,,,,,,,,,,,,,,,,,,,,
1732483721555,00012,9,0,0,2,12,18.585819,84.000000,3,12.667920,72.000000,,,,,,,,,,,,,,,,,,,,,
1732483721555,00005,9,0,0,2,5,21.500685,90.000000,3,18.217620,83.000000,,,,,,,,,,,,,,,,,,,,,
1732483721655,00001,9,0,0,2,1,26.237734,99.000000,3,23.811343,94.000000,,,,,,,,,,,,,,,,,,,,,
1732483721655,00002,9,0,0,2,2,22.487456,92.000000,3,9.941881,66.000000,,,,,,,,,,,,,,,,,,,,,
1732483721655,00003,9,0,0,2,3,29.137218,105.000000,3,24.712583,96.000000,,,,,,,,,,,,,,,,,,,,,
1732483721655,00008,9,0,0,2,8,17.099315,81.000000,3,7.628136,62.000000,,,,,,,,,,,,,,,,,,,,,
1732483721655,00009,9,0,0,2,9,20.223273,87.000000,3,11.622864,70.000000,,,,,,,,,,,,,,,,,,,,,
1732483721655,00010,9,0,0,2,10,23.510101,94.000000,3,17.330279,81.000000,,,,,,,,,,,,,,,,,,,,,
1732483721655,00011,9,0,0,2,11,15.690958,78.000000,3,10.326294,67.000000,,,,,,,,,,,,,,,,,,,,,
1732483721655,00012,9,0,0,2,12,19.014607,85.000000,3,11.741004,70.000000,,,,,,,,,,,,,,,,,,,,,
1732483721655,00005,9,0,0,2,5,21.480371,90.000000,3,17.413228,81.000000,,,,,,,,,,,,,,,,,,,,,
1732483721755,00001,9,0,0,2,1,24.654139,96.000000,3,15.737408,78.000000,,,,,,,,,,,,,,,,,,,,,
1732483721755,00002,9,0,0,2,2,21.070024,89.000000,3,9.953880,66.000000,,,,,,,,,,,,,,,,,,,,,
1732483721755,00003,9,0,0,2,3,29.390886,106.000000,3,23.893506,95.000000,,,,,,,,,,,,,,,,,,,,,
1732483721755,00008,9,0,0,2,8,17.929207,83.000000,3,4.142988,55.000000,,,,,,,,,,,,,,,,,,,,,
1732483721755,00009,9,0,0,2,9,19.766150,86.000000,3,8.256967,63.000000,,,,,,,,,,,,,,,,,,,,,
1732483721755,00010,9,0,0,2,10,22.758610,92.000000,3,20.257972,87.000000,,,,,,,,,,,,,,,,,,,,,
1732483721755,00011,9,0,0,2,11,16.093816,79.000000,3,8.383592,63.000000,,,,,,,,,,,,,,,,,,,,,
1732483721755,00012,9,0,0,2,12,19.994774,87.000000,3,12.832329,72.000000,,,,,,,,,,,,,,,,,,,,,
1732483721755,00005,9,0,0,2,5,21.185811,89.000000,3,18.656800,84.000000,,,,,,,,,,,,,,,,,,,,,
1732483721855,00001,9,0,0,2,1,25.093097,97.000000,3,20.953236,89.000000,,,,,,,,,,,,,,,,,,,,,
1732483721855,00002,9,0,0,2,2,23.164120,93.000000,3,10.715510,68.000000,,,,,,,,,,,,,,,,,,,,,
1732483721855,00003,9,0,0,2,3,32.237353,111.000000,3,23.419841,94.000000,,,,,,,,,,,,,,,,,,,,,
1732483721855,00008,9,0,0,2,8,19.739613,86.000000,3,5.145986,57.000000,,,,,,,,,,,,,,,,,,,,,
1732483721855,00009,9,0,0,2,9,21.035837,89.000000,3,11.194979,69.000000,,,,,,,,,,,,,,,,,,,,,
1732483721855,00010,9,0,0,2,10,22.741029,92.000000,3,17.473603,82.000000,,,,,,,,,,,,,,,,,,,,,
1732483721855,00011,9,0,0,2,11,16.474995,80.000000,3,12.056011,71.000000,,,,,,,,,,,,,,,,,,,,,
1732483721855,00012,9,0,0,2,12,18.760424,84.000000,3,12.892943,72.000000,,,,,,,,,,,,,,,,,,,,,
1732483721855,00005,9,0,0,2,5,21.279671,89.000000,3,20.991096,89.000000,,,,,,,,,,,,,,,,,,,,,
1732483721955,00001,10,0,0,2,1,25.158585,97.000000,3,20.898663,88.000000,,,,,,,,,,,,,,,,,,,,,
1732483721955,00002,10,0,0,2,2,21.366239,89.000000,3,8.750358,64.000000,,,,,,,,,,,,,,,,,,,,,
1732483721955,00003,10,0,0,2,3,31.575484,110.000000,3,23.985612,95.000000,,,,,,,,,,,,,,,,,,,,,
1732483721955,00008,10,0,0,2,8,17.066484,81.000000,3,7.285077,61.000000,,,,,,,,,,,,,,,,,,,,,
1732483721955,00009,10,0,0,2,9,20.441839,88.000000,3,9.414844,65.000000,,,,,,,,,,,,,,,,,,,,,
1732483721955,00010,10,0,0,2,10,24.636932,96.000000,3,18.491126,84.000000,,,,,,,,,,,,,,,,,,,,,
1732483721955,00011,10,0,0,2,11,15.691520,78.000000,3,11.602820,70.000000,,,,,,,,,,,,,,,,,,,,,
1732483721955,00012,10,0,0,2,12,18.081174,83.000000,3,11.554942,70.000000,,,,,,,,,,,,,,,,,,,,,
1732483721955,00005,10,0,0,2,5,21.931402,91.000000,3,14.662819,76.000000,,,,,,,,,,,,,,,,,,,,,
1732483721955,00006,10,0,0,2,6,13.500146,74.000000,3,12.340278,71.000000,,,,,,,,,,,,,,,,,,,,,
1732483722055,00001,10,0,0,2,1,24.831430,96.000000,3,20.498192,88.000000,,,,,,,,,,,,,,,,,,,,,
1732483722055,00002,10,0,0,2,2,22.095764,91.000000,3,12.871253,72.000000,,,,,,,,,,,,,,,,,,,,,
1732483722055,00003,10,0,0,2,3,29.696643,106.000000,3,23.921555,95.000000,,,,,,,,,,,,,,,,,,,,,
1732483722055,00008,10,0,0,2,8,16.544626,80.000000,3,7.326758,61.000000,,,,,,,,,,,,,,,,,,,,,
1732483722055,00009,10,0,0,2,9,19.878508,86.000000,3,11.204784,69.000000,,,,,,,,,,,,,,,,,,,,,
1732483722055,00010,10,0,0,2,10,24.030234,95.000000,3,19.395702,85.000000,,,,,,,,,,,,,,,,,,,,,
1732483722055,00011,10,0,0,2,11,16.513933,80.000000,3,12.193236,71.000000,,,,,,,,,,,,,,,,,,,,,
1732483722055,00012,10,0,0,2,12,18.065240,83.000000,3,11.273147,69.000000,,,,,,,,,,,,,,,,,,,,,
1732483722055,00005,10,0,0,2,5,21.288935,89.000000,3,18.557042,84.000000,,,,,,,,,,,,,,,,,,,,,
1732483722055,00006,10,0,0,2,6,13.581894,74.000000,3,14.991253,77.000000,,,,,,,,,,,,,,,,,,,,,
1732483722155,00001,9,0,0,2,1,22.029558,91.000000,3,20.722125,88.000000,,,,,,,,,,,,,,,,,,,,,
1732483722155,00002,9,0,0,2,2,20.659915,88.000000,3,11.066342,69.000000,,,,,,,,,,,,,,,,,,,,,
1732483722155,00003,9,0,0,2,3,33.669623,114.000000,3,26.494937,100.000000,,,,,,,,,,,,,,,,,,,,,
1732483722155,00008,9,0,0,2,8,18.463127,84.000000,3,6.987271,60.000000,,,,,,,,,,,,,,,,,,,,,
1732483722155,00009,9,0,0,2,9,20.641907,88.000000,3,10.705428,68.000000,,,,,,,,,,,,,,,,,,,,,
1732483722155,00010,9,0,0,2,10,26.777287,100.000000,3,16.364393,79.000000,,,,,,,,,,,,,,,,,,,,,
1732483722155,00011,9,0,0,2,11,17.044027,81.000000,3,10.610029,68.000000,,,,,,,,,,,,,,,,,,,,,
1732483722155,00012,9,0,0,2,12,19.282227,85.000000,3,13.381898,73.000000,,,,,,,,,,,,,,,,,,,,,
1732483722155,00005,9,0,0,2,5,21.596549,90.000000,3,18.734533,84.000000,,,,,,,,,,,,,,,,,,,,,
