timestamp,ueImsiComplete,DRB.PdcpSduDelayDl (cellAverageLatency),m_pDCPBytesUL (0),m_pDCPBytesDL (cellDlTxVolume),DRB.PdcpSduVolumeDl_Filter.UEID (txBytes),Tot.PdcpSduNbrDl.UEID (txDlPackets),DRB.PdcpSduBitRateDl.UEID (pdcpThroughput),DRB.PdcpSduDelayDl.UEID (pdcpLatency),QosFlow.PdcpPduVolumeDL_Filter.UEID(txPdcpPduBytesNrRlc),DRB.PdcpPduNbrDl.Qos.UEID (txPdcpPduNrRlc)
1732483717355,00003,0.000000,0,0.000000,0.000000,0,0.000000,0.000000,,
1732483717355,00001,0.000000,0,0.000000,0.000000,0,0.000000,0.000000,,
1732483717355,00004,0.000000,0,0.000000,0.000000,0,0.000000,0.000000,,
1732483717355,00009,0.000000,0,0.000000,0.000000,0,0.000000,0.000000,,
1732483717355,00002,0.000000,0,0.000000,0.000000,0,0.000000,0.000000,,
1732483717355,00007,0.000000,0,0.000000,0.000000,0,0.000000,0.000000,,
1732483717355,00008,0.000000,0,0.000000,0.000000,0,0.000000,0.000000,,
1732483717355,00005,0.000000,0,0.000000,0.000000,0,0.000000,0.000000,,
1732483717355,00011,0.000000,0,0.000000,0.000000,0,0.000000,0.000000,,
1732483717355,00012,0.000000,0,0.000000,0.000000,0,0.000000,0.000000,,
1732483717355,00010,0.000000,0,0.000000,0.000000,0,0.000000,0.000000,,
1732483717355,00006,0.000000,0,0.000000,0.000000,0,0.000000,0.000000,,
1732483717455,00003,176.280933,0,22511.040000,1875.920000,179,18759.200000,436.748418,,
1732483717455,00001,176.280933,0,22511.040000,1875.920000,179,18759.200000,336.615774,,
1732483717455,00004,176.280933,0,22511.040000,1875.920000,179,18759.200000,405.180844,,
1732483717455,00009,176.280933,0,22511.040000,1875.920000,179,18759.200000,0.000000,,
1732483717455,00002,176.280933,0,22511.040000,1875.920000,179,18759.200000,271.713500,,
1732483717455,00007,176.280933,0,22511.040000,1875.920000,179,18759.200000,281.939339,,
1732483717455,00008,176.280933,0,22511.040000,1875.920000,179,18759.200000,0.000000,,
1732483717455,00005,176.280933,0,22511.040000,1875.920000,179,18759.200000,0.000000,,
1732483717455,00011,176.280933,0,22511.040000,1875.920000,179,18759.200000,0.000000,,
1732483717455,00012,176.280933,0,22511.040000,1875.920000,179,18759.200000,0.000000,,
1732483717455,00010,176.280933,0,22511.040000,1875.920000,179,18759.200000,0.000000,,
1732483717455,00006,176.280933,0,22511.040000,1875.920000,179,18759.200000,383.173315,,
1732483717555,00003,487.761615,0,25152.000000,2096.000000,200,20960.000000,981.712809,,
1732483717555,00001,487.761615,0,25152.000000,2096.000000,200,20960.000000,877.713253,,
1732483717555,00004,487.761615,0,25152.000000,2096.000000,200,20960.000000,1103.510072,,
1732483717555,00009,487.761615,0,25152.000000,2096.000000,200,20960.000000,0.000000,,
1732483717555,00002,487.761615,0,25152.000000,2096.000000,200,20960.000000,817.576252,,
1732483717555,00007,487.761615,0,25152.000000,2096.000000,200,20960.000000,793.862306,,
1732483717555,00008,487.761615,0,25152.000000,2096.000000,200,20960.000000,0.000000,,
1732483717555,00005,487.761615,0,25152.000000,2096.000000,200,20960.000000,0.000000,,
1732483717555,00011,487.761615,0,25152.000000,2096.000000,200,20960.000000,0.000000,,
1732483717555,00012,487.761615,0,25152.000000,2096.000000,200,20960.000000,0.000000,,
1732483717555,00010,487.761615,0,25152.000000,2096.000000,200,20960.000000,0.000000,,
1732483717555,00006,487.761615,0,25152.000000,2096.000000,200,20960.000000,1278.764686,,
1732483717655,00003,806.370600,0,25152.000000,2096.000000,200,20960.000000,1464.927387,,
1732483717655,00001,806.370600,0,25152.000000,2096.000000,200,20960.000000,1614.868356,,
1732483717655,00004,806.370600,0,25152.000000,2096.000000,200,20960.000000,1882.339791,,
1732483717655,00009,806.370600,0,25152.000000,2096.000000,200,20960.000000,0.000000,,
1732483717655,00002,806.370600,0,25152.000000,2096.000000,200,20960.000000,1315.416509,,
1732483717655,00007,806.370600,0,25152.000000,2096.000000,200,20960.000000,1360.240672,,
1732483717655,00008,806.370600,0,25152.000000,2096.000000,200,20960.000000,0.000000,,
1732483717655,00005,806.370600,0,25152.000000,2096.000000,200,20960.000000,0.000000,,
1732483717655,00011,806.370600,0,25152.000000,2096.000000,200,20960.000000,0.000000,,
1732483717655,00012,806.370600,0,25152.000000,2096.000000,200,20960.000000,0.000000,,
1732483717655,00010,806.370600,0,25152.000000,2096.000000,200,20960.000000,0.000000,,
1732483717655,00006,806.370600,0,25152.000000,2096.000000,200,20960.000000,2038.654480,,
1732483717755,00003,1144.099913,0,25152.000000,2096.000000,200,20960.000000,2102.755996,,
1732483717755,00001,1144.099913,0,25152.000000,2096.000000,200,20960.000000,2308.725147,,
1732483717755,00004,1144.099913,0,25152.000000,2096.000000,200,20960.000000,2577.612821,,
1732483717755,00009,1144.099913,0,25152.000000,2096.000000,200,20960.000000,0.000000,,
1732483717755,00002,1144.099913,0,25152.000000,2096.000000,200,20960.000000,1805.386334,,
1732483717755,00007,1144.099913,0,25152.000000,2096.000000,200,20960.000000,2002.964178,,
1732483717755,00008,1144.099913,0,25152.000000,2096.000000,200,20960.000000,0.000000,,
1732483717755,00005,1144.099913,0,25152.000000,2096.000000,200,20960.000000,0.000000,,
1732483717755,00011,1144.099913,0,25152.000000,2096.000000,200,20960.000000,0.000000,,
1732483717755,00012,1144.099913,0,25152.000000,2096.000000,200,20960.000000,0.000000,,
1732483717755,00010,1144.099913,0,25152.000000,2096.000000,200,20960.000000,0.000000,,
1732483717755,00006,1144.099913,0,25152.000000,2096.000000,200,20960.000000,2931.754480,,
1732483717855,00003,1485.181457,0,25152.000000,2096.000000,200,20960.000000,2813.104668,,
1732483717855,00001,1485.181457,0,25152.000000,2096.000000,200,20960.000000,2915.677120,,
1732483717855,00004,1485.181457,0,25152.000000,2096.000000,200,20960.000000,3582.971468,,
1732483717855,00009,1485.181457,0,25152.000000,2096.000000,200,20960.000000,0.000000,,
1732483717855,00002,1485.181457,0,25152.000000,2096.000000,200,20960.000000,2239.177784,,
1732483717855,00007,1485.181457,0,25152.000000,2096.000000,200,20960.000000,2584.333424,,
1732483717855,00008,1485.181457,0,25152.000000,2096.000000,200,20960.000000,0.000000,,
1732483717855,00005,1485.181457,0,25152.000000,2096.000000,200,20960.000000,0.000000,,
1732483717855,00011,1485.181457,0,25152.000000,2096.000000,200,20960.000000,0.000000,,
1732483717855,00012,1485.181457,0,25152.000000,2096.000000,200,20960.000000,0.000000,,
1732483717855,00010,1485.181457,0,25152.000000,2096.000000,200,20960.000000,0.000000,,
1732483717855,00006,1485.181457,0,25152.000000,2096.000000,200,20960.000000,3686.913022,,
1732483717955,00003,1788.368151,0,25152.000000,2096.000000,200,20960.000000,3408.522271,,
1732483717955,00001,1788.368151,0,25152.000000,2096.000000,200,20960.000000,3429.505965,,
1732483717955,00004,1788.368151,0,25152.000000,2096.000000,200,20960.000000,4208.157033,,
1732483717955,00009,1788.368151,0,25152.000000,2096.000000,200,20960.000000,0.000000,,
1732483717955,00002,1788.368151,0,25152.000000,2096.000000,200,20960.000000,2741.400360,,
1732483717955,00007,1788.368151,0,25152.000000,2096.000000,200,20960.000000,3205.458655,,
1732483717955,00008,1788.368151,0,25152.000000,2096.000000,200,20960.000000,0.000000,,
1732483717955,00005,1788.368151,0,25152.000000,2096.000000,200,20960.000000,0.000000,,
1732483717955,00011,1788.368151,0,25152.000000,2096.000000,200,20960.000000,0.000000,,
1732483717955,00012,1788.368151,0,25152.000000,2096.000000,200,20960.000000,0.000000,,
1732483717955,00010,1788.368151,0,25152.000000,2096.000000,200,20960.000000,0.000000,,
1732483717955,00006,1788.368151,0,25152.000000,2096.000000,200,20960.000000,4467.373533,,
1732483718055,00003,2130.549366,0,25152.000000,2096.000000,200,20960.000000,4052.171727,,
1732483718055,00001,2130.549366,0,25152.000000,2096.000000,200,20960.000000,4130.702308,,
1732483718055,00004,2130.549366,0,25152.000000,2096.000000,200,20960.000000,5201.776080,,
1732483718055,00009,2130.549366,0,25152.000000,2096.000000,200,20960.000000,0.000000,,
1732483718055,00002,2130.549366,0,25152.000000,2096.000000,200,20960.000000,3225.219371,,
1732483718055,00007,2130.549366,0,25152.000000,2096.000000,200,20960.000000,3702.271668,,
1732483718055,00008,2130.549366,0,25152.000000,2096.000000,200,20960.000000,0.000000,,
1732483718055,00005,2130.549366,0,25152.000000,2096.000000,200,20960.000000,0.000000,,
1732483718055,00011,2130.549366,0,25152.000000,2096.000000,200,20960.000000,0.000000,,
1732483718055,00012,2130.549366,0,25152.000000,2096.000000,200,20960.000000,0.000000,,
1732483718055,00010,2130.549366,0,25152.000000,2096.000000,200,20960.000000,0.000000,,
1732483718055,00006,2130.549366,0,25152.000000,2096.000000,200,20960.000000,5254.451232,,
1732483718155,00003,1938.255318,0,25152.000000,2096.000000,200,20960.000000,4646.255028,,
1732483718155,00001,1938.255318,0,25152.000000,2096.000000,200,20960.000000,4777.415627,,
1732483718155,00004,1938.255318,0,25152.000000,2096.000000,200,20960.000000,5979.704660,,
1732483718155,00009,1938.255318,0,25152.000000,2096.000000,200,20960.000000,0.000000,,
1732483718155,00002,1938.255318,0,25152.000000,2096.000000,200,20960.000000,3662.207706,,
1732483718155,00007,1938.255318,0,25152.000000,2096.000000,200,20960.000000,4193.480800,,
1732483718155,00008,1938.255318,0,25152.000000,2096.000000,200,20960.000000,0.000000,,
1732483718155,00005,1938.255318,0,25152.000000,2096.000000,200,20960.000000,0.000000,,
1732483718155,00011,1938.255318,0,25152.000000,2096.000000,200,20960.000000,0.000000,,
1732483718155,00012,1938.255318,0,25152.000000,2096.000000,200,20960.000000,0.000000,,
1732483718155,00010,1938.255318,0,25152.000000,2096.000000,200,20960.000000,0.000000,,
1732483718155,00006,1938.255318,0,25152.000000,2096.000000,200,20960.000000,0.000000,,
1732483718255,00003,592.564673,0,125.760000,10.480000,1,104.800000,0.000000,,
1732483718255,00001,592.564673,0,125.760000,10.480000,1,104.800000,0.000000,,
1732483718255,00004,592.564673,0,125.760000,10.480000,1,104.800000,7110.776080,,
1732483718255,00009,592.564673,0,125.760000,10.480000,1,104.800000,0.000000,,
1732483718255,00002,592.564673,0,125.760000,10.480000,1,104.800000,0.000000,,
1732483718255,00007,592.564673,0,125.760000,10.480000,1,104.800000,0.000000,,
1732483718255,00008,592.564673,0,125.760000,10.480000,1,104.800000,0.000000,,
1732483718255,00005,592.564673,0,125.760000,10.480000,1,104.800000,0.000000,,
1732483718255,00011,592.564673,0,125.760000,10.480000,1,104.800000,0.000000,,
1732483718255,00012,592.564673,0,125.760000,10.480000,1,104.800000,0.000000,,
1732483718255,00010,592.564673,0,125.760000,10.480000,1,104.800000,0.000000,,
1732483718255,00006,592.564673,0,125.760000,10.480000,1,104.800000,0.000000,,
1732483718355,00003,3101.054992,0,25152.000000,2096.000000,200,20960.000000,5829.670813,,
1732483718355,00001,3101.054992,0,25152.000000,2096.000000,200,20960.000000,6248.272766,,
1732483718355,00004,3101.054992,0,25152.000000,2096.000000,200,20960.000000,7601.847509,,
1732483718355,00009,3101.054992,0,25152.000000,2096.000000,200,20960.000000,0.000000,,
1732483718355,00002,3101.054992,0,25152.000000,2096.000000,200,20960.000000,4608.063554,,
1732483718355,00007,3101.054992,0,25152.000000,2096.000000,200,20960.000000,5229.884116,,
1732483718355,00008,3101.054992,0,25152.000000,2096.000000,200,20960.000000,0.000000,,
1732483718355,00005,3101.054992,0,25152.000000,2096.000000,200,20960.000000,0.000000,,
1732483718355,00011,3101.054992,0,25152.000000,2096.000000,200,20960.000000,0.000000,,
1732483718355,00012,3101.054992,0,25152.000000,2096.000000,200,20960.000000,0.000000,,
1732483718355,00010,3101.054992,0,25152.000000,2096.000000,200,20960.000000,0.000000,,
1732483718355,00006,3101.054992,0,25152.000000,2096.000000,200,20960.000000,7694.921147,,
1732483718455,00003,4298.585720,0,25152.000000,2096.000000,200,20960.000000,6439.624602,,
1732483718455,00001,4298.585720,0,25152.000000,2096.000000,200,20960.000000,6849.883162,,
1732483718455,00004,4298.585720,0,25152.000000,2096.000000,200,20960.000000,8322.406337,,
1732483718455,00009,4298.585720,0,25152.000000,2096.000000,200,20960.000000,0.000000,,
1732483718455,00002,4298.585720,0,25152.000000,2096.000000,200,20960.000000,5091.065541,,
1732483718455,00007,4298.585720,0,25152.000000,2096.000000,200,20960.000000,5805.159270,,
1732483718455,00008,4298.585720,0,25152.000000,2096.000000,200,20960.000000,0.000000,,
1732483718455,00005,4298.585720,0,25152.000000,2096.000000,200,20960.000000,10490.412716,,
1732483718455,00011,4298.585720,0,25152.000000,2096.000000,200,20960.000000,0.000000,,
1732483718455,00012,4298.585720,0,25152.000000,2096.000000,200,20960.000000,0.000000,,
1732483718455,00010,4298.585720,0,25152.000000,2096.000000,200,20960.000000,0.000000,,
1732483718455,00006,4298.585720,0,25152.000000,2096.000000,200,20960.000000,8584.477009,,
1732483718555,00003,4575.605815,0,25152.000000,2096.000000,200,20960.000000,6817.367681,,
1732483718555,00001,4575.605815,0,25152.000000,2096.000000,200,20960.000000,7584.255256,,
1732483718555,00004,4575.605815,0,25152.000000,2096.000000,200,20960.000000,8695.740370,,
1732483718555,00009,4575.605815,0,25152.000000,2096.000000,200,20960.000000,0.000000,,
1732483718555,00002,4575.605815,0,25152.000000,2096.000000,200,20960.000000,5535.083400,,
1732483718555,00007,4575.605815,0,25152.000000,2096.000000,200,20960.000000,6334.530064,,
1732483718555,00008,4575.605815,0,25152.000000,2096.000000,200,20960.000000,0.000000,,
1732483718555,00005,4575.605815,0,25152.000000,2096.000000,200,20960.000000,10771.854000,,
1732483718555,00011,4575.605815,0,25152.000000,2096.000000,200,20960.000000,0.000000,,
1732483718555,00012,4575.605815,0,25152.000000,2096.000000,200,20960.000000,0.000000,,
1732483718555,00010,4575.605815,0,25152.000000,2096.000000,200,20960.000000,0.000000,,
1732483718555,00006,4575.605815,0,25152.000000,2096.000000,200,20960.000000,9168.439013,,
1732483718655,00003,4979.688997,0,25152.000000,2096.000000,200,20960.000000,7404.342559,,
1732483718655,00001,4979.688997,0,25152.000000,2096.000000,200,20960.000000,8223.620990,,
1732483718655,00004,4979.688997,0,25152.000000,2096.000000,200,20960.000000,9663.243613,,
1732483718655,00009,4979.688997,0,25152.000000,2096.000000,200,20960.000000,0.000000,,
1732483718655,00002,4979.688997,0,25152.000000,2096.000000,200,20960.000000,6131.826257,,
1732483718655,00007,4979.688997,0,25152.000000,2096.000000,200,20960.000000,6839.614224,,
1732483718655,00008,4979.688997,0,25152.000000,2096.000000,200,20960.000000,0.000000,,
1732483718655,00005,4979.688997,0,25152.000000,2096.000000,200,20960.000000,11453.058150,,
1732483718655,00011,4979.688997,0,25152.000000,2096.000000,200,20960.000000,0.000000,,
1732483718655,00012,4979.688997,0,25152.000000,2096.000000,200,20960.000000,0.000000,,
1732483718655,00010,4979.688997,0,25152.000000,2096.000000,200,20960.000000,0.000000,,
1732483718655,00006,4979.688997,0,25152.000000,2096.000000,200,20960.000000,10040.562172,,
1732483718755,00003,5329.738032,0,25152.000000,2096.000000,200,20960.000000,7901.817729,,
1732483718755,00001,5329.738032,0,25152.000000,2096.000000,200,20960.000000,8788.454594,,
1732483718755,00004,5329.738032,0,25152.000000,2096.000000,200,20960.000000,10333.317295,,
1732483718755,00009,5329.738032,0,25152.000000,2096.000000,200,20960.000000,0.000000,,
1732483718755,00002,5329.738032,0,25152.000000,2096.000000,200,20960.000000,6758.000068,,
1732483718755,00007,5329.738032,0,25152.000000,2096.000000,200,20960.000000,7341.944983,,
1732483718755,00008,5329.738032,0,25152.000000,2096.000000,200,20960.000000,0.000000,,
1732483718755,00005,5329.738032,0,25152.000000,2096.000000,200,20960.000000,12089.158150,,
1732483718755,00011,5329.738032,0,25152.000000,2096.000000,200,20960.000000,0.000000,,
1732483718755,00012,5329.738032,0,25152.000000,2096.000000,200,20960.000000,0.000000,,
1732483718755,00010,5329.738032,0,25152.000000,2096.000000,200,20960.000000,0.000000,,
1732483718755,00006,5329.738032,0,25152.000000,2096.000000,200,20960.000000,10744.163571,,
1732483718855,00003,5715.786215,0,25152.000000,2096.000000,200,20960.000000,8534.104288,,
1732483718855,00001,5715.786215,0,25152.000000,2096.000000,200,20960.000000,9365.987063,,
1732483718855,00004,5715.786215,0,25152.000000,2096.000000,200,20960.000000,11052.752282,,
1732483718855,00009,5715.786215,0,25152.000000,2096.000000,200,20960.000000,0.000000,,
1732483718855,00002,5715.786215,0,25152.000000,2096.000000,200,20960.000000,7276.018052,,
1732483718855,00007,5715.786215,0,25152.000000,2096.000000,200,20960.000000,7806.789292,,
1732483718855,00008,5715.786215,0,25152.000000,2096.000000,200,20960.000000,0.000000,,
1732483718855,00005,5715.786215,0,25152.000000,2096.000000,200,20960.000000,12915.529118,,
1732483718855,00011,5715.786215,0,25152.000000,2096.000000,200,20960.000000,0.000000,,
1732483718855,00012,5715.786215,0,25152.000000,2096.000000,200,20960.000000,0.000000,,
1732483718855,00010,5715.786215,0,25152.000000,2096.000000,200,20960.000000,0.000000,,
1732483718855,00006,5715.786215,0,25152.000000,2096.000000,200,20960.000000,11638.254480,,
1732483718955,00003,6072.824416,0,25152.000000,2096.000000,200,20960.000000,9086.830252,,
1732483718955,00001,6072.824416,0,25152.000000,2096.000000,200,20960.000000,9896.546988,,
1732483718955,00004,6072.824416,0,25152.000000,2096.000000,200,20960.000000,11797.680848,,
1732483718955,00009,6072.824416,0,25152.000000,2096.000000,200,20960.000000,0.000000,,
1732483718955,00002,6072.824416,0,25152.000000,2096.000000,200,20960.000000,7822.716841,,
1732483718955,00007,6072.824416,0,25152.000000,2096.000000,200,20960.000000,8273.857794,,
1732483718955,00008,6072.824416,0,25152.000000,2096.000000,200,20960.000000,0.000000,,
1732483718955,00005,6072.824416,0,25152.000000,2096.000000,200,20960.000000,13581.563991,,
1732483718955,00011,6072.824416,0,25152.000000,2096.000000,200,20960.000000,0.000000,,
1732483718955,00012,6072.824416,0,25152.000000,2096.000000,200,20960.000000,0.000000,,
1732483718955,00010,6072.824416,0,25152.000000,2096.000000,200,20960.000000,0.000000,,
1732483718955,00006,6072.824416,0,25152.000000,2096.000000,200,20960.000000,12414.696284,,
1732483719055,00003,6466.919964,0,25152.000000,2096.000000,200,20960.000000,9743.108312,,
1732483719055,00001,6466.919964,0,25152.000000,2096.000000,200,20960.000000,10595.547721,,
1732483719055,00004,6466.919964,0,25152.000000,2096.000000,200,20960.000000,12546.282033,,
1732483719055,00009,6466.919964,0,25152.000000,2096.000000,200,20960.000000,0.000000,,
1732483719055,00002,6466.919964,0,25152.000000,2096.000000,200,20960.000000,8405.264555,,
1732483719055,00007,6466.919964,0,25152.000000,2096.000000,200,20960.000000,8774.221941,,
1732483719055,00008,6466.919964,0,25152.000000,2096.000000,200,20960.000000,0.000000,,
1732483719055,00005,6466.919964,0,25152.000000,2096.000000,200,20960.000000,14285.717667,,
1732483719055,00011,6466.919964,0,25152.000000,2096.000000,200,20960.000000,0.000000,,
1732483719055,00012,6466.919964,0,25152.000000,2096.000000,200,20960.000000,0.000000,,
1732483719055,00010,6466.919964,0,25152.000000,2096.000000,200,20960.000000,0.000000,,
1732483719055,00006,6466.919964,0,25152.000000,2096.000000,200,20960.000000,13252.897343,,
1732483719155,00003,6831.393760,0,25152.000000,2096.000000,200,20960.000000,10397.629150,,
1732483719155,00001,6831.393760,0,25152.000000,2096.000000,200,20960.000000,11142.793262,,
1732483719155,00004,6831.393760,0,25152.000000,2096.000000,200,20960.000000,13361.326995,,
1732483719155,00009,6831.393760,0,25152.000000,2096.000000,200,20960.000000,0.000000,,
1732483719155,00002,6831.393760,0,25152.000000,2096.000000,200,20960.000000,8917.921180,,
1732483719155,00007,6831.393760,0,25152.000000,2096.000000,200,20960.000000,9262.903635,,
1732483719155,00008,6831.393760,0,25152.000000,2096.000000,200,20960.000000,0.000000,,
1732483719155,00005,6831.393760,0,25152.000000,2096.000000,200,20960.000000,14934.415753,,
1732483719155,00011,6831.393760,0,25152.000000,2096.000000,200,20960.000000,0.000000,,
1732483719155,00012,6831.393760,0,25152.000000,2096.000000,200,20960.000000,0.000000,,
1732483719155,00010,6831.393760,0,25152.000000,2096.000000,200,20960.000000,0.000000,,
1732483719155,00006,6831.393760,0,25152.000000,2096.000000,200,20960.000000,13959.735140,,
1732483719255,00003,0.000000,0,125.760000,10.480000,1,104.800000,0.000000,,
1732483719255,00001,0.000000,0,125.760000,10.480000,1,104.800000,0.000000,,
1732483719255,00004,0.000000,0,125.760000,10.480000,1,104.800000,0.000000,,
1732483719255,00009,0.000000,0,125.760000,10.480000,1,104.800000,0.000000,,
1732483719255,00002,0.000000,0,125.760000,10.480000,1,104.800000,0.000000,,
1732483719255,00007,0.000000,0,125.760000,10.480000,1,104.800000,0.000000,,
1732483719255,00008,0.000000,0,125.760000,10.480000,1,104.800000,0.000000,,
1732483719255,00005,0.000000,0,125.760000,10.480000,1,104.800000,0.000000,,
1732483719255,00011,0.000000,0,125.760000,10.480000,1,104.800000,0.000000,,
1732483719255,00012,0.000000,0,125.760000,10.480000,1,104.800000,0.000000,,
1732483719255,00010,0.000000,0,125.760000,10.480000,1,104.800000,0.000000,,
1732483719255,00006,0.000000,0,125.760000,10.480000,1,104.800000,0.000000,,
1732483719355,00003,7565.800295,0,25152.000000,2096.000000,200,20960.000000,11552.960007,,
1732483719355,00001,7565.800295,0,25152.000000,2096.000000,200,20960.000000,12337.788300,,
1732483719355,00004,7565.800295,0,25152.000000,2096.000000,200,20960.000000,14774.848894,,
1732483719355,00009,7565.800295,0,25152.000000,2096.000000,200,20960.000000,0.000000,,
1732483719355,00002,7565.800295,0,25152.000000,2096.000000,200,20960.000000,9948.998384,,
1732483719355,00007,7565.800295,0,25152.000000,2096.000000,200,20960.000000,10217.595329,,
1732483719355,00008,7565.800295,0,25152.000000,2096.000000,200,20960.000000,0.000000,,
1732483719355,00005,7565.800295,0,25152.000000,2096.000000,200,20960.000000,16317.908146,,
1732483719355,00011,7565.800295,0,25152.000000,2096.000000,200,20960.000000,0.000000,,
1732483719355,00012,7565.800295,0,25152.000000,2096.000000,200,20960.000000,0.000000,,
1732483719355,00010,7565.800295,0,25152.000000,2096.000000,200,20960.000000,0.000000,,
1732483719355,00006,7565.800295,0,25152.000000,2096.000000,200,20960.000000,15639.504480,,
1732483719455,00003,7938.590258,0,25152.000000,2096.000000,200,20960.000000,12192.350479,,
1732483719455,00001,7938.590258,0,25152.000000,2096.000000,200,20960.000000,12959.679917,,
1732483719455,00004,7938.590258,0,25152.000000,2096.000000,200,20960.000000,15473.052873,,
1732483719455,00009,7938.590258,0,25152.000000,2096.000000,200,20960.000000,0.000000,,
1732483719455,00002,7938.590258,0,25152.000000,2096.000000,200,20960.000000,10487.793618,,
1732483719455,00007,7938.590258,0,25152.000000,2096.000000,200,20960.000000,10685.760169,,
1732483719455,00008,7938.590258,0,25152.000000,2096.000000,200,20960.000000,0.000000,,
1732483719455,00005,7938.590258,0,25152.000000,2096.000000,200,20960.000000,16959.048699,,
1732483719455,00011,7938.590258,0,25152.000000,2096.000000,200,20960.000000,0.000000,,
1732483719455,00012,7938.590258,0,25152.000000,2096.000000,200,20960.000000,0.000000,,
1732483719455,00010,7938.590258,0,25152.000000,2096.000000,200,20960.000000,0.000000,,
1732483719455,00006,7938.590258,0,25152.000000,2096.000000,200,20960.000000,16505.397337,,
1732483719555,00003,8332.684489,0,25152.000000,2096.000000,200,20960.000000,12794.218263,,
1732483719555,00001,8332.684489,0,25152.000000,2096.000000,200,20960.000000,13496.510665,,
1732483719555,00004,8332.684489,0,25152.000000,2096.000000,200,20960.000000,16388.088116,,
1732483719555,00009,8332.684489,0,25152.000000,2096.000000,200,20960.000000,0.000000,,
1732483719555,00002,8332.684489,0,25152.000000,2096.000000,200,20960.000000,11185.897351,,
1732483719555,00007,8332.684489,0,25152.000000,2096.000000,200,20960.000000,11206.686544,,
1732483719555,00008,8332.684489,0,25152.000000,2096.000000,200,20960.000000,0.000000,,
1732483719555,00005,8332.684489,0,25152.000000,2096.000000,200,20960.000000,17729.381360,,
1732483719555,00011,8332.684489,0,25152.000000,2096.000000,200,20960.000000,0.000000,,
1732483719555,00012,8332.684489,0,25152.000000,2096.000000,200,20960.000000,0.000000,,
1732483719555,00010,8332.684489,0,25152.000000,2096.000000,200,20960.000000,0.000000,,
1732483719555,00006,8332.684489,0,25152.000000,2096.000000,200,20960.000000,17191.431571,,
1732483719655,00003,8664.915034,0,25152.000000,2096.000000,200,20960.000000,13416.382127,,
1732483719655,00001,8664.915034,0,25152.000000,2096.000000,200,20960.000000,13979.660521,,
1732483719655,00004,8664.915034,0,25152.000000,2096.000000,200,20960.000000,16928.728467,,
1732483719655,00009,8664.915034,0,25152.000000,2096.000000,200,20960.000000,0.000000,,
1732483719655,00002,8664.915034,0,25152.000000,2096.000000,200,20960.000000,11705.146890,,
1732483719655,00007,8664.915034,0,25152.000000,2096.000000,200,20960.000000,11681.352157,,
1732483719655,00008,8664.915034,0,25152.000000,2096.000000,200,20960.000000,0.000000,,
1732483719655,00005,8664.915034,0,25152.000000,2096.000000,200,20960.000000,18354.336717,,
1732483719655,00011,8664.915034,0,25152.000000,2096.000000,200,20960.000000,0.000000,,
1732483719655,00012,8664.915034,0,25152.000000,2096.000000,200,20960.000000,0.000000,,
1732483719655,00010,8664.915034,0,25152.000000,2096.000000,200,20960.000000,0.000000,,
1732483719655,00006,8664.915034,0,25152.000000,2096.000000,200,20960.000000,17913.373533,,
1732483719755,00003,9063.246018,0,25152.000000,2096.000000,200,20960.000000,13996.934375,,
1732483719755,00001,9063.246018,0,25152.000000,2096.000000,200,20960.000000,14767.594194,,
1732483719755,00004,9063.246018,0,25152.000000,2096.000000,200,20960.000000,17952.276085,,
1732483719755,00009,9063.246018,0,25152.000000,2096.000000,200,20960.000000,0.000000,,
1732483719755,00002,9063.246018,0,25152.000000,2096.000000,200,20960.000000,12152.143586,,
1732483719755,00007,9063.246018,0,25152.000000,2096.000000,200,20960.000000,12160.156281,,
1732483719755,00008,9063.246018,0,25152.000000,2096.000000,200,20960.000000,0.000000,,
1732483719755,00005,9063.246018,0,25152.000000,2096.000000,200,20960.000000,19008.557496,,
1732483719755,00011,9063.246018,0,25152.000000,2096.000000,200,20960.000000,0.000000,,
1732483719755,00012,9063.246018,0,25152.000000,2096.000000,200,20960.000000,0.000000,,
1732483719755,00010,9063.246018,0,25152.000000,2096.000000,200,20960.000000,0.000000,,
1732483719755,00006,9063.246018,0,25152.000000,2096.000000,200,20960.000000,18721.290200,,
1732483719855,00003,9454.321189,0,25152.000000,2096.000000,200,20960.000000,14659.634542,,
1732483719855,00001,9454.321189,0,25152.000000,2096.000000,200,20960.000000,15356.907817,,
1732483719855,00004,9454.321189,0,25152.000000,2096.000000,200,20960.000000,18651.971139,,
1732483719855,00009,9454.321189,0,25152.000000,2096.000000,200,20960.000000,0.000000,,
1732483719855,00002,9454.321189,0,25152.000000,2096.000000,200,20960.000000,12789.564106,,
1732483719855,00007,9454.321189,0,25152.000000,2096.000000,200,20960.000000,12664.031777,,
1732483719855,00008,9454.321189,0,25152.000000,2096.000000,200,20960.000000,0.000000,,
1732483719855,00005,9454.321189,0,25152.000000,2096.000000,200,20960.000000,19773.633254,,
1732483719855,00011,9454.321189,0,25152.000000,2096.000000,200,20960.000000,0.000000,,
1732483719855,00012,9454.321189,0,25152.000000,2096.000000,200,20960.000000,0.000000,,
1732483719855,00010,9454.321189,0,25152.000000,2096.000000,200,20960.000000,0.000000,,
1732483719855,00006,9454.321189,0,25152.000000,2096.000000,200,20960.000000,19556.111629,,
1732483719955,00003,9806.921546,0,25152.000000,2096.000000,200,20960.000000,15241.757541,,
1732483719955,00001,9806.921546,0,25152.000000,2096.000000,200,20960.000000,15933.020787,,
1732483719955,00004,9806.921546,0,25152.000000,2096.000000,200,20960.000000,19343.245474,,
1732483719955,00009,9806.921546,0,25152.000000,2096.000000,200,20960.000000,0.000000,,
1732483719955,00002,9806.921546,0,25152.000000,2096.000000,200,20960.000000,13347.362313,,
1732483719955,00007,9806.921546,0,25152.000000,2096.000000,200,20960.000000,13064.735812,,
1732483719955,00008,9806.921546,0,25152.000000,2096.000000,200,20960.000000,0.000000,,
1732483719955,00005,9806.921546,0,25152.000000,2096.000000,200,20960.000000,20389.870111,,
1732483719955,00011,9806.921546,0,25152.000000,2096.000000,200,20960.000000,0.000000,,
1732483719955,00012,9806.921546,0,25152.000000,2096.000000,200,20960.000000,0.000000,,
1732483719955,00010,9806.921546,0,25152.000000,2096.000000,200,20960.000000,0.000000,,
1732483719955,00006,9806.921546,0,25152.000000,2096.000000,200,20960.000000,20363.066517,,
1732483720055,00003,10119.945572,0,25152.000000,2096.000000,200,20960.000000,15627.407764,,
1732483720055,00001,10119.945572,0,25152.000000,2096.000000,200,20960.000000,16399.160757,,
1732483720055,00004,10119.945572,0,25152.000000,2096.000000,200,20960.000000,20185.914979,,
1732483720055,00009,10119.945572,0,25152.000000,2096.000000,200,20960.000000,0.000000,,
1732483720055,00002,10119.945572,0,25152.000000,2096.000000,200,20960.000000,13901.990693,,
1732483720055,00007,10119.945572,0,25152.000000,2096.000000,200,20960.000000,13358.991137,,
1732483720055,00008,10119.945572,0,25152.000000,2096.000000,200,20960.000000,0.000000,,
1732483720055,00005,10119.945572,0,25152.000000,2096.000000,200,20960.000000,20855.715284,,
1732483720055,00011,10119.945572,0,25152.000000,2096.000000,200,20960.000000,0.000000,,
1732483720055,00012,10119.945572,0,25152.000000,2096.000000,200,20960.000000,0.000000,,
1732483720055,00010,10119.945572,0,25152.000000,2096.000000,200,20960.000000,0.000000,,
1732483720055,00006,10119.945572,0,25152.000000,2096.000000,200,20960.000000,21110.166251,,
1732483720155,00003,10503.145554,0,25152.000000,2096.000000,200,20960.000000,16251.205607,,
1732483720155,00001,10503.145554,0,25152.000000,2096.000000,200,20960.000000,17008.807261,,
1732483720155,00004,10503.145554,0,25152.000000,2096.000000,200,20960.000000,21143.514187,,
1732483720155,00009,10503.145554,0,25152.000000,2096.000000,200,20960.000000,0.000000,,
1732483720155,00002,10503.145554,0,25152.000000,2096.000000,200,20960.000000,14473.558103,,
1732483720155,00007,10503.145554,0,25152.000000,2096.000000,200,20960.000000,13901.633611,,
1732483720155,00008,10503.145554,0,25152.000000,2096.000000,200,20960.000000,0.000000,,
1732483720155,00005,10503.145554,0,25152.000000,2096.000000,200,20960.000000,21568.362685,,
1732483720155,00011,10503.145554,0,25152.000000,2096.000000,200,20960.000000,0.000000,,
1732483720155,00012,10503.145554,0,25152.000000,2096.000000,200,20960.000000,0.000000,,
1732483720155,00010,10503.145554,0,25152.000000,2096.000000,200,20960.000000,0.000000,,
1732483720155,00006,10503.145554,0,25152.000000,2096.000000,200,20960.000000,21690.665200,,
1732483720255,00003,0.000000,0,125.760000,10.480000,1,104.800000,0.000000,,
1732483720255,00001,0.000000,0,125.760000,10.480000,1,104.800000,0.000000,,
1732483720255,00004,0.000000,0,125.760000,10.480000,1,104.800000,0.000000,,
1732483720255,00009,0.000000,0,125.760000,10.480000,1,104.800000,0.000000,,
1732483720255,00002,0.000000,0,125.760000,10.480000,1,104.800000,0.000000,,
1732483720255,00007,0.000000,0,125.760000,10.480000,1,104.800000,0.000000,,
1732483720255,00008,0.000000,0,125.760000,10.480000,1,104.800000,0.000000,,
1732483720255,00005,0.000000,0,125.760000,10.480000,1,104.800000,0.000000,,
1732483720255,00011,0.000000,0,125.760000,10.480000,1,104.800000,0.000000,,
1732483720255,00012,0.000000,0,125.760000,10.480000,1,104.800000,0.000000,,
1732483720255,00010,0.000000,0,125.760000,10.480000,1,104.800000,0.000000,,
1732483720255,00006,0.000000,0,125.760000,10.480000,1,104.800000,0.000000,,
1732483720355,00003,11279.644353,0,25152.000000,2096.000000,200,20960.000000,17453.913180,,
1732483720355,00001,11279.644353,0,25152.000000,2096.000000,200,20960.000000,18256.857593,,
1732483720355,00004,11279.644353,0,25152.000000,2096.000000,200,20960.000000,22672.472520,,
1732483720355,00009,11279.644353,0,25152.000000,2096.000000,200,20960.000000,0.000000,,
1732483720355,00002,11279.644353,0,25152.000000,2096.000000,200,20960.000000,15591.111625,,
1732483720355,00007,11279.644353,0,25152.000000,2096.000000,200,20960.000000,14868.842643,,
1732483720355,00008,11279.644353,0,25152.000000,2096.000000,200,20960.000000,0.000000,,
1732483720355,00005,11279.644353,0,25152.000000,2096.000000,200,20960.000000,22995.951618,,
1732483720355,00011,11279.644353,0,25152.000000,2096.000000,200,20960.000000,0.000000,,
1732483720355,00012,11279.644353,0,25152.000000,2096.000000,200,20960.000000,0.000000,,
1732483720355,00010,11279.644353,0,25152.000000,2096.000000,200,20960.000000,0.000000,,
1732483720355,00006,11279.644353,0,25152.000000,2096.000000,200,20960.000000,23516.583056,,
1732483720455,00003,11642.550628,0,25152.000000,2096.000000,200,20960.000000,18042.545950,,
1732483720455,00001,11642.550628,0,25152.000000,2096.000000,200,20960.000000,18832.408340,,
1732483720455,00004,11642.550628,0,25152.000000,2096.000000,200,20960.000000,23528.461276,,
1732483720455,00009,11642.550628,0,25152.000000,2096.000000,200,20960.000000,0.000000,,
1732483720455,00002,11642.550628,0,25152.000000,2096.000000,200,20960.000000,16112.343444,,
1732483720455,00007,11642.550628,0,25152.000000,2096.000000,200,20960.000000,15268.513950,,
1732483720455,00008,11642.550628,0,25152.000000,2096.000000,200,20960.000000,0.000000,,
1732483720455,00005,11642.550628,0,25152.000000,2096.000000,200,20960.000000,23603.913428,,
1732483720455,00011,11642.550628,0,25152.000000,2096.000000,200,20960.000000,0.000000,,
1732483720455,00012,11642.550628,0,25152.000000,2096.000000,200,20960.000000,0.000000,,
1732483720455,00010,11642.550628,0,25152.000000,2096.000000,200,20960.000000,0.000000,,
1732483720455,00006,11642.550628,0,25152.000000,2096.000000,200,20960.000000,24322.421147,,
1732483720555,00003,12037.134760,0,25152.000000,2096.000000,200,20960.000000,18733.873140,,
1732483720555,00001,12037.134760,0,25152.000000,2096.000000,200,20960.000000,19489.783359,,
1732483720555,00004,12037.134760,0,25152.000000,2096.000000,200,20960.000000,24318.894222,,
1732483720555,00009,12037.134760,0,25152.000000,2096.000000,200,20960.000000,0.000000,,
1732483720555,00002,12037.134760,0,25152.000000,2096.000000,200,20960.000000,16688.039749,,
1732483720555,00007,12037.134760,0,25152.000000,2096.000000,200,20960.000000,15794.344333,,
1732483720555,00008,12037.134760,0,25152.000000,2096.000000,200,20960.000000,0.000000,,
1732483720555,00005,12037.134760,0,25152.000000,2096.000000,200,20960.000000,24330.642128,,
1732483720555,00011,12037.134760,0,25152.000000,2096.000000,200,20960.000000,0.000000,,
1732483720555,00012,12037.134760,0,25152.000000,2096.000000,200,20960.000000,0.000000,,
1732483720555,00010,12037.134760,0,25152.000000,2096.000000,200,20960.000000,0.000000,,
1732483720555,00006,12037.134760,0,25152.000000,2096.000000,200,20960.000000,25090.040194,,
1732483720655,00003,12369.981804,0,25152.000000,2096.000000,200,20960.000000,19188.964408,,
1732483720655,00001,12369.981804,0,25152.000000,2096.000000,200,20960.000000,20072.769526,,
1732483720655,00004,12369.981804,0,25152.000000,2096.000000,200,20960.000000,25067.091021,,
1732483720655,00009,12369.981804,0,25152.000000,2096.000000,200,20960.000000,0.000000,,
1732483720655,00002,12369.981804,0,25152.000000,2096.000000,200,20960.000000,17241.314604,,
1732483720655,00007,12369.981804,0,25152.000000,2096.000000,200,20960.000000,16173.030387,,
1732483720655,00008,12369.981804,0,25152.000000,2096.000000,200,20960.000000,0.000000,,
1732483720655,00005,12369.981804,0,25152.000000,2096.000000,200,20960.000000,24949.752300,,
1732483720655,00011,12369.981804,0,25152.000000,2096.000000,200,20960.000000,0.000000,,
1732483720655,00012,12369.981804,0,25152.000000,2096.000000,200,20960.000000,0.000000,,
1732483720655,00010,12369.981804,0,25152.000000,2096.000000,200,20960.000000,0.000000,,
1732483720655,00006,12369.981804,0,25152.000000,2096.000000,200,20960.000000,25746.859398,,
1732483720755,00003,12719.319109,0,25152.000000,2096.000000,200,20960.000000,19755.227364,,
1732483720755,00001,12719.319109,0,25152.000000,2096.000000,200,20960.000000,20732.974014,,
1732483720755,00004,12719.319109,0,25152.000000,2096.000000,200,20960.000000,25715.745298,,
1732483720755,00009,12719.319109,0,25152.000000,2096.000000,200,20960.000000,0.000000,,
1732483720755,00002,12719.319109,0,25152.000000,2096.000000,200,20960.000000,17847.720180,,
1732483720755,00007,12719.319109,0,25152.000000,2096.000000,200,20960.000000,16694.130777,,
1732483720755,00008,12719.319109,0,25152.000000,2096.000000,200,20960.000000,0.000000,,
1732483720755,00005,12719.319109,0,25152.000000,2096.000000,200,20960.000000,25422.015290,,
1732483720755,00011,12719.319109,0,25152.000000,2096.000000,200,20960.000000,0.000000,,
1732483720755,00012,12719.319109,0,25152.000000,2096.000000,200,20960.000000,0.000000,,
1732483720755,00010,12719.319109,0,25152.000000,2096.000000,200,20960.000000,0.000000,,
1732483720755,00006,12719.319109,0,25152.000000,2096.000000,200,20960.000000,26464.016387,,
1732483720855,00003,13133.912606,0,25152.000000,2096.000000,200,20960.000000,20400.675283,,
1732483720855,00001,13133.912606,0,25152.000000,2096.000000,200,20960.000000,21331.460654,,
1732483720855,00004,13133.912606,0,25152.000000,2096.000000,200,20960.000000,26545.240370,,
1732483720855,00009,13133.912606,0,25152.000000,2096.000000,200,20960.000000,0.000000,,
1732483720855,00002,13133.912606,0,25152.000000,2096.000000,200,20960.000000,18493.569692,,
1732483720855,00007,13133.912606,0,25152.000000,2096.000000,200,20960.000000,17106.384853,,
1732483720855,00008,13133.912606,0,25152.000000,2096.000000,200,20960.000000,0.000000,,
1732483720855,00005,13133.912606,0,25152.000000,2096.000000,200,20960.000000,26380.586719,,
1732483720855,00011,13133.912606,0,25152.000000,2096.000000,200,20960.000000,0.000000,,
1732483720855,00012,13133.912606,0,25152.000000,2096.000000,200,20960.000000,0.000000,,
1732483720855,00010,13133.912606,0,25152.000000,2096.000000,200,20960.000000,0.000000,,
1732483720855,00006,13133.912606,0,25152.000000,2096.000000,200,20960.000000,27349.033704,,
1732483720955,00003,13470.645000,0,25152.000000,2096.000000,200,20960.000000,20942.941849,,
1732483720955,00001,13470.645000,0,25152.000000,2096.000000,200,20960.000000,21789.654634,,
1732483720955,00004,13470.645000,0,25152.000000,2096.000000,200,20960.000000,27313.740370,,
1732483720955,00009,13470.645000,0,25152.000000,2096.000000,200,20960.000000,0.000000,,
1732483720955,00002,13470.645000,0,25152.000000,2096.000000,200,20960.000000,19048.598566,,
1732483720955,00007,13470.645000,0,25152.000000,2096.000000,200,20960.000000,17502.058616,,
1732483720955,00008,13470.645000,0,25152.000000,2096.000000,200,20960.000000,0.000000,,
1732483720955,00005,13470.645000,0,25152.000000,2096.000000,200,20960.000000,27042.848623,,
1732483720955,00011,13470.645000,0,25152.000000,2096.000000,200,20960.000000,0.000000,,
1732483720955,00012,13470.645000,0,25152.000000,2096.000000,200,20960.000000,0.000000,,
1732483720955,00010,13470.645000,0,25152.000000,2096.000000,200,20960.000000,0.000000,,
1732483720955,00006,13470.645000,0,25152.000000,2096.000000,200,20960.000000,28007.897340,,
1732483721055,00003,13871.894831,0,25152.000000,2096.000000,200,20960.000000,21539.095036,,
1732483721055,00001,13871.894831,0,25152.000000,2096.000000,200,20960.000000,22583.967619,,
1732483721055,00004,13871.894831,0,25152.000000,2096.000000,200,20960.000000,28155.540370,,
1732483721055,00009,13871.894831,0,25152.000000,2096.000000,200,20960.000000,0.000000,,
1732483721055,00002,13871.894831,0,25152.000000,2096.000000,200,20960.000000,19591.467976,,
1732483721055,00007,13871.894831,0,25152.000000,2096.000000,200,20960.000000,18140.370055,,
1732483721055,00008,13871.894831,0,25152.000000,2096.000000,200,20960.000000,0.000000,,
1732483721055,00005,13871.894831,0,25152.000000,2096.000000,200,20960.000000,27699.899573,,
1732483721055,00011,13871.894831,0,25152.000000,2096.000000,200,20960.000000,0.000000,,
1732483721055,00012,13871.894831,0,25152.000000,2096.000000,200,20960.000000,0.000000,,
1732483721055,00010,13871.894831,0,25152.000000,2096.000000,200,20960.000000,0.000000,,
1732483721055,00006,13871.894831,0,25152.000000,2096.000000,200,20960.000000,28752.397340,,
1732483721155,00003,11763.261189,0,25152.000000,2096.000000,200,20960.000000,22049.404608,,
1732483721155,00001,11763.261189,0,25152.000000,2096.000000,200,20960.000000,23151.109235,,
1732483721155,00004,11763.261189,0,25152.000000,2096.000000,200,20960.000000,28792.141916,,
1732483721155,00009,11763.261189,0,25152.000000,2096.000000,200,20960.000000,0.000000,,
1732483721155,00002,11763.261189,0,25152.000000,2096.000000,200,20960.000000,20094.467396,,
1732483721155,00007,11763.261189,0,25152.000000,2096.000000,200,20960.000000,18583.210105,,
1732483721155,00008,11763.261189,0,25152.000000,2096.000000,200,20960.000000,0.000000,,
1732483721155,00005,11763.261189,0,25152.000000,2096.000000,200,20960.000000,28488.801004,,
1732483721155,00011,11763.261189,0,25152.000000,2096.000000,200,20960.000000,0.000000,,
1732483721155,00012,11763.261189,0,25152.000000,2096.000000,200,20960.000000,0.000000,,
1732483721155,00010,11763.261189,0,25152.000000,2096.000000,200,20960.000000,0.000000,,
1732483721155,00006,11763.261189,0,25152.000000,2096.000000,200,20960.000000,0.000000,,
1732483721255,00003,0.000000,0,125.760000,10.480000,1,104.800000,0.000000,,
1732483721255,00001,0.000000,0,125.760000,10.480000,1,104.800000,0.000000,,
1732483721255,00004,0.000000,0,125.760000,10.480000,1,104.800000,0.000000,,
1732483721255,00009,0.000000,0,125.760000,10.480000,1,104.800000,0.000000,,
1732483721255,00002,0.000000,0,125.760000,10.480000,1,104.800000,0.000000,,
1732483721255,00007,0.000000,0,125.760000,10.480000,1,104.800000,0.000000,,
1732483721255,00008,0.000000,0,125.760000,10.480000,1,104.800000,0.000000,,
1732483721255,00005,0.000000,0,125.760000,10.480000,1,104.800000,0.000000,,
1732483721255,00011,0.000000,0,125.760000,10.480000,1,104.800000,0.000000,,
1732483721255,00012,0.000000,0,125.760000,10.480000,1,104.800000,0.000000,,
1732483721255,00010,0.000000,0,125.760000,10.480000,1,104.800000,0.000000,,
1732483721255,00006,0.000000,0,125.760000,10.480000,1,104.800000,0.000000,,
1732483721355,00003,14944.052735,0,25152.000000,2096.000000,200,20960.000000,23007.036882,,
1732483721355,00001,14944.052735,0,25152.000000,2096.000000,200,20960.000000,24016.275522,,
1732483721355,00004,14944.052735,0,25152.000000,2096.000000,200,20960.000000,30168.427182,,
1732483721355,00009,14944.052735,0,25152.000000,2096.000000,200,20960.000000,0.000000,,
1732483721355,00002,14944.052735,0,25152.000000,2096.000000,200,20960.000000,21129.807169,,
1732483721355,00007,14944.052735,0,25152.000000,2096.000000,200,20960.000000,19298.684414,,
1732483721355,00008,14944.052735,0,25152.000000,2096.000000,200,20960.000000,0.000000,,
1732483721355,00005,14944.052735,0,25152.000000,2096.000000,200,20960.000000,29900.504304,,
1732483721355,00011,14944.052735,0,25152.000000,2096.000000,200,20960.000000,0.000000,,
1732483721355,00012,14944.052735,0,25152.000000,2096.000000,200,20960.000000,0.000000,,
1732483721355,00010,14944.052735,0,25152.000000,2096.000000,200,20960.000000,0.000000,,
1732483721355,00006,14944.052735,0,25152.000000,2096.000000,200,20960.000000,31807.897350,,
1732483721455,00003,15327.327843,0,25152.000000,2096.000000,200,20960.000000,23590.856499,,
1732483721455,00001,15327.327843,0,25152.000000,2096.000000,200,20960.000000,24654.224387,,
1732483721455,00004,15327.327843,0,25152.000000,2096.000000,200,20960.000000,31003.787667,,
1732483721455,00009,15327.327843,0,25152.000000,2096.000000,200,20960.000000,0.000000,,
1732483721455,00002,15327.327843,0,25152.000000,2096.000000,200,20960.000000,21710.275710,,
1732483721455,00007,15327.327843,0,25152.000000,2096.000000,200,20960.000000,19757.428794,,
1732483721455,00008,15327.327843,0,25152.000000,2096.000000,200,20960.000000,0.000000,,
1732483721455,00005,15327.327843,0,25152.000000,2096.000000,200,20960.000000,30719.713706,,
1732483721455,00011,15327.327843,0,25152.000000,2096.000000,200,20960.000000,0.000000,,
1732483721455,00012,15327.327843,0,25152.000000,2096.000000,200,20960.000000,0.000000,,
1732483721455,00010,15327.327843,0,25152.000000,2096.000000,200,20960.000000,0.000000,,
1732483721455,00006,15327.327843,0,25152.000000,2096.000000,200,20960.000000,32491.647350,,
1732483721555,00003,15729.083786,0,25152.000000,2096.000000,200,20960.000000,24241.992927,,
1732483721555,00001,15729.083786,0,25152.000000,2096.000000,200,20960.000000,25215.094199,,
1732483721555,00004,15729.083786,0,25152.000000,2096.000000,200,20960.000000,31757.821535,,
1732483721555,00009,15729.083786,0,25152.000000,2096.000000,200,20960.000000,0.000000,,
1732483721555,00002,15729.083786,0,25152.000000,2096.000000,200,20960.000000,22361.042247,,
1732483721555,00007,15729.083786,0,25152.000000,2096.000000,200,20960.000000,20226.830740,,
1732483721555,00008,15729.083786,0,25152.000000,2096.000000,200,20960.000000,0.000000,,
1732483721555,00005,15729.083786,0,25152.000000,2096.000000,200,20960.000000,31386.556958,,
1732483721555,00011,15729.083786,0,25152.000000,2096.000000,200,20960.000000,0.000000,,
1732483721555,00012,15729.083786,0,25152.000000,2096.000000,200,20960.000000,0.000000,,
1732483721555,00010,15729.083786,0,25152.000000,2096.000000,200,20960.000000,0.000000,,
1732483721555,00006,15729.083786,0,25152.000000,2096.000000,200,20960.000000,33559.666826,,
1732483721655,00003,16102.809018,0,25152.000000,2096.000000,200,20960.000000,24853.724943,,
1732483721655,00001,16102.809018,0,25152.000000,2096.000000,200,20960.000000,25891.583861,,
1732483721655,00004,16102.809018,0,25152.000000,2096.000000,200,20960.000000,32488.957898,,
1732483721655,00009,16102.809018,0,25152.000000,2096.000000,200,20960.000000,0.000000,,
1732483721655,00002,16102.809018,0,25152.000000,2096.000000,200,20960.000000,22869.069511,,
1732483721655,00007,16102.809018,0,25152.000000,2096.000000,200,20960.000000,20776.052125,,
1732483721655,00008,16102.809018,0,25152.000000,2096.000000,200,20960.000000,0.000000,,
1732483721655,00005,16102.809018,0,25152.000000,2096.000000,200,20960.000000,32108.837500,,
1732483721655,00011,16102.809018,0,25152.000000,2096.000000,200,20960.000000,0.000000,,
1732483721655,00012,16102.809018,0,25152.000000,2096.000000,200,20960.000000,0.000000,,
1732483721655,00010,16102.809018,0,25152.000000,2096.000000,200,20960.000000,0.000000,,
1732483721655,00006,16102.809018,0,25152.000000,2096.000000,200,20960.000000,34245.482375,,
1732483721755,00003,16458.868467,0,25152.000000,2096.000000,200,20960.000000,25463.868275,,
1732483721755,00001,16458.868467,0,25152.000000,2096.000000,200,20960.000000,26482.859578,,
1732483721755,00004,16458.868467,0,25152.000000,2096.000000,200,20960.000000,33104.185171,,
1732483721755,00009,16458.868467,0,25152.000000,2096.000000,200,20960.000000,0.000000,,
1732483721755,00002,16458.868467,0,25152.000000,2096.000000,200,20960.000000,23400.398957,,
1732483721755,00007,16458.868467,0,25152.000000,2096.000000,200,20960.000000,21346.192103,,
1732483721755,00008,16458.868467,0,25152.000000,2096.000000,200,20960.000000,0.000000,,
1732483721755,00005,16458.868467,0,25152.000000,2096.000000,200,20960.000000,32689.829708,,
1732483721755,00011,16458.868467,0,25152.000000,2096.000000,200,20960.000000,0.000000,,
1732483721755,00012,16458.868467,0,25152.000000,2096.000000,200,20960.000000,0.000000,,
1732483721755,00010,16458.868467,0,25152.000000,2096.000000,200,20960.000000,0.000000,,
1732483721755,00006,16458.868467,0,25152.000000,2096.000000,200,20960.000000,35019.087813,,
1732483721855,00003,16845.716035,0,25152.000000,2096.000000,200,20960.000000,25999.826384,,
1732483721855,00001,16845.716035,0,25152.000000,2096.000000,200,20960.000000,27009.523833,,
1732483721855,00004,16845.716035,0,25152.000000,2096.000000,200,20960.000000,34085.968388,,
1732483721855,00009,16845.716035,0,25152.000000,2096.000000,200,20960.000000,0.000000,,
1732483721855,00002,16845.716035,0,25152.000000,2096.000000,200,20960.000000,23857.435010,,
1732483721855,00007,16845.716035,0,25152.000000,2096.000000,200,20960.000000,21843.052798,,
1732483721855,00008,16845.716035,0,25152.000000,2096.000000,200,20960.000000,0.000000,,
1732483721855,00005,16845.716035,0,25152.000000,2096.000000,200,20960.000000,33695.602951,,
1732483721855,00011,16845.716035,0,25152.000000,2096.000000,200,20960.000000,0.000000,,
1732483721855,00012,16845.716035,0,25152.000000,2096.000000,200,20960.000000,0.000000,,
1732483721855,00010,16845.716035,0,25152.000000,2096.000000,200,20960.000000,0.000000,,
1732483721855,00006,16845.716035,0,25152.000000,2096.000000,200,20960.000000,35657.183051,,
1732483721955,00003,17217.322097,0,25152.000000,2096.000000,200,20960.000000,26575.152954,,
1732483721955,00001,17217.322097,0,25152.000000,2096.000000,200,20960.000000,27558.708480,,
1732483721955,00004,17217.322097,0,25152.000000,2096.000000,200,20960.000000,34902.399458,,
1732483721955,00009,17217.322097,0,25152.000000,2096.000000,200,20960.000000,0.000000,,
1732483721955,00002,17217.322097,0,25152.000000,2096.000000,200,20960.000000,24410.017329,,
1732483721955,00007,17217.322097,0,25152.000000,2096.000000,200,20960.000000,22399.227576,,
1732483721955,00008,17217.322097,0,25152.000000,2096.000000,200,20960.000000,0.000000,,
1732483721955,00005,17217.322097,0,25152.000000,2096.000000,200,20960.000000,34120.890599,,
1732483721955,00011,17217.322097,0,25152.000000,2096.000000,200,20960.000000,0.000000,,
1732483721955,00012,17217.322097,0,25152.000000,2096.000000,200,20960.000000,0.000000,,
1732483721955,00010,17217.322097,0,25152.000000,2096.000000,200,20960.000000,0.000000,,
1732483721955,00006,17217.322097,0,25152.000000,2096.000000,200,20960.000000,36641.468770,,
1732483722055,00003,17615.068450,0,25152.000000,2096.000000,200,20960.000000,27260.365340,,
1732483722055,00001,17615.068450,0,25152.000000,2096.000000,200,20960.000000,28249.077711,,
1732483722055,00004,17615.068450,0,25152.000000,2096.000000,200,20960.000000,35698.295924,,
1732483722055,00009,17615.068450,0,25152.000000,2096.000000,200,20960.000000,0.000000,,
1732483722055,00002,17615.068450,0,25152.000000,2096.000000,200,20960.000000,25086.844898,,
1732483722055,00007,17615.068450,0,25152.000000,2096.000000,200,20960.000000,22763.499814,,
1732483722055,00008,17615.068450,0,25152.000000,2096.000000,200,20960.000000,0.000000,,
1732483722055,00005,17615.068450,0,25152.000000,2096.000000,200,20960.000000,34726.983229,,
1732483722055,00011,17615.068450,0,25152.000000,2096.000000,200,20960.000000,0.000000,,
1732483722055,00012,17615.068450,0,25152.000000,2096.000000,200,20960.000000,0.000000,,
1732483722055,00010,17615.068450,0,25152.000000,2096.000000,200,20960.000000,0.000000,,
1732483722055,00006,17615.068450,0,25152.000000,2096.000000,200,20960.000000,37595.754483,,
1732483722155,00003,17971.472543,0,25152.000000,2096.000000,200,20960.000000,27837.517655,,
1732483722155,00001,17971.472543,0,25152.000000,2096.000000,200,20960.000000,28941.879909,,
1732483722155,00004,17971.472543,0,25152.000000,2096.000000,200,20960.000000,36350.390745,,
1732483722155,00009,17971.472543,0,25152.000000,2096.000000,200,20960.000000,0.000000,,
1732483722155,00002,17971.472543,0,25152.000000,2096.000000,200,20960.000000,25652.044938,,
1732483722155,00007,17971.472543,0,25152.000000,2096.000000,200,20960.000000,23188.583658,,
1732483722155,00008,17971.472543,0,25152.000000,2096.000000,200,20960.000000,0.000000,,
1732483722155,00005,17971.472543,0,25152.000000,2096.000000,200,20960.000000,35365.755078,,
1732483722155,00011,17971.472543,0,25152.000000,2096.000000,200,20960.000000,0.000000,,
1732483722155,00012,17971.472543,0,25152.000000,2096.000000,200,20960.000000,0.000000,,
1732483722155,00010,17971.472543,0,25152.000000,2096.000000,200,20960.000000,0.000000,,
1732483722155,00006,17971.472543,0,25152.000000,2096.000000,200,20960.000000,38321.498533,,
