timestamp,ueImsiComplete,plmId,nrCellId,dlAvailablePrbs,ulAvailablePrbs,qci,dlPrbUsage,ulPrbUsage,TB.TotNbrDl.1,TB.TotNbrDlInitial,TB.TotNbrDlInitial.Qpsk,TB.TotNbrDlInitial.16Qam,TB.TotNbrDlInitial.64Qam,RRU.PrbUsedDl,TB.ErrTotalNbrDl.1,QosFlow.PdcpPduVolumeDL_Filter,CARR.PDSCHMCSDist.Bin1,CARR.PDSCHMCSDist.Bin2,CARR.PDSCHMCSDist.Bin3,CARR.PDSCHMCSDist.Bin4,CARR.PDSCHMCSDist.Bin5,CARR.PDSCHMCSDist.Bin6,L1M.RS-SINR.Bin34,L1M.RS-SINR.Bin46, L1M.RS-SINR.Bin58,L1M.RS-SINR.Bin70,L1M.RS-SINR.Bin82,L1M.RS-SINR.Bin94,L1M.RS-SINR.Bin127,DRB.BufferSize.Qos,DRB.MeanActiveUeDl,TB.TotNbrDl.1.UEID,TB.TotNbrDlInitial.UEID,TB.TotNbrDlInitial.Qpsk.UEID,TB.TotNbrDlInitial.16Qam.UEID,TB.TotNbrDlInitial.64Qam.UEID,TB.ErrTotalNbrDl.1.UEID,QosFlow.PdcpPduVolumeDL_Filter.UEID,RRU.PrbUsedDl.UEID,CARR.PDSCHMCSDist.Bin1.UEID,CARR.PDSCHMCSDist.Bin2.UEID,CARR.PDSCHMCSDist.Bin3.UEID,CARR.PDSCHMCSDist.Bin4.UEID,CARR.PDSCHMCSDist.Bin5.UEID,CARR.PDSCHMCSDist.Bin6.UEID,L1M.RS-SINR.Bin34.UEID, L1M.RS-SINR.Bin46.UEID,L1M.RS-SINR.Bin58.UEID,L1M.RS-SINR.Bin70.UEID,L1M.RS-SINR.Bin82.UEID,L1M.RS-SINR.Bin94.UEID,L1M.RS-SINR.Bin127.UEID,DRB.BufferSize.Qos.UEID,DRB.UEThpDl.UEID, DRB.UEThpDlPdcpBased.UEID
1732483717355,00001,111,2,139,139,1,0,0,0,0,0,0,0,0,0,0,0,0,0,0,0,0,0,0,0,0,0,0,0,0,9,0,0,0,0,0,0,0,0.000000,0,0,0,0,0,0,0,0,0,0,0,0,0,0,0.000000,0.000000
1732483717355,00002,111,2,139,139,1,0,0,0,0,0,0,0,0,0,0,0,0,0,0,0,0,0,0,0,0,0,0,0,0,9,0,0,0,0,0,0,0,0.000000,0,0,0,0,0,0,0,0,0,0,0,0,0,0,0.000000,0.000000
1732483717355,00003,111,2,139,139,1,0,0,0,0,0,0,0,0,0,0,0,0,0,0,0,0,0,0,0,0,0,0,0,0,9,0,0,0,0,0,0,0,0.000000,0,0,0,0,0,0,0,0,0,0,0,0,0,0,0.000000,0.000000
1732483717355,00005,111,2,139,139,1,0,0,0,0,0,0,0,0,0,0,0,0,0,0,0,0,0,0,0,0,0,0,0,0,9,0,0,0,0,0,0,0,0.000000,0,0,0,0,0,0,0,0,0,0,0,0,0,0,0.000000,0.000000
1732483717355,00008,111,2,139,139,1,0,0,0,0,0,0,0,0,0,0,0,0,0,0,0,0,0,0,0,0,0,0,0,0,9,0,0,0,0,0,0,0,0.000000,0,0,0,0,0,0,0,0,0,0,0,0,0,0,0.000000,0.000000
1732483717355,00009,111,2,139,139,1,0,0,0,0,0,0,0,0,0,0,0,0,0,0,0,0,0,0,0,0,0,0,0,0,9,0,0,0,0,0,0,0,0.000000,0,0,0,0,0,0,0,0,0,0,0,0,0,0,0.000000,0.000000
1732483717355,00010,111,2,139,139,1,0,0,0,0,0,0,0,0,0,0,0,0,0,0,0,0,0,0,0,0,0,0,0,0,9,0,0,0,0,0,0,0,0.000000,0,0,0,0,0,0,0,0,0,0,0,0,0,0,0.000000,0.000000
1732483717355,00011,111,2,139,139,1,0,0,0,0,0,0,0,0,0,0,0,0,0,0,0,0,0,0,0,0,0,0,0,0,9,0,0,0,0,0,0,0,0.000000,0,0,0,0,0,0,0,0,0,0,0,0,0,0,0.000000,0.000000
1732483717355,00012,111,2,139,139,1,0,0,0,0,0,0,0,0,0,0,0,0,0,0,0,0,0,0,0,0,0,0,0,0,9,0,0,0,0,0,0,0,0.000000,0,0,0,0,0,0,0,0,0,0,0,0,0,0,0.000000,0.000000
1732483717455,00001,111,2,139,139,1,73,0,1205,874,270,257,678,102,331,465138,15,255,257,258,38,382,0,0,646,303,33,106,117,1810155,9,399,285,3,257,139,114,150643,34.228750,3,0,257,0,0,139,0,0,324,0,0,31,44,146768,2509.000000,5030.000000
1732483717455,00002,111,2,139,139,1,73,0,1205,874,270,257,678,102,331,465138,15,255,257,258,38,382,0,0,646,303,33,106,117,1810155,9,397,297,3,0,394,100,185749,34.278393,3,0,0,258,38,98,0,0,0,301,31,65,0,105255,3685.000000,7336.000000
1732483717455,00003,111,2,139,139,1,73,0,1205,874,270,257,678,102,331,465138,15,255,257,258,38,382,0,0,646,303,33,106,117,1810155,9,403,286,258,0,145,117,128728,34.228750,3,255,0,0,0,145,0,0,322,1,0,7,73,166912,1535.000000,1362.000000
1732483717455,00005,111,2,139,139,1,73,0,1205,874,270,257,678,102,331,465138,15,255,257,258,38,382,0,0,646,303,33,106,117,1810155,9,1,1,1,0,0,0,3,0.024821,1,0,0,0,0,0,0,0,0,0,0,1,0,231870,0.000000,0.000000
1732483717455,00008,111,2,139,139,1,73,0,1205,874,270,257,678,102,331,465138,15,255,257,258,38,382,0,0,646,303,33,106,117,1810155,9,1,1,1,0,0,0,3,0.024821,1,0,0,0,0,0,0,0,0,0,1,0,0,231870,0.000000,0.000000
1732483717455,00009,111,2,139,139,1,73,0,1205,874,270,257,678,102,331,465138,15,255,257,258,38,382,0,0,646,303,33,106,117,1810155,9,1,1,1,0,0,0,3,0.024821,1,0,0,0,0,0,0,0,0,1,0,0,0,231870,0.000000,0.000000
1732483717455,00010,111,2,139,139,1,73,0,1205,874,270,257,678,102,331,465138,15,255,257,258,38,382,0,0,646,303,33,106,117,1810155,9,1,1,1,0,0,0,3,0.024821,1,0,0,0,0,0,0,0,0,0,0,1,0,231870,0.000000,0.000000
1732483717455,00011,111,2,139,139,1,73,0,1205,874,270,257,678,102,331,465138,15,255,257,258,38,382,0,0,646,303,33,106,117,1810155,9,1,1,1,0,0,0,3,0.024821,1,0,0,0,0,0,0,0,0,0,1,0,0,231870,0.000000,0.000000
1732483717455,00012,111,2,139,139,1,73,0,1205,874,270,257,678,102,331,465138,15,255,257,258,38,382,0,0,646,303,33,106,117,1810155,9,1,1,1,0,0,0,3,0.024821,1,0,0,0,0,0,0,0,0,0,0,1,0,231870,0.000000,0.000000
1732483717555,00001,111,2,139,139,1,82,0,1343,937,285,567,491,115,406,502061,0,285,567,5,86,400,0,0,365,666,65,88,159,3877720,9,452,303,283,6,163,149,154205,39.912857,0,283,6,0,0,163,0,0,365,1,0,46,40,332100,2099.000000,2200.000000
1732483717555,00002,111,2,139,139,1,82,0,1343,937,285,567,491,115,406,502061,0,285,567,5,86,400,0,0,365,666,65,88,159,3877720,9,435,320,0,288,147,115,144166,37.852679,0,0,288,5,86,56,0,0,0,328,65,42,0,274745,3006.000000,5240.000000
1732483717555,00003,111,2,139,139,1,82,0,1343,937,285,567,491,115,406,502061,0,285,567,5,86,400,0,0,365,666,65,88,159,3877720,9,456,314,2,273,181,142,203690,39.391607,0,2,273,0,0,181,0,0,0,337,0,0,119,307655,2305.000000,5659.000000
1732483717555,00005,111,2,139,139,1,82,0,1343,937,285,567,491,115,406,502061,0,285,567,5,86,400,0,0,365,666,65,88,159,3877720,9,0,0,0,0,0,0,0,0.000000,0,0,0,0,0,0,0,0,0,0,0,0,0,493870,0.000000,0.000000
1732483717555,00008,111,2,139,139,1,82,0,1343,937,285,567,491,115,406,502061,0,285,567,5,86,400,0,0,365,666,65,88,159,3877720,9,0,0,0,0,0,0,0,0.000000,0,0,0,0,0,0,0,0,0,0,0,0,0,493870,0.000000,0.000000
1732483717555,00009,111,2,139,139,1,82,0,1343,937,285,567,491,115,406,502061,0,285,567,5,86,400,0,0,365,666,65,88,159,3877720,9,0,0,0,0,0,0,0,0.000000,0,0,0,0,0,0,0,0,0,0,0,0,0,493870,0.000000,0.000000
1732483717555,00010,111,2,139,139,1,82,0,1343,937,285,567,491,115,406,502061,0,285,567,5,86,400,0,0,365,666,65,88,159,3877720,9,0,0,0,0,0,0,0,0.000000,0,0,0,0,0,0,0,0,0,0,0,0,0,493870,0.000000,0.000000
1732483717555,00011,111,2,139,139,1,82,0,1343,937,285,567,491,115,406,502061,0,285,567,5,86,400,0,0,365,666,65,88,159,3877720,9,0,0,0,0,0,0,0,0.000000,0,0,0,0,0,0,0,0,0,0,0,0,0,493870,0.000000,0.000000
1732483717555,00012,111,2,139,139,1,82,0,1343,937,285,567,491,115,406,502061,0,285,567,5,86,400,0,0,365,666,65,88,159,3877720,9,0,0,0,0,0,0,0,0.000000,0,0,0,0,0,0,0,0,0,0,0,0,0,493870,0.000000,0.000000
1732483717655,00001,111,2,139,139,1,84,0,1207,1181,4,1176,27,117,26,365572,0,4,782,394,3,24,0,0,2,1191,1,5,8,5891074,9,403,392,4,390,9,11,94744,39.813571,0,4,390,0,0,9,0,0,1,399,0,1,2,507280,2117.000000,7126.000000
1732483717655,00002,111,2,139,139,1,84,0,1207,1181,4,1176,27,117,26,365572,0,4,782,394,3,24,0,0,2,1191,1,5,8,5891074,9,403,395,0,396,7,8,148593,39.689464,0,0,2,394,3,4,0,0,0,398,1,4,0,393637,3355.000000,10899.000000
1732483717655,00003,111,2,139,139,1,84,0,1207,1181,4,1176,27,117,26,365572,0,4,782,394,3,24,0,0,2,1191,1,5,8,5891074,9,401,394,0,390,11,7,122235,39.490893,0,0,390,0,0,11,0,0,1,394,0,0,6,454937,2556.000000,9536.000000
1732483717655,00005,111,2,139,139,1,84,0,1207,1181,4,1176,27,117,26,365572,0,4,782,394,3,24,0,0,2,1191,1,5,8,5891074,9,0,0,0,0,0,0,0,0.000000,0,0,0,0,0,0,0,0,0,0,0,0,0,755870,0.000000,0.000000
1732483717655,00008,111,2,139,139,1,84,0,1207,1181,4,1176,27,117,26,365572,0,4,782,394,3,24,0,0,2,1191,1,5,8,5891074,9,0,0,0,0,0,0,0,0.000000,0,0,0,0,0,0,0,0,0,0,0,0,0,755870,0.000000,0.000000
1732483717655,00009,111,2,139,139,1,84,0,1207,1181,4,1176,27,117,26,365572,0,4,782,394,3,24,0,0,2,1191,1,5,8,5891074,9,0,0,0,0,0,0,0,0.000000,0,0,0,0,0,0,0,0,0,0,0,0,0,755870,0.000000,0.000000
1732483717655,00010,111,2,139,139,1,84,0,1207,1181,4,1176,27,117,26,365572,0,4,782,394,3,24,0,0,2,1191,1,5,8,5891074,9,0,0,0,0,0,0,0,0.000000,0,0,0,0,0,0,0,0,0,0,0,0,0,755870,0.000000,0.000000
1732483717655,00011,111,2,139,139,1,84,0,1207,1181,4,1176,27,117,26,365572,0,4,782,394,3,24,0,0,2,1191,1,5,8,5891074,9,0,0,0,0,0,0,0,0.000000,0,0,0,0,0,0,0,0,0,0,0,0,0,755870,0.000000,0.000000
1732483717655,00012,111,2,139,139,1,84,0,1207,1181,4,1176,27,117,26,365572,0,4,782,394,3,24,0,0,2,1191,1,5,8,5891074,9,0,0,0,0,0,0,0,0.000000,0,0,0,0,0,0,0,0,0,0,0,0,0,755870,0.000000,0.000000
1732483717755,00001,111,2,139,139,1,83,0,1362,950,0,622,740,116,412,526790,0,0,619,314,34,395,0,0,731,337,31,130,133,7923079,9,475,306,0,316,159,169,168890,40.806429,0,0,316,0,0,159,0,0,373,0,0,59,43,678791,2066.000000,1257.000000
1732483717755,00002,111,2,139,139,1,83,0,1362,950,0,622,740,116,412,526790,0,0,619,314,34,395,0,0,731,337,31,130,133,7923079,9,439,339,0,3,436,100,195696,37.331429,0,0,0,314,34,91,0,0,0,337,31,71,0,511161,3412.000000,5868.000000
1732483717755,00003,111,2,139,139,1,83,0,1362,950,0,622,740,116,412,526790,0,0,619,314,34,395,0,0,731,337,31,130,133,7923079,9,448,305,0,303,145,143,162204,39.019286,0,0,303,0,0,145,0,0,358,0,0,0,90,625907,2462.000000,3877.000000
1732483717755,00005,111,2,139,139,1,83,0,1362,950,0,622,740,116,412,526790,0,0,619,314,34,395,0,0,731,337,31,130,133,7923079,9,0,0,0,0,0,0,0,0.000000,0,0,0,0,0,0,0,0,0,0,0,0,0,1017870,0.000000,0.000000
1732483717755,00008,111,2,139,139,1,83,0,1362,950,0,622,740,116,412,526790,0,0,619,314,34,395,0,0,731,337,31,130,133,7923079,9,0,0,0,0,0,0,0,0.000000,0,0,0,0,0,0,0,0,0,0,0,0,0,1017870,0.000000,0.000000
1732483717755,00009,111,2,139,139,1,83,0,1362,950,0,622,740,116,412,526790,0,0,619,314,34,395,0,0,731,337,31,130,133,7923079,9,0,0,0,0,0,0,0,0.000000,0,0,0,0,0,0,0,0,0,0,0,0,0,1017870,0.000000,0.000000
1732483717755,00010,111,2,139,139,1,83,0,1362,950,0,622,740,116,412,526790,0,0,619,314,34,395,0,0,731,337,31,130,133,7923079,9,0,0,0,0,0,0,0,0.000000,0,0,0,0,0,0,0,0,0,0,0,0,0,1017870,0.000000,0.000000
1732483717755,00011,111,2,139,139,1,83,0,1362,950,0,622,740,116,412,526790,0,0,619,314,34,395,0,0,731,337,31,130,133,7923079,9,0,0,0,0,0,0,0,0.000000,0,0,0,0,0,0,0,0,0,0,0,0,0,1017870,0.000000,0.000000
1732483717755,00012,111,2,139,139,1,83,0,1362,950,0,622,740,116,412,526790,0,0,619,314,34,395,0,0,731,337,31,130,133,7923079,9,0,0,0,0,0,0,0,0.000000,0,0,0,0,0,0,0,0,0,0,0,0,0,1017870,0.000000,0.000000
1732483717855,00001,111,2,139,139,1,83,0,1312,1053,0,1008,304,116,259,506206,0,0,343,671,39,259,0,0,383,753,19,69,88,9918977,9,442,355,0,342,100,87,186683,39.565357,0,0,2,340,0,100,0,0,0,386,0,20,36,805289,2373.000000,9117.000000
1732483717855,00002,111,2,139,139,1,83,0,1312,1053,0,1008,304,116,259,506206,0,0,343,671,39,259,0,0,383,753,19,69,88,9918977,9,433,354,0,325,108,79,176918,38.870357,0,0,0,331,39,63,0,0,0,367,19,47,0,639429,3401.000000,10270.000000
1732483717855,00003,111,2,139,139,1,83,0,1312,1053,0,1008,304,116,259,506206,0,0,343,671,39,259,0,0,383,753,19,69,88,9918977,9,437,344,0,341,96,93,142605,39.515714,0,0,341,0,0,96,0,0,383,0,0,2,52,795039,2439.000000,5135.000000
1732483717855,00005,111,2,139,139,1,83,0,1312,1053,0,1008,304,116,259,506206,0,0,343,671,39,259,0,0,383,753,19,69,88,9918977,9,0,0,0,0,0,0,0,0.000000,0,0,0,0,0,0,0,0,0,0,0,0,0,1279870,0.000000,0.000000
1732483717855,00008,111,2,139,139,1,83,0,1312,1053,0,1008,304,116,259,506206,0,0,343,671,39,259,0,0,383,753,19,69,88,9918977,9,0,0,0,0,0,0,0,0.000000,0,0,0,0,0,0,0,0,0,0,0,0,0,1279870,0.000000,0.000000
1732483717855,00009,111,2,139,139,1,83,0,1312,1053,0,1008,304,116,259,506206,0,0,343,671,39,259,0,0,383,753,19,69,88,9918977,9,0,0,0,0,0,0,0,0.000000,0,0,0,0,0,0,0,0,0,0,0,0,0,1279870,0.000000,0.000000
1732483717855,00010,111,2,139,139,1,83,0,1312,1053,0,1008,304,116,259,506206,0,0,343,671,39,259,0,0,383,753,19,69,88,9918977,9,0,0,0,0,0,0,0,0.000000,0,0,0,0,0,0,0,0,0,0,0,0,0,1279870,0.000000,0.000000
1732483717855,00011,111,2,139,139,1,83,0,1312,1053,0,1008,304,116,259,506206,0,0,343,671,39,259,0,0,383,753,19,69,88,9918977,9,0,0,0,0,0,0,0,0.000000,0,0,0,0,0,0,0,0,0,0,0,0,0,1279870,0.000000,0.000000
1732483717855,00012,111,2,139,139,1,83,0,1312,1053,0,1008,304,116,259,506206,0,0,343,671,39,259,0,0,383,753,19,69,88,9918977,9,0,0,0,0,0,0,0,0.000000,0,0,0,0,0,0,0,0,0,0,0,0,0,1279870,0.000000,0.000000
1732483717955,00001,111,2,139,139,1,82,0,1385,948,0,862,523,115,437,555148,0,0,573,289,42,481,0,0,353,713,26,132,161,11953211,9,461,307,0,293,168,154,167677,38.994464,0,0,288,5,0,168,0,0,353,0,0,56,52,972682,2300.000000,1781.000000
1732483717955,00002,111,2,139,139,1,82,0,1385,948,0,862,523,115,437,555148,0,0,573,289,42,481,0,0,353,713,26,132,161,11953211,9,458,323,0,284,174,135,204081,38.969643,0,0,0,284,42,132,0,0,0,356,26,76,0,774250,3376.000000,6707.000000
1732483717955,00003,111,2,139,139,1,82,0,1385,948,0,862,523,115,437,555148,0,0,573,289,42,481,0,0,353,713,26,132,161,11953211,9,466,318,0,285,181,148,183390,39.292321,0,0,285,0,0,181,0,0,0,357,0,0,109,955059,2446.000000,4611.000000
1732483717955,00005,111,2,139,139,1,82,0,1385,948,0,862,523,115,437,555148,0,0,573,289,42,481,0,0,353,713,26,132,161,11953211,9,0,0,0,0,0,0,0,0.000000,0,0,0,0,0,0,0,0,0,0,0,0,0,1541870,0.000000,0.000000
1732483717955,00008,111,2,139,139,1,82,0,1385,948,0,862,523,115,437,555148,0,0,573,289,42,481,0,0,353,713,26,132,161,11953211,9,0,0,0,0,0,0,0,0.000000,0,0,0,0,0,0,0,0,0,0,0,0,0,1541870,0.000000,0.000000
1732483717955,00009,111,2,139,139,1,82,0,1385,948,0,862,523,115,437,555148,0,0,573,289,42,481,0,0,353,713,26,132,161,11953211,9,0,0,0,0,0,0,0,0.000000,0,0,0,0,0,0,0,0,0,0,0,0,0,1541870,0.000000,0.000000
1732483717955,00010,111,2,139,139,1,82,0,1385,948,0,862,523,115,437,555148,0,0,573,289,42,481,0,0,353,713,26,132,161,11953211,9,0,0,0,0,0,0,0,0.000000,0,0,0,0,0,0,0,0,0,0,0,0,0,1541870,0.000000,0.000000
1732483717955,00011,111,2,139,139,1,82,0,1385,948,0,862,523,115,437,555148,0,0,573,289,42,481,0,0,353,713,26,132,161,11953211,9,0,0,0,0,0,0,0,0.000000,0,0,0,0,0,0,0,0,0,0,0,0,0,1541870,0.000000,0.000000
1732483717955,00012,111,2,139,139,1,82,0,1385,948,0,862,523,115,437,555148,0,0,573,289,42,481,0,0,353,713,26,132,161,11953211,9,0,0,0,0,0,0,0,0.000000,0,0,0,0,0,0,0,0,0,0,0,0,0,1541870,0.000000,0.000000
1732483718055,00001,111,2,139,139,1,84,0,1242,1145,376,760,106,117,97,322074,0,376,388,372,14,92,0,0,782,389,12,20,39,14038821,9,414,380,376,4,34,34,73078,39.788750,0,376,4,0,0,34,0,0,385,0,0,11,18,1176387,2176.000000,3877.000000
1732483718055,00002,111,2,139,139,1,84,0,1242,1145,376,760,106,117,97,322074,0,376,388,372,14,92,0,0,782,389,12,20,39,14038821,9,410,383,0,372,38,27,157280,39.093750,0,0,0,372,14,24,0,0,0,389,12,9,0,897334,3386.000000,11423.000000
1732483718055,00003,111,2,139,139,1,84,0,1242,1145,376,760,106,117,97,322074,0,376,388,372,14,92,0,0,782,389,12,20,39,14038821,9,418,382,0,384,34,36,91716,39.788750,0,0,384,0,0,34,0,0,397,0,0,0,21,1141880,2388.000000,5135.000000
1732483718055,00005,111,2,139,139,1,84,0,1242,1145,376,760,106,117,97,322074,0,376,388,372,14,92,0,0,782,389,12,20,39,14038821,9,0,0,0,0,0,0,0,0.000000,0,0,0,0,0,0,0,0,0,0,0,0,0,1803870,0.000000,0.000000
1732483718055,00008,111,2,139,139,1,84,0,1242,1145,376,760,106,117,97,322074,0,376,388,372,14,92,0,0,782,389,12,20,39,14038821,9,0,0,0,0,0,0,0,0.000000,0,0,0,0,0,0,0,0,0,0,0,0,0,1803870,0.000000,0.000000
1732483718055,00009,111,2,139,139,1,84,0,1242,1145,376,760,106,117,97,322074,0,376,388,372,14,92,0,0,782,389,12,20,39,14038821,9,0,0,0,0,0,0,0,0.000000,0,0,0,0,0,0,0,0,0,0,0,0,0,1803870,0.000000,0.000000
1732483718055,00010,111,2,139,139,1,84,0,1242,1145,376,760,106,117,97,322074,0,376,388,372,14,92,0,0,782,389,12,20,39,14038821,9,0,0,0,0,0,0,0,0.000000,0,0,0,0,0,0,0,0,0,0,0,0,0,1803870,0.000000,0.000000
1732483718055,00011,111,2,139,139,1,84,0,1242,1145,376,760,106,117,97,322074,0,376,388,372,14,92,0,0,782,389,12,20,39,14038821,9,0,0,0,0,0,0,0,0.000000,0,0,0,0,0,0,0,0,0,0,0,0,0,1803870,0.000000,0.000000
1732483718055,00012,111,2,139,139,1,84,0,1242,1145,376,760,106,117,97,322074,0,376,388,372,14,92,0,0,782,389,12,20,39,14038821,9,0,0,0,0,0,0,0,0.000000,0,0,0,0,0,0,0,0,0,0,0,0,0,1803870,0.000000,0.000000
1732483718155,00001,111,2,139,139,1,84,0,1312,1006,3,924,385,117,306,563031,0,3,311,613,51,334,0,0,0,1111,31,56,114,16023836,9,440,334,3,307,130,106,180022,39.168214,0,3,307,0,0,130,0,0,0,378,0,23,39,1325859,2273.000000,6916.000000
1732483718155,00002,111,2,139,139,1,84,0,1312,1006,3,924,385,117,306,563031,0,3,311,613,51,334,0,0,0,1111,31,56,114,16023836,9,436,341,0,316,120,95,182166,39.143393,0,0,1,315,51,69,0,0,0,372,31,33,0,1032610,3386.000000,8069.000000
1732483718155,00003,111,2,139,139,1,84,0,1312,1006,3,924,385,117,306,563031,0,3,311,613,51,334,0,0,0,1111,31,56,114,16023836,9,436,331,0,301,135,105,200843,39.242679,0,0,3,298,0,135,0,0,0,361,0,0,75,1270147,2532.000000,7755.000000
1732483718155,00005,111,2,139,139,1,84,0,1312,1006,3,924,385,117,306,563031,0,3,311,613,51,334,0,0,0,1111,31,56,114,16023836,9,0,0,0,0,0,0,0,0.000000,0,0,0,0,0,0,0,0,0,0,0,0,0,2065870,0.000000,0.000000
1732483718155,00008,111,2,139,139,1,84,0,1312,1006,3,924,385,117,306,563031,0,3,311,613,51,334,0,0,0,1111,31,56,114,16023836,9,0,0,0,0,0,0,0,0.000000,0,0,0,0,0,0,0,0,0,0,0,0,0,2065870,0.000000,0.000000
1732483718155,00009,111,2,139,139,1,84,0,1312,1006,3,924,385,117,306,563031,0,3,311,613,51,334,0,0,0,1111,31,56,114,16023836,9,0,0,0,0,0,0,0,0.000000,0,0,0,0,0,0,0,0,0,0,0,0,0,2065870,0.000000,0.000000
1732483718155,00010,111,2,139,139,1,84,0,1312,1006,3,924,385,117,306,563031,0,3,311,613,51,334,0,0,0,1111,31,56,114,16023836,9,0,0,0,0,0,0,0,0.000000,0,0,0,0,0,0,0,0,0,0,0,0,0,2065870,0.000000,0.000000
1732483718155,00011,111,2,139,139,1,84,0,1312,1006,3,924,385,117,306,563031,0,3,311,613,51,334,0,0,0,1111,31,56,114,16023836,9,0,0,0,0,0,0,0,0.000000,0,0,0,0,0,0,0,0,0,0,0,0,0,2065870,0.000000,0.000000
1732483718155,00012,111,2,139,139,1,84,0,1312,1006,3,924,385,117,306,563031,0,3,311,613,51,334,0,0,0,1111,31,56,114,16023836,9,0,0,0,0,0,0,0,0.000000,0,0,0,0,0,0,0,0,0,0,0,0,0,2065870,0.000000,0.000000
1732483718255,00001,111,2,139,139,1,83,0,1344,939,266,297,781,116,405,574470,0,266,289,8,282,499,0,0,715,1,329,159,140,15719305,8,441,314,266,10,165,127,157600,38.225000,0,266,10,0,0,165,0,0,343,1,0,24,73,1507024,1497.000000,0.000000
1732483718255,00002,111,2,139,139,1,83,0,1344,939,266,297,781,116,405,574470,0,266,289,8,282,499,0,0,715,1,329,159,140,15719305,8,437,331,0,3,434,106,229878,37.281786,0,0,0,3,282,152,0,0,0,0,329,108,0,1133709,5279.000000,0.000000
1732483718255,00003,111,2,139,139,1,83,0,1344,939,266,297,781,116,405,574470,0,266,289,8,282,499,0,0,715,1,329,159,140,15719305,8,466,294,0,284,182,172,186992,41.054643,0,0,279,5,0,182,0,0,372,0,0,27,67,1439222,1522.000000,0.000000
1732483718255,00008,111,2,139,139,1,83,0,1344,939,266,297,781,116,405,574470,0,266,289,8,282,499,0,0,715,1,329,159,140,15719305,8,0,0,0,0,0,0,0,0.000000,0,0,0,0,0,0,0,0,0,0,0,0,0,2327870,0.000000,0.000000
1732483718255,00009,111,2,139,139,1,83,0,1344,939,266,297,781,116,405,574470,0,266,289,8,282,499,0,0,715,1,329,159,140,15719305,8,0,0,0,0,0,0,0,0.000000,0,0,0,0,0,0,0,0,0,0,0,0,0,2327870,0.000000,0.000000
1732483718255,00010,111,2,139,139,1,83,0,1344,939,266,297,781,116,405,574470,0,266,289,8,282,499,0,0,715,1,329,159,140,15719305,8,0,0,0,0,0,0,0,0.000000,0,0,0,0,0,0,0,0,0,0,0,0,0,2327870,0.000000,0.000000
1732483718255,00011,111,2,139,139,1,83,0,1344,939,266,297,781,116,405,574470,0,266,289,8,282,499,0,0,715,1,329,159,140,15719305,8,0,0,0,0,0,0,0,0.000000,0,0,0,0,0,0,0,0,0,0,0,0,0,2327870,0.000000,0.000000
1732483718255,00012,111,2,139,139,1,83,0,1344,939,266,297,781,116,405,574470,0,266,289,8,282,499,0,0,715,1,329,159,140,15719305,8,0,0,0,0,0,0,0,0.000000,0,0,0,0,0,0,0,0,0,0,0,0,0,2327870,0.000000,0.000000
1732483718355,00001,111,2,139,139,1,82,0,1335,961,290,286,759,115,374,538239,0,290,286,289,28,442,0,0,726,330,1,160,118,17487357,8,446,312,290,13,143,134,140276,39.590179,0,290,13,0,23,120,0,0,357,0,0,54,35,1692530,1533.000000,2096.000000
1732483718355,00002,111,2,139,139,1,82,0,1335,961,290,286,759,115,374,538239,0,290,286,289,28,442,0,0,726,330,1,160,118,17487357,8,426,337,0,0,426,89,199784,36.785357,0,0,0,289,5,132,0,0,0,330,1,95,0,1249995,3881.000000,9432.000000
1732483718355,00003,111,2,139,139,1,82,0,1335,961,290,286,759,115,374,538239,0,290,286,289,28,442,0,0,726,330,1,160,118,17487357,8,463,312,0,273,190,151,198179,40.682321,0,0,273,0,0,190,0,0,369,0,0,11,83,1595482,2688.000000,6287.000000
1732483718355,00008,111,2,139,139,1,82,0,1335,961,290,286,759,115,374,538239,0,290,286,289,28,442,0,0,726,330,1,160,118,17487357,8,0,0,0,0,0,0,0,0.000000,0,0,0,0,0,0,0,0,0,0,0,0,0,2589870,0.000000,0.000000
1732483718355,00009,111,2,139,139,1,82,0,1335,961,290,286,759,115,374,538239,0,290,286,289,28,442,0,0,726,330,1,160,118,17487357,8,0,0,0,0,0,0,0,0.000000,0,0,0,0,0,0,0,0,0,0,0,0,0,2589870,0.000000,0.000000
1732483718355,00010,111,2,139,139,1,82,0,1335,961,290,286,759,115,374,538239,0,290,286,289,28,442,0,0,726,330,1,160,118,17487357,8,0,0,0,0,0,0,0,0.000000,0,0,0,0,0,0,0,0,0,0,0,0,0,2589870,0.000000,0.000000
1732483718355,00011,111,2,139,139,1,82,0,1335,961,290,286,759,115,374,538239,0,290,286,289,28,442,0,0,726,330,1,160,118,17487357,8,0,0,0,0,0,0,0,0.000000,0,0,0,0,0,0,0,0,0,0,0,0,0,2589870,0.000000,0.000000
1732483718355,00012,111,2,139,139,1,82,0,1335,961,290,286,759,115,374,538239,0,290,286,289,28,442,0,0,726,330,1,160,118,17487357,8,0,0,0,0,0,0,0,0.000000,0,0,0,0,0,0,0,0,0,0,0,0,0,2589870,0.000000,0.000000
1732483718455,00001,111,2,139,139,1,76,0,1427,1275,347,397,683,106,152,542897,3,344,196,205,228,451,0,0,378,435,185,208,221,21976642,9,417,364,344,0,73,53,87834,35.196786,0,344,0,0,12,61,0,0,378,0,0,20,19,1899394,1489.000000,3458.000000
1732483718455,00002,111,2,139,139,1,76,0,1427,1275,347,397,683,106,152,542897,3,344,196,205,228,451,0,0,378,435,185,208,221,21976642,9,424,375,0,201,223,49,161976,35.519464,0,0,0,205,216,3,0,0,0,218,185,21,0,1374303,3770.000000,10060.000000
1732483718455,00003,111,2,139,139,1,76,0,1427,1275,347,397,683,106,152,542897,3,344,196,205,228,451,0,0,378,435,185,208,221,21976642,9,419,369,0,196,223,50,189066,35.196786,0,0,196,0,0,223,0,0,0,217,0,0,202,1696014,3392.000000,11947.000000
1732483718455,00008,111,2,139,139,1,76,0,1427,1275,347,397,683,106,152,542897,3,344,196,205,228,451,0,0,378,435,185,208,221,21976642,9,0,0,0,0,0,0,0,0.000000,0,0,0,0,0,0,0,0,0,0,0,0,0,2851870,0.000000,0.000000
1732483718455,00009,111,2,139,139,1,76,0,1427,1275,347,397,683,106,152,542897,3,344,196,205,228,451,0,0,378,435,185,208,221,21976642,9,0,0,0,0,0,0,0,0.000000,0,0,0,0,0,0,0,0,0,0,0,0,0,2851870,0.000000,0.000000
1732483718455,00010,111,2,139,139,1,76,0,1427,1275,347,397,683,106,152,542897,3,344,196,205,228,451,0,0,378,435,185,208,221,21976642,9,0,0,0,0,0,0,0,0.000000,0,0,0,0,0,0,0,0,0,0,0,0,0,2851870,0.000000,0.000000
1732483718455,00011,111,2,139,139,1,76,0,1427,1275,347,397,683,106,152,542897,3,344,196,205,228,451,0,0,378,435,185,208,221,21976642,9,0,0,0,0,0,0,0,0.000000,0,0,0,0,0,0,0,0,0,0,0,0,0,2851870,0.000000,0.000000
1732483718455,00012,111,2,139,139,1,76,0,1427,1275,347,397,683,106,152,542897,3,344,196,205,228,451,0,0,378,435,185,208,221,21976642,9,0,0,0,0,0,0,0,0.000000,0,0,0,0,0,0,0,0,0,0,0,0,0,2851870,0.000000,0.000000
1732483718455,00005,111,2,139,139,1,76,0,1427,1275,347,397,683,106,152,542897,3,344,196,205,228,451,0,0,378,435,185,208,221,21976642,9,167,167,3,0,164,0,104021,1.035863,3,0,0,0,0,164,0,0,0,0,0,167,0,2747581,5958.000000,8174.000000
1732483718555,00001,111,2,139,139,1,84,0,1939,1225,176,519,1244,117,714,717069,0,176,519,0,142,1102,0,0,284,793,114,416,332,23926903,9,483,309,4,170,309,174,179786,29.115536,0,4,170,0,0,309,0,0,1,274,0,92,116,2057554,1900.000000,5554.000000
1732483718555,00002,111,2,139,139,1,84,0,1939,1225,176,519,1244,117,714,717069,0,176,519,0,142,1102,0,0,284,793,114,416,332,23926903,9,470,304,0,167,303,166,180859,29.239643,0,0,167,0,75,228,0,0,0,257,60,153,0,1532821,3417.000000,5240.000000
1732483718555,00003,111,2,139,139,1,84,0,1939,1225,176,519,1244,117,714,717069,0,176,519,0,142,1102,0,0,284,793,114,416,332,23926903,9,478,313,0,182,296,165,175311,28.668750,0,0,182,0,0,296,0,0,0,262,0,0,216,1851782,3162.000000,6392.000000
1732483718555,00008,111,2,139,139,1,84,0,1939,1225,176,519,1244,117,714,717069,0,176,519,0,142,1102,0,0,284,793,114,416,332,23926903,9,0,0,0,0,0,0,0,0.000000,0,0,0,0,0,0,0,0,0,0,0,0,0,3113870,0.000000,0.000000
1732483718555,00009,111,2,139,139,1,84,0,1939,1225,176,519,1244,117,714,717069,0,176,519,0,142,1102,0,0,284,793,114,416,332,23926903,9,0,0,0,0,0,0,0,0.000000,0,0,0,0,0,0,0,0,0,0,0,0,0,3113870,0.000000,0.000000
1732483718555,00010,111,2,139,139,1,84,0,1939,1225,176,519,1244,117,714,717069,0,176,519,0,142,1102,0,0,284,793,114,416,332,23926903,9,0,0,0,0,0,0,0,0.000000,0,0,0,0,0,0,0,0,0,0,0,0,0,3113870,0.000000,0.000000
1732483718555,00011,111,2,139,139,1,84,0,1939,1225,176,519,1244,117,714,717069,0,176,519,0,142,1102,0,0,284,793,114,416,332,23926903,9,0,0,0,0,0,0,0,0.000000,0,0,0,0,0,0,0,0,0,0,0,0,0,3113870,0.000000,0.000000
1732483718555,00012,111,2,139,139,1,84,0,1939,1225,176,519,1244,117,714,717069,0,176,519,0,142,1102,0,0,284,793,114,416,332,23926903,9,0,0,0,0,0,0,0,0.000000,0,0,0,0,0,0,0,0,0,0,0,0,0,3113870,0.000000,0.000000
1732483718555,00005,111,2,139,139,1,84,0,1939,1225,176,519,1244,117,714,717069,0,176,519,0,142,1102,0,0,284,793,114,416,332,23926903,9,508,299,172,0,336,209,181113,31.374286,0,172,0,0,67,269,0,0,283,0,54,171,0,2915396,3356.000000,3248.000000
1732483718655,00001,111,2,139,139,1,83,0,1999,1237,210,507,1282,116,762,725898,0,210,159,348,181,1101,0,0,577,564,89,355,414,25869319,9,492,313,0,158,334,179,185459,28.594286,0,0,158,0,0,334,0,0,256,0,0,43,193,2208350,2108.000000,5030.000000
1732483718655,00002,111,2,139,139,1,83,0,1999,1237,210,507,1282,116,762,725898,0,210,159,348,181,1101,0,0,577,564,89,355,414,25869319,9,479,316,0,185,294,163,168498,28.792857,0,0,1,184,136,158,0,0,0,283,49,147,0,1696616,3184.000000,7860.000000
1732483718655,00003,111,2,139,139,1,83,0,1999,1237,210,507,1282,116,762,725898,0,210,159,348,181,1101,0,0,577,564,89,355,414,25869319,9,502,313,0,164,338,189,200948,29.264464,0,0,0,164,0,338,0,0,0,281,0,0,221,1992223,3149.000000,7126.000000
1732483718655,00008,111,2,139,139,1,83,0,1999,1237,210,507,1282,116,762,725898,0,210,159,348,181,1101,0,0,577,564,89,355,414,25869319,9,0,0,0,0,0,0,0,0.000000,0,0,0,0,0,0,0,0,0,0,0,0,0,3375870,0.000000,0.000000
1732483718655,00009,111,2,139,139,1,83,0,1999,1237,210,507,1282,116,762,725898,0,210,159,348,181,1101,0,0,577,564,89,355,414,25869319,9,0,0,0,0,0,0,0,0.000000,0,0,0,0,0,0,0,0,0,0,0,0,0,3375870,0.000000,0.000000
1732483718655,00010,111,2,139,139,1,83,0,1999,1237,210,507,1282,116,762,725898,0,210,159,348,181,1101,0,0,577,564,89,355,414,25869319,9,0,0,0,0,0,0,0,0.000000,0,0,0,0,0,0,0,0,0,0,0,0,0,3375870,0.000000,0.000000
1732483718655,00011,111,2,139,139,1,83,0,1999,1237,210,507,1282,116,762,725898,0,210,159,348,181,1101,0,0,577,564,89,355,414,25869319,9,0,0,0,0,0,0,0,0.000000,0,0,0,0,0,0,0,0,0,0,0,0,0,3375870,0.000000,0.000000
1732483718655,00012,111,2,139,139,1,83,0,1999,1237,210,507,1282,116,762,725898,0,210,159,348,181,1101,0,0,577,564,89,355,414,25869319,9,0,0,0,0,0,0,0,0.000000,0,0,0,0,0,0,0,0,0,0,0,0,0,3375870,0.000000,0.000000
1732483718655,00005,111,2,139,139,1,83,0,1999,1237,210,507,1282,116,762,725898,0,210,159,348,181,1101,0,0,577,564,89,355,414,25869319,9,526,295,210,0,316,231,170993,31.498393,0,210,0,0,45,271,0,0,321,0,40,165,0,3092780,2750.000000,2620.000000
1732483718755,00001,111,2,139,139,1,83,0,2007,1253,248,417,1342,116,754,671245,0,248,415,155,109,1080,0,0,651,284,302,426,344,27833336,9,505,320,0,181,324,185,181546,29.214821,0,0,181,0,0,324,0,0,1,282,0,67,155,2360954,2221.000000,6916.000000
1732483718755,00002,111,2,139,139,1,83,0,2007,1253,248,417,1342,116,754,671245,0,248,415,155,109,1080,0,0,651,284,302,426,344,27833336,9,469,333,0,2,467,136,194749,27.874464,0,0,0,155,0,314,0,0,0,1,240,228,0,1832478,3190.000000,10375.000000
1732483718755,00003,111,2,139,139,1,83,0,2007,1253,248,417,1342,116,754,671245,0,248,415,155,109,1080,0,0,651,284,302,426,344,27833336,9,515,315,0,234,281,200,163353,29.810536,0,0,234,0,0,281,0,0,325,1,0,0,189,2160465,2967.000000,2305.000000
1732483718755,00008,111,2,139,139,1,83,0,2007,1253,248,417,1342,116,754,671245,0,248,415,155,109,1080,0,0,651,284,302,426,344,27833336,9,0,0,0,0,0,0,0,0.000000,0,0,0,0,0,0,0,0,0,0,0,0,0,3637870,0.000000,0.000000
1732483718755,00009,111,2,139,139,1,83,0,2007,1253,248,417,1342,116,754,671245,0,248,415,155,109,1080,0,0,651,284,302,426,344,27833336,9,0,0,0,0,0,0,0,0.000000,0,0,0,0,0,0,0,0,0,0,0,0,0,3637870,0.000000,0.000000
1732483718755,00010,111,2,139,139,1,83,0,2007,1253,248,417,1342,116,754,671245,0,248,415,155,109,1080,0,0,651,284,302,426,344,27833336,9,0,0,0,0,0,0,0,0.000000,0,0,0,0,0,0,0,0,0,0,0,0,0,3637870,0.000000,0.000000
1732483718755,00011,111,2,139,139,1,83,0,2007,1253,248,417,1342,116,754,671245,0,248,415,155,109,1080,0,0,651,284,302,426,344,27833336,9,0,0,0,0,0,0,0,0.000000,0,0,0,0,0,0,0,0,0,0,0,0,0,3637870,0.000000,0.000000
1732483718755,00012,111,2,139,139,1,83,0,2007,1253,248,417,1342,116,754,671245,0,248,415,155,109,1080,0,0,651,284,302,426,344,27833336,9,0,0,0,0,0,0,0,0.000000,0,0,0,0,0,0,0,0,0,0,0,0,0,3637870,0.000000,0.000000
1732483718755,00005,111,2,139,139,1,83,0,2007,1253,248,417,1342,116,754,671245,0,248,415,155,109,1080,0,0,651,284,302,426,344,27833336,9,518,285,248,0,270,233,131597,31.275000,0,248,0,0,109,161,0,0,325,0,62,131,0,3290089,2376.000000,838.000000
1732483718855,00001,111,2,139,139,1,82,0,1931,1248,203,321,1407,115,683,736564,0,203,321,150,103,1154,0,0,545,504,98,434,350,29759846,9,481,310,0,162,319,171,181310,28.966607,0,0,162,0,0,319,0,0,248,2,0,110,121,2513031,2324.000000,6078.000000
1732483718855,00002,111,2,139,139,1,82,0,1931,1248,203,321,1407,115,683,736564,0,203,321,150,103,1154,0,0,545,504,98,434,350,29759846,9,465,329,0,0,465,136,197929,28.718393,0,0,0,150,47,268,0,0,0,245,45,175,0,1968718,3204.000000,9851.000000
1732483718855,00003,111,2,139,139,1,82,0,1931,1248,203,321,1407,115,683,736564,0,203,321,150,103,1154,0,0,545,504,98,434,350,29759846,9,486,312,0,159,327,174,193791,29.959464,0,0,159,0,0,327,0,0,0,257,0,0,229,2305057,3006.000000,7440.000000
1732483718855,00008,111,2,139,139,1,82,0,1931,1248,203,321,1407,115,683,736564,0,203,321,150,103,1154,0,0,545,504,98,434,350,29759846,9,0,0,0,0,0,0,0,0.000000,0,0,0,0,0,0,0,0,0,0,0,0,0,3899870,0.000000,0.000000
1732483718855,00009,111,2,139,139,1,82,0,1931,1248,203,321,1407,115,683,736564,0,203,321,150,103,1154,0,0,545,504,98,434,350,29759846,9,0,0,0,0,0,0,0,0.000000,0,0,0,0,0,0,0,0,0,0,0,0,0,3899870,0.000000,0.000000
1732483718855,00010,111,2,139,139,1,82,0,1931,1248,203,321,1407,115,683,736564,0,203,321,150,103,1154,0,0,545,504,98,434,350,29759846,9,0,0,0,0,0,0,0,0.000000,0,0,0,0,0,0,0,0,0,0,0,0,0,3899870,0.000000,0.000000
1732483718855,00011,111,2,139,139,1,82,0,1931,1248,203,321,1407,115,683,736564,0,203,321,150,103,1154,0,0,545,504,98,434,350,29759846,9,0,0,0,0,0,0,0,0.000000,0,0,0,0,0,0,0,0,0,0,0,0,0,3899870,0.000000,0.000000
1732483718855,00012,111,2,139,139,1,82,0,1931,1248,203,321,1407,115,683,736564,0,203,321,150,103,1154,0,0,545,504,98,434,350,29759846,9,0,0,0,0,0,0,0,0.000000,0,0,0,0,0,0,0,0,0,0,0,0,0,3899870,0.000000,0.000000
1732483718855,00005,111,2,139,139,1,82,0,1931,1248,203,321,1407,115,683,736564,0,203,321,150,103,1154,0,0,545,504,98,434,350,29759846,9,499,297,203,0,296,202,163534,30.977143,0,203,0,0,56,240,0,0,297,0,53,149,0,3473690,2275.000000,3248.000000
1732483718955,00001,111,2,139,139,1,84,0,1996,1271,1,527,1468,117,725,768777,0,1,527,153,66,1249,0,0,298,596,286,464,352,31672895,9,514,314,0,184,330,200,191566,30.232500,0,0,184,0,0,330,0,0,0,305,0,64,145,2669557,2377.000000,6183.000000
1732483718955,00002,111,2,139,139,1,84,0,1996,1271,1,527,1468,117,725,768777,0,1,527,153,66,1249,0,0,298,596,286,464,352,31672895,9,473,335,0,0,473,138,197874,28.321250,0,0,0,153,1,319,0,0,0,0,228,245,0,2101281,3199.000000,9536.000000
1732483718955,00003,111,2,139,139,1,84,0,1996,1271,1,527,1468,117,725,768777,0,1,527,153,66,1249,0,0,298,596,286,464,352,31672895,9,498,314,0,180,318,184,190605,29.587143,0,0,180,0,0,318,0,0,0,291,0,0,207,2456134,2992.000000,7336.000000
1732483718955,00008,111,2,139,139,1,84,0,1996,1271,1,527,1468,117,725,768777,0,1,527,153,66,1249,0,0,298,596,286,464,352,31672895,9,0,0,0,0,0,0,0,0.000000,0,0,0,0,0,0,0,0,0,0,0,0,0,4161870,0.000000,0.000000
1732483718955,00009,111,2,139,139,1,84,0,1996,1271,1,527,1468,117,725,768777,0,1,527,153,66,1249,0,0,298,596,286,464,352,31672895,9,0,0,0,0,0,0,0,0.000000,0,0,0,0,0,0,0,0,0,0,0,0,0,4161870,0.000000,0.000000
1732483718955,00010,111,2,139,139,1,84,0,1996,1271,1,527,1468,117,725,768777,0,1,527,153,66,1249,0,0,298,596,286,464,352,31672895,9,0,0,0,0,0,0,0,0.000000,0,0,0,0,0,0,0,0,0,0,0,0,0,4161870,0.000000,0.000000
1732483718955,00011,111,2,139,139,1,84,0,1996,1271,1,527,1468,117,725,768777,0,1,527,153,66,1249,0,0,298,596,286,464,352,31672895,9,0,0,0,0,0,0,0,0.000000,0,0,0,0,0,0,0,0,0,0,0,0,0,4161870,0.000000,0.000000
1732483718955,00012,111,2,139,139,1,84,0,1996,1271,1,527,1468,117,725,768777,0,1,527,153,66,1249,0,0,298,596,286,464,352,31672895,9,0,0,0,0,0,0,0,0.000000,0,0,0,0,0,0,0,0,0,0,0,0,0,4161870,0.000000,0.000000
1732483718955,00005,111,2,139,139,1,84,0,1996,1271,1,527,1468,117,725,768777,0,1,527,153,66,1249,0,0,298,596,286,464,352,31672895,9,511,308,1,163,347,203,188732,30.232500,0,1,163,0,65,282,0,0,298,0,58,155,0,3636573,2311.000000,5763.000000
1732483719055,00001,111,2,139,139,1,83,0,1998,1234,209,553,1236,116,764,692171,0,209,369,188,185,1047,0,0,305,839,63,432,359,33633892,9,470,317,0,166,304,153,174396,27.651071,0,0,166,0,0,304,0,0,0,232,0,69,169,2819519,2432.000000,6602.000000
1732483719055,00002,111,2,139,139,1,83,0,1998,1234,209,553,1236,116,764,692171,0,209,369,188,185,1047,0,0,305,839,63,432,359,33633892,9,475,323,0,184,291,152,179723,28.221964,0,0,0,188,47,240,0,0,0,274,1,200,0,2255602,3137.000000,7231.000000
1732483719055,00003,111,2,139,139,1,83,0,1998,1234,209,553,1236,116,764,692171,0,209,369,188,185,1047,0,0,305,839,63,432,359,33633892,9,523,300,0,196,327,223,187375,30.530357,0,0,196,0,0,327,0,0,0,333,0,0,190,2618655,2940.000000,6497.000000
1732483719055,00008,111,2,139,139,1,83,0,1998,1234,209,553,1236,116,764,692171,0,209,369,188,185,1047,0,0,305,839,63,432,359,33633892,9,0,0,0,0,0,0,0,0.000000,0,0,0,0,0,0,0,0,0,0,0,0,0,4423870,0.000000,0.000000
1732483719055,00009,111,2,139,139,1,83,0,1998,1234,209,553,1236,116,764,692171,0,209,369,188,185,1047,0,0,305,839,63,432,359,33633892,9,0,0,0,0,0,0,0,0.000000,0,0,0,0,0,0,0,0,0,0,0,0,0,4423870,0.000000,0.000000
1732483719055,00010,111,2,139,139,1,83,0,1998,1234,209,553,1236,116,764,692171,0,209,369,188,185,1047,0,0,305,839,63,432,359,33633892,9,0,0,0,0,0,0,0,0.000000,0,0,0,0,0,0,0,0,0,0,0,0,0,4423870,0.000000,0.000000
1732483719055,00011,111,2,139,139,1,83,0,1998,1234,209,553,1236,116,764,692171,0,209,369,188,185,1047,0,0,305,839,63,432,359,33633892,9,0,0,0,0,0,0,0,0.000000,0,0,0,0,0,0,0,0,0,0,0,0,0,4423870,0.000000,0.000000
1732483719055,00012,111,2,139,139,1,83,0,1998,1234,209,553,1236,116,764,692171,0,209,369,188,185,1047,0,0,305,839,63,432,359,33633892,9,0,0,0,0,0,0,0,0.000000,0,0,0,0,0,0,0,0,0,0,0,0,0,4423870,0.000000,0.000000
1732483719055,00005,111,2,139,139,1,83,0,1998,1234,209,553,1236,116,764,692171,0,209,369,188,185,1047,0,0,305,839,63,432,359,33633892,9,530,294,209,7,314,236,150677,31.771429,0,209,7,0,138,176,0,0,305,0,62,163,0,3820766,2239.000000,3143.000000
1732483719155,00001,111,2,139,139,1,83,0,1974,1270,3,707,1264,116,704,723336,0,3,571,136,206,1058,0,0,1,1112,107,362,392,35567982,9,512,310,0,185,327,202,193663,30.480714,0,0,184,1,0,327,0,0,0,318,0,0,194,2973113,2477.000000,6392.000000
1732483719155,00002,111,2,139,139,1,83,0,1974,1270,3,707,1264,116,704,723336,0,3,571,136,206,1058,0,0,1,1112,107,362,392,35567982,9,462,333,0,135,327,129,171987,27.800000,0,0,0,135,145,182,0,0,0,209,56,197,0,2402960,3113.000000,8698.000000
1732483719155,00003,111,2,139,139,1,83,0,1974,1270,3,707,1264,116,704,723336,0,3,571,136,206,1058,0,0,1,1112,107,362,392,35567982,9,502,308,0,199,303,194,183647,30.232500,0,0,199,0,0,303,0,0,0,304,0,0,198,2776150,2906.000000,6287.000000
1732483719155,00008,111,2,139,139,1,83,0,1974,1270,3,707,1264,116,704,723336,0,3,571,136,206,1058,0,0,1,1112,107,362,392,35567982,9,0,0,0,0,0,0,0,0.000000,0,0,0,0,0,0,0,0,0,0,0,0,0,4685870,0.000000,0.000000
1732483719155,00009,111,2,139,139,1,83,0,1974,1270,3,707,1264,116,704,723336,0,3,571,136,206,1058,0,0,1,1112,107,362,392,35567982,9,0,0,0,0,0,0,0,0.000000,0,0,0,0,0,0,0,0,0,0,0,0,0,4685870,0.000000,0.000000
1732483719155,00010,111,2,139,139,1,83,0,1974,1270,3,707,1264,116,704,723336,0,3,571,136,206,1058,0,0,1,1112,107,362,392,35567982,9,0,0,0,0,0,0,0,0.000000,0,0,0,0,0,0,0,0,0,0,0,0,0,4685870,0.000000,0.000000
1732483719155,00011,111,2,139,139,1,83,0,1974,1270,3,707,1264,116,704,723336,0,3,571,136,206,1058,0,0,1,1112,107,362,392,35567982,9,0,0,0,0,0,0,0,0.000000,0,0,0,0,0,0,0,0,0,0,0,0,0,4685870,0.000000,0.000000
1732483719155,00012,111,2,139,139,1,83,0,1974,1270,3,707,1264,116,704,723336,0,3,571,136,206,1058,0,0,1,1112,107,362,392,35567982,9,0,0,0,0,0,0,0,0.000000,0,0,0,0,0,0,0,0,0,0,0,0,0,4685870,0.000000,0.000000
1732483719155,00005,111,2,139,139,1,83,0,1974,1270,3,707,1264,116,704,723336,0,3,571,136,206,1058,0,0,1,1112,107,362,392,35567982,9,498,319,3,188,307,179,174039,29.984286,0,3,188,0,61,246,0,0,1,281,51,165,0,3986409,2254.000000,6392.000000
1732483719255,00001,111,2,139,139,1,83,0,1978,1234,204,390,1384,116,744,705489,0,204,388,147,99,1140,0,0,599,274,267,476,362,37521748,9,518,303,0,187,331,215,185249,31.076429,0,0,187,0,0,331,0,0,294,1,0,68,155,3139351,1112.000000,0.000000
1732483719255,00002,111,2,139,139,1,83,0,1978,1234,204,390,1384,116,744,705489,0,204,388,147,99,1140,0,0,599,274,267,476,362,37521748,9,461,324,0,2,459,137,187720,27.452500,0,0,0,147,50,264,0,0,0,1,208,252,0,2542029,2432.000000,0.000000
1732483719255,00003,111,2,139,139,1,83,0,1978,1234,204,390,1384,116,744,705489,0,204,388,147,99,1140,0,0,599,274,267,476,362,37521748,9,473,311,0,195,278,162,158612,27.899286,0,0,195,0,0,278,0,0,0,266,0,0,207,2941549,1223.000000,0.000000
1732483719255,00008,111,2,139,139,1,83,0,1978,1234,204,390,1384,116,744,705489,0,204,388,147,99,1140,0,0,599,274,267,476,362,37521748,9,0,0,0,0,0,0,0,0.000000,0,0,0,0,0,0,0,0,0,0,0,0,0,4947870,0.000000,0.000000
1732483719255,00009,111,2,139,139,1,83,0,1978,1234,204,390,1384,116,744,705489,0,204,388,147,99,1140,0,0,599,274,267,476,362,37521748,9,0,0,0,0,0,0,0,0.000000,0,0,0,0,0,0,0,0,0,0,0,0,0,4947870,0.000000,0.000000
1732483719255,00010,111,2,139,139,1,83,0,1978,1234,204,390,1384,116,744,705489,0,204,388,147,99,1140,0,0,599,274,267,476,362,37521748,9,0,0,0,0,0,0,0,0.000000,0,0,0,0,0,0,0,0,0,0,0,0,0,4947870,0.000000,0.000000
1732483719255,00011,111,2,139,139,1,83,0,1978,1234,204,390,1384,116,744,705489,0,204,388,147,99,1140,0,0,599,274,267,476,362,37521748,9,0,0,0,0,0,0,0,0.000000,0,0,0,0,0,0,0,0,0,0,0,0,0,4947870,0.000000,0.000000
1732483719255,00012,111,2,139,139,1,83,0,1978,1234,204,390,1384,116,744,705489,0,204,388,147,99,1140,0,0,599,274,267,476,362,37521748,9,0,0,0,0,0,0,0,0.000000,0,0,0,0,0,0,0,0,0,0,0,0,0,4947870,0.000000,0.000000
1732483719255,00005,111,2,139,139,1,83,0,1978,1234,204,390,1384,116,744,705489,0,204,388,147,99,1140,0,0,599,274,267,476,362,37521748,9,526,296,204,6,316,230,173908,31.696964,0,204,6,0,49,267,0,0,305,6,59,156,0,4159469,1059.000000,0.000000
1732483719355,00001,111,2,139,139,1,83,0,1939,1246,201,345,1393,116,693,728403,0,201,345,0,275,1118,0,0,322,560,282,495,280,39459585,9,473,324,0,153,320,149,169778,28.892143,0,0,153,0,55,265,0,0,1,251,0,125,96,3300469,2504.000000,7231.000000
1732483719355,00002,111,2,139,139,1,83,0,1939,1246,201,345,1393,116,693,728403,0,201,345,0,275,1118,0,0,322,560,282,495,280,39459585,9,442,324,0,0,442,118,200060,27.278750,0,0,0,0,136,306,0,0,0,0,215,227,0,2667200,3612.000000,9641.000000
1732483719355,00003,111,2,139,139,1,83,0,1939,1246,201,345,1393,116,693,728403,0,201,345,0,275,1118,0,0,322,560,282,495,280,39459585,9,493,309,0,192,301,184,179407,29.611964,0,0,192,0,0,301,0,0,0,309,0,0,184,3103571,2611.000000,6183.000000
1732483719355,00008,111,2,139,139,1,83,0,1939,1246,201,345,1393,116,693,728403,0,201,345,0,275,1118,0,0,322,560,282,495,280,39459585,9,0,0,0,0,0,0,0,0.000000,0,0,0,0,0,0,0,0,0,0,0,0,0,5209870,0.000000,0.000000
1732483719355,00009,111,2,139,139,1,83,0,1939,1246,201,345,1393,116,693,728403,0,201,345,0,275,1118,0,0,322,560,282,495,280,39459585,9,0,0,0,0,0,0,0,0.000000,0,0,0,0,0,0,0,0,0,0,0,0,0,5209870,0.000000,0.000000
1732483719355,00010,111,2,139,139,1,83,0,1939,1246,201,345,1393,116,693,728403,0,201,345,0,275,1118,0,0,322,560,282,495,280,39459585,9,0,0,0,0,0,0,0,0.000000,0,0,0,0,0,0,0,0,0,0,0,0,0,5209870,0.000000,0.000000
1732483719355,00011,111,2,139,139,1,83,0,1939,1246,201,345,1393,116,693,728403,0,201,345,0,275,1118,0,0,322,560,282,495,280,39459585,9,0,0,0,0,0,0,0,0.000000,0,0,0,0,0,0,0,0,0,0,0,0,0,5209870,0.000000,0.000000
1732483719355,00012,111,2,139,139,1,83,0,1939,1246,201,345,1393,116,693,728403,0,201,345,0,275,1118,0,0,322,560,282,495,280,39459585,9,0,0,0,0,0,0,0,0.000000,0,0,0,0,0,0,0,0,0,0,0,0,0,5209870,0.000000,0.000000
1732483719355,00005,111,2,139,139,1,83,0,1939,1246,201,345,1393,116,693,728403,0,201,345,0,275,1118,0,0,322,560,282,495,280,39459585,9,531,289,201,0,330,242,179158,32.863571,0,201,0,0,84,246,0,0,321,0,67,143,0,4338995,1868.000000,2934.000000
1732483719455,00001,111,2,139,139,1,83,0,1966,1203,201,511,1254,116,763,684908,0,201,349,162,251,1003,0,0,593,510,128,425,310,41444884,9,477,303,0,160,317,174,180349,28.544643,0,0,160,0,3,314,0,0,0,269,0,104,104,3460945,2560.000000,5240.000000
1732483719455,00002,111,2,139,139,1,83,0,1966,1203,201,511,1254,116,763,684908,0,201,349,162,251,1003,0,0,593,510,128,425,310,41444884,9,479,316,0,162,317,163,175297,28.941786,0,0,0,162,117,200,0,0,0,240,50,189,0,2825544,3098.000000,8279.000000
1732483719455,00003,111,2,139,139,1,83,0,1966,1203,201,511,1254,116,763,684908,0,201,349,162,251,1003,0,0,593,510,128,425,310,41444884,9,497,302,0,189,308,195,174643,29.537500,0,0,189,0,0,308,0,0,290,1,0,0,206,3271370,2516.000000,4296.000000
1732483719455,00008,111,2,139,139,1,83,0,1966,1203,201,511,1254,116,763,684908,0,201,349,162,251,1003,0,0,593,510,128,425,310,41444884,9,0,0,0,0,0,0,0,0.000000,0,0,0,0,0,0,0,0,0,0,0,0,0,5471870,0.000000,0.000000
1732483719455,00009,111,2,139,139,1,83,0,1966,1203,201,511,1254,116,763,684908,0,201,349,162,251,1003,0,0,593,510,128,425,310,41444884,9,0,0,0,0,0,0,0,0.000000,0,0,0,0,0,0,0,0,0,0,0,0,0,5471870,0.000000,0.000000
1732483719455,00010,111,2,139,139,1,83,0,1966,1203,201,511,1254,116,763,684908,0,201,349,162,251,1003,0,0,593,510,128,425,310,41444884,9,0,0,0,0,0,0,0,0.000000,0,0,0,0,0,0,0,0,0,0,0,0,0,5471870,0.000000,0.000000
1732483719455,00011,111,2,139,139,1,83,0,1966,1203,201,511,1254,116,763,684908,0,201,349,162,251,1003,0,0,593,510,128,425,310,41444884,9,0,0,0,0,0,0,0,0.000000,0,0,0,0,0,0,0,0,0,0,0,0,0,5471870,0.000000,0.000000
1732483719455,00012,111,2,139,139,1,83,0,1966,1203,201,511,1254,116,763,684908,0,201,349,162,251,1003,0,0,593,510,128,425,310,41444884,9,0,0,0,0,0,0,0,0.000000,0,0,0,0,0,0,0,0,0,0,0,0,0,5471870,0.000000,0.000000
1732483719455,00005,111,2,139,139,1,83,0,1966,1203,201,511,1254,116,763,684908,0,201,349,162,251,1003,0,0,593,510,128,425,310,41444884,9,513,282,201,0,312,231,154619,31.498393,0,201,0,0,131,181,0,0,303,0,78,132,0,4527675,1795.000000,3248.000000
1732483719555,00001,111,2,139,139,1,83,0,1994,1224,207,526,1261,116,770,720582,0,207,318,208,72,1189,0,0,327,781,36,454,396,43390031,9,479,308,0,139,340,171,186179,28.296429,0,0,139,0,0,340,0,0,0,241,0,78,160,3606881,2746.000000,6183.000000
1732483719555,00002,111,2,139,139,1,83,0,1994,1224,207,526,1261,116,770,720582,0,207,318,208,72,1189,0,0,327,781,36,454,396,43390031,9,496,303,0,208,288,193,186641,29.438214,0,0,0,208,2,286,0,0,0,284,0,212,0,2982744,2960.000000,4506.000000
1732483719555,00003,111,2,139,139,1,83,0,1994,1224,207,526,1261,116,770,720582,0,207,318,208,72,1189,0,0,327,781,36,454,396,43390031,9,493,314,0,179,314,179,179233,28.966607,0,0,179,0,0,314,0,0,1,256,0,0,236,3420727,2588.000000,5344.000000
1732483719555,00008,111,2,139,139,1,83,0,1994,1224,207,526,1261,116,770,720582,0,207,318,208,72,1189,0,0,327,781,36,454,396,43390031,9,0,0,0,0,0,0,0,0.000000,0,0,0,0,0,0,0,0,0,0,0,0,0,5733870,0.000000,0.000000
1732483719555,00009,111,2,139,139,1,83,0,1994,1224,207,526,1261,116,770,720582,0,207,318,208,72,1189,0,0,327,781,36,454,396,43390031,9,0,0,0,0,0,0,0,0.000000,0,0,0,0,0,0,0,0,0,0,0,0,0,5733870,0.000000,0.000000
1732483719555,00010,111,2,139,139,1,83,0,1994,1224,207,526,1261,116,770,720582,0,207,318,208,72,1189,0,0,327,781,36,454,396,43390031,9,0,0,0,0,0,0,0,0.000000,0,0,0,0,0,0,0,0,0,0,0,0,0,5733870,0.000000,0.000000
1732483719555,00011,111,2,139,139,1,83,0,1994,1224,207,526,1261,116,770,720582,0,207,318,208,72,1189,0,0,327,781,36,454,396,43390031,9,0,0,0,0,0,0,0,0.000000,0,0,0,0,0,0,0,0,0,0,0,0,0,5733870,0.000000,0.000000
1732483719555,00012,111,2,139,139,1,83,0,1994,1224,207,526,1261,116,770,720582,0,207,318,208,72,1189,0,0,327,781,36,454,396,43390031,9,0,0,0,0,0,0,0,0.000000,0,0,0,0,0,0,0,0,0,0,0,0,0,5733870,0.000000,0.000000
1732483719555,00005,111,2,139,139,1,83,0,1994,1224,207,526,1261,116,770,720582,0,207,318,208,72,1189,0,0,327,781,36,454,396,43390031,9,526,299,207,0,319,227,168529,31.696964,0,207,0,0,70,249,0,0,326,0,36,164,0,4710329,1786.000000,1676.000000
1732483719655,00001,111,2,139,139,1,82,0,1983,1198,344,218,1421,115,785,710451,0,344,213,149,131,1146,0,0,896,211,72,479,325,45353753,9,506,293,174,1,331,213,179719,29.909821,0,174,1,0,0,331,0,0,310,0,0,39,157,3776814,2657.000000,3668.000000
1732483719655,00002,111,2,139,139,1,82,0,1983,1198,344,218,1421,115,785,710451,0,344,213,149,131,1146,0,0,896,211,72,479,325,45353753,9,464,328,0,5,459,136,188463,27.551786,0,0,0,149,51,264,0,0,0,209,0,255,0,3118944,3013.000000,9432.000000
1732483719655,00003,111,2,139,139,1,82,0,1983,1198,344,218,1421,115,785,710451,0,344,213,149,131,1146,0,0,896,211,72,479,325,45353753,9,501,297,0,212,289,204,166844,29.835357,0,0,212,0,0,289,0,0,295,2,0,36,168,3589811,2523.000000,2515.000000
1732483719655,00008,111,2,139,139,1,82,0,1983,1198,344,218,1421,115,785,710451,0,344,213,149,131,1146,0,0,896,211,72,479,325,45353753,9,0,0,0,0,0,0,0,0.000000,0,0,0,0,0,0,0,0,0,0,0,0,0,5995870,0.000000,0.000000
1732483719655,00009,111,2,139,139,1,82,0,1983,1198,344,218,1421,115,785,710451,0,344,213,149,131,1146,0,0,896,211,72,479,325,45353753,9,0,0,0,0,0,0,0,0.000000,0,0,0,0,0,0,0,0,0,0,0,0,0,5995870,0.000000,0.000000
1732483719655,00010,111,2,139,139,1,82,0,1983,1198,344,218,1421,115,785,710451,0,344,213,149,131,1146,0,0,896,211,72,479,325,45353753,9,0,0,0,0,0,0,0,0.000000,0,0,0,0,0,0,0,0,0,0,0,0,0,5995870,0.000000,0.000000
1732483719655,00011,111,2,139,139,1,82,0,1983,1198,344,218,1421,115,785,710451,0,344,213,149,131,1146,0,0,896,211,72,479,325,45353753,9,0,0,0,0,0,0,0,0.000000,0,0,0,0,0,0,0,0,0,0,0,0,0,5995870,0.000000,0.000000
1732483719655,00012,111,2,139,139,1,82,0,1983,1198,344,218,1421,115,785,710451,0,344,213,149,131,1146,0,0,896,211,72,479,325,45353753,9,0,0,0,0,0,0,0,0.000000,0,0,0,0,0,0,0,0,0,0,0,0,0,5995870,0.000000,0.000000
1732483719655,00005,111,2,139,139,1,82,0,1983,1198,344,218,1421,115,785,710451,0,344,213,149,131,1146,0,0,896,211,72,479,325,45353753,9,512,280,170,0,342,232,175425,30.778571,0,170,0,0,80,262,0,0,291,0,72,149,0,4888834,1848.000000,2934.000000
1732483719755,00001,111,2,139,139,1,83,0,1987,1223,399,363,1225,116,764,660136,0,399,190,174,237,987,0,0,900,257,82,435,313,47343111,9,500,302,174,0,326,198,172806,29.562321,0,174,0,0,0,326,0,0,273,0,0,102,125,3942152,2596.000000,3668.000000
1732483719755,00002,111,2,139,139,1,83,0,1987,1223,399,363,1225,116,764,660136,0,399,190,174,237,987,0,0,900,257,82,435,313,47343111,9,473,325,0,173,300,148,168906,28.246786,0,0,0,174,106,193,0,0,0,256,41,176,0,3276550,2941.000000,5659.000000
1732483719755,00003,111,2,139,139,1,83,0,1987,1223,399,363,1225,116,764,660136,0,399,190,174,237,987,0,0,900,257,82,435,313,47343111,9,501,298,0,190,311,203,177662,29.636786,0,0,190,0,0,311,0,0,312,1,0,0,188,3757050,2523.000000,5659.000000
1732483719755,00008,111,2,139,139,1,83,0,1987,1223,399,363,1225,116,764,660136,0,399,190,174,237,987,0,0,900,257,82,435,313,47343111,9,0,0,0,0,0,0,0,0.000000,0,0,0,0,0,0,0,0,0,0,0,0,0,6257870,0.000000,0.000000
1732483719755,00009,111,2,139,139,1,83,0,1987,1223,399,363,1225,116,764,660136,0,399,190,174,237,987,0,0,900,257,82,435,313,47343111,9,0,0,0,0,0,0,0,0.000000,0,0,0,0,0,0,0,0,0,0,0,0,0,6257870,0.000000,0.000000
1732483719755,00010,111,2,139,139,1,83,0,1987,1223,399,363,1225,116,764,660136,0,399,190,174,237,987,0,0,900,257,82,435,313,47343111,9,0,0,0,0,0,0,0,0.000000,0,0,0,0,0,0,0,0,0,0,0,0,0,6257870,0.000000,0.000000
1732483719755,00011,111,2,139,139,1,83,0,1987,1223,399,363,1225,116,764,660136,0,399,190,174,237,987,0,0,900,257,82,435,313,47343111,9,0,0,0,0,0,0,0,0.000000,0,0,0,0,0,0,0,0,0,0,0,0,0,6257870,0.000000,0.000000
1732483719755,00012,111,2,139,139,1,83,0,1987,1223,399,363,1225,116,764,660136,0,399,190,174,237,987,0,0,900,257,82,435,313,47343111,9,0,0,0,0,0,0,0,0.000000,0,0,0,0,0,0,0,0,0,0,0,0,0,6257870,0.000000,0.000000
1732483719755,00005,111,2,139,139,1,83,0,1987,1223,399,363,1225,116,764,660136,0,399,190,174,237,987,0,0,900,257,82,435,313,47343111,9,513,298,225,0,288,215,140762,30.629643,0,225,0,0,131,157,0,0,315,0,41,157,0,5078009,1805.000000,2305.000000
1732483719855,00001,111,2,139,139,1,83,0,1977,1211,6,719,1252,116,766,701519,0,6,580,139,123,1129,0,0,562,547,66,605,197,49306846,9,505,296,5,195,305,209,173990,30.331786,0,5,195,0,0,305,0,0,282,0,0,223,0,4110415,2530.000000,3353.000000
1732483719855,00002,111,2,139,139,1,83,0,1977,1211,6,719,1252,116,766,701519,0,6,580,139,123,1129,0,0,562,547,66,605,197,49306846,9,458,316,0,139,319,142,174254,27.874464,0,0,0,139,81,238,0,0,0,229,65,164,0,3429615,2929.000000,9117.000000
1732483719855,00003,111,2,139,139,1,83,0,1977,1211,6,719,1252,116,766,701519,0,6,580,139,123,1129,0,0,562,547,66,605,197,49306846,9,518,301,0,189,329,217,184410,30.331786,0,0,189,0,0,329,0,0,3,318,0,0,197,3920831,2508.000000,6707.000000
1732483719855,00008,111,2,139,139,1,83,0,1977,1211,6,719,1252,116,766,701519,0,6,580,139,123,1129,0,0,562,547,66,605,197,49306846,9,0,0,0,0,0,0,0,0.000000,0,0,0,0,0,0,0,0,0,0,0,0,0,6519870,0.000000,0.000000
1732483719855,00009,111,2,139,139,1,83,0,1977,1211,6,719,1252,116,766,701519,0,6,580,139,123,1129,0,0,562,547,66,605,197,49306846,9,0,0,0,0,0,0,0,0.000000,0,0,0,0,0,0,0,0,0,0,0,0,0,6519870,0.000000,0.000000
1732483719855,00010,111,2,139,139,1,83,0,1977,1211,6,719,1252,116,766,701519,0,6,580,139,123,1129,0,0,562,547,66,605,197,49306846,9,0,0,0,0,0,0,0,0.000000,0,0,0,0,0,0,0,0,0,0,0,0,0,6519870,0.000000,0.000000
1732483719855,00011,111,2,139,139,1,83,0,1977,1211,6,719,1252,116,766,701519,0,6,580,139,123,1129,0,0,562,547,66,605,197,49306846,9,0,0,0,0,0,0,0,0.000000,0,0,0,0,0,0,0,0,0,0,0,0,0,6519870,0.000000,0.000000
1732483719855,00012,111,2,139,139,1,83,0,1977,1211,6,719,1252,116,766,701519,0,6,580,139,123,1129,0,0,562,547,66,605,197,49306846,9,0,0,0,0,0,0,0,0.000000,0,0,0,0,0,0,0,0,0,0,0,0,0,6519870,0.000000,0.000000
1732483719855,00005,111,2,139,139,1,83,0,1977,1211,6,719,1252,116,766,701519,0,6,580,139,123,1129,0,0,562,547,66,605,197,49306846,9,496,298,1,196,299,198,168865,29.835357,0,1,196,0,42,257,0,0,277,0,1,218,0,5246635,1874.000000,3458.000000
1732483719955,00001,111,2,139,139,1,83,0,1831,1354,147,221,1463,116,477,786707,0,147,220,1,306,1157,0,0,231,358,306,413,523,51083356,9,460,336,0,111,349,124,211628,29.711250,0,0,111,0,0,349,0,0,1,175,0,45,239,4213769,2760.000000,11318.000000
1732483719955,00002,111,2,139,139,1,83,0,1831,1354,147,221,1463,116,477,786707,0,147,220,1,306,1157,0,0,231,358,306,413,523,51083356,9,430,350,0,1,429,80,177077,28.420536,0,0,0,1,268,161,0,0,0,0,276,154,0,3554406,3037.000000,11004.000000
1732483719955,00003,111,2,139,139,1,83,0,1831,1354,147,221,1463,116,477,786707,0,147,220,1,306,1157,0,0,231,358,306,413,523,51083356,9,467,345,0,101,366,122,216398,29.487857,0,0,101,0,0,366,0,0,0,183,0,0,284,4021983,2772.000000,10584.000000
1732483719955,00008,111,2,139,139,1,83,0,1831,1354,147,221,1463,116,477,786707,0,147,220,1,306,1157,0,0,231,358,306,413,523,51083356,9,0,0,0,0,0,0,0,0.000000,0,0,0,0,0,0,0,0,0,0,0,0,0,6781870,0.000000,0.000000
1732483719955,00009,111,2,139,139,1,83,0,1831,1354,147,221,1463,116,477,786707,0,147,220,1,306,1157,0,0,231,358,306,413,523,51083356,9,0,0,0,0,0,0,0,0.000000,0,0,0,0,0,0,0,0,0,0,0,0,0,6781870,0.000000,0.000000
1732483719955,00010,111,2,139,139,1,83,0,1831,1354,147,221,1463,116,477,786707,0,147,220,1,306,1157,0,0,231,358,306,413,523,51083356,9,0,0,0,0,0,0,0,0.000000,0,0,0,0,0,0,0,0,0,0,0,0,0,6781870,0.000000,0.000000
1732483719955,00011,111,2,139,139,1,83,0,1831,1354,147,221,1463,116,477,786707,0,147,220,1,306,1157,0,0,231,358,306,413,523,51083356,9,0,0,0,0,0,0,0,0.000000,0,0,0,0,0,0,0,0,0,0,0,0,0,6781870,0.000000,0.000000
1732483719955,00012,111,2,139,139,1,83,0,1831,1354,147,221,1463,116,477,786707,0,147,220,1,306,1157,0,0,231,358,306,413,523,51083356,9,0,0,0,0,0,0,0,0.000000,0,0,0,0,0,0,0,0,0,0,0,0,0,6781870,0.000000,0.000000
1732483719955,00005,111,2,139,139,1,83,0,1831,1354,147,221,1463,116,477,786707,0,147,220,1,306,1157,0,0,231,358,306,413,523,51083356,9,474,323,147,8,319,151,181604,30.902679,0,147,8,0,38,281,0,0,230,0,30,214,0,5383848,2055.000000,8069.000000
1732483720055,00001,111,2,139,139,1,83,0,2020,1245,207,517,1296,116,775,717440,0,207,324,193,100,1196,0,0,807,308,85,428,392,53026265,9,492,316,0,181,311,176,173578,28.643929,0,0,181,0,0,311,0,0,246,3,0,77,166,4367824,2733.000000,6916.000000
1732483720055,00002,111,2,139,139,1,83,0,2020,1245,207,517,1296,116,775,717440,0,207,324,193,100,1196,0,0,807,308,85,428,392,53026265,9,517,311,0,193,324,206,198162,30.381429,0,0,0,193,44,280,0,0,0,304,42,171,0,3706463,3001.000000,4925.000000
1732483720055,00003,111,2,139,139,1,83,0,2020,1245,207,517,1296,116,775,717440,0,207,324,193,100,1196,0,0,807,308,85,428,392,53026265,9,493,310,0,143,350,183,186247,28.445357,0,0,143,0,0,350,0,0,266,1,0,0,226,4174865,2776.000000,6812.000000
1732483720055,00008,111,2,139,139,1,83,0,2020,1245,207,517,1296,116,775,717440,0,207,324,193,100,1196,0,0,807,308,85,428,392,53026265,9,0,0,0,0,0,0,0,0.000000,0,0,0,0,0,0,0,0,0,0,0,0,0,7043870,0.000000,0.000000
1732483720055,00009,111,2,139,139,1,83,0,2020,1245,207,517,1296,116,775,717440,0,207,324,193,100,1196,0,0,807,308,85,428,392,53026265,9,0,0,0,0,0,0,0,0.000000,0,0,0,0,0,0,0,0,0,0,0,0,0,7043870,0.000000,0.000000
1732483720055,00010,111,2,139,139,1,83,0,2020,1245,207,517,1296,116,775,717440,0,207,324,193,100,1196,0,0,807,308,85,428,392,53026265,9,0,0,0,0,0,0,0,0.000000,0,0,0,0,0,0,0,0,0,0,0,0,0,7043870,0.000000,0.000000
1732483720055,00011,111,2,139,139,1,83,0,2020,1245,207,517,1296,116,775,717440,0,207,324,193,100,1196,0,0,807,308,85,428,392,53026265,9,0,0,0,0,0,0,0,0.000000,0,0,0,0,0,0,0,0,0,0,0,0,0,7043870,0.000000,0.000000
1732483720055,00012,111,2,139,139,1,83,0,2020,1245,207,517,1296,116,775,717440,0,207,324,193,100,1196,0,0,807,308,85,428,392,53026265,9,0,0,0,0,0,0,0,0.000000,0,0,0,0,0,0,0,0,0,0,0,0,0,7043870,0.000000,0.000000
1732483720055,00005,111,2,139,139,1,83,0,2020,1245,207,517,1296,116,775,717440,0,207,324,193,100,1196,0,0,807,308,85,428,392,53026265,9,518,308,207,0,311,210,159453,30.306964,0,207,0,0,56,255,0,0,295,0,43,180,0,5557763,2039.000000,2620.000000
1732483720155,00001,111,2,139,139,1,83,0,1962,1195,414,348,1200,116,767,676877,0,414,175,173,176,1024,0,0,602,520,106,424,310,55002668,9,487,292,184,1,302,195,160393,29.214821,0,184,1,0,61,241,0,0,267,0,0,117,103,4539246,2670.000000,3039.000000
1732483720155,00002,111,2,139,139,1,83,0,1962,1195,414,348,1200,116,767,676877,0,414,175,173,176,1024,0,0,602,520,106,424,310,55002668,9,465,320,0,173,292,145,178812,27.973750,0,0,0,173,42,250,0,0,0,244,42,179,0,3855237,2989.000000,7545.000000
1732483720155,00003,111,2,139,139,1,83,0,1962,1195,414,348,1200,116,767,676877,0,414,175,173,176,1024,0,0,602,520,106,424,310,55002668,9,483,306,0,174,309,177,180678,28.768036,0,0,174,0,0,309,0,0,0,276,0,0,207,4331242,2775.000000,6078.000000
1732483720155,00008,111,2,139,139,1,83,0,1962,1195,414,348,1200,116,767,676877,0,414,175,173,176,1024,0,0,602,520,106,424,310,55002668,9,0,0,0,0,0,0,0,0.000000,0,0,0,0,0,0,0,0,0,0,0,0,0,7305870,0.000000,0.000000
1732483720155,00009,111,2,139,139,1,83,0,1962,1195,414,348,1200,116,767,676877,0,414,175,173,176,1024,0,0,602,520,106,424,310,55002668,9,0,0,0,0,0,0,0,0.000000,0,0,0,0,0,0,0,0,0,0,0,0,0,7305870,0.000000,0.000000
1732483720155,00010,111,2,139,139,1,83,0,1962,1195,414,348,1200,116,767,676877,0,414,175,173,176,1024,0,0,602,520,106,424,310,55002668,9,0,0,0,0,0,0,0,0.000000,0,0,0,0,0,0,0,0,0,0,0,0,0,7305870,0.000000,0.000000
1732483720155,00011,111,2,139,139,1,83,0,1962,1195,414,348,1200,116,767,676877,0,414,175,173,176,1024,0,0,602,520,106,424,310,55002668,9,0,0,0,0,0,0,0,0.000000,0,0,0,0,0,0,0,0,0,0,0,0,0,7305870,0.000000,0.000000
1732483720155,00012,111,2,139,139,1,83,0,1962,1195,414,348,1200,116,767,676877,0,414,175,173,176,1024,0,0,602,520,106,424,310,55002668,9,0,0,0,0,0,0,0,0.000000,0,0,0,0,0,0,0,0,0,0,0,0,0,7305870,0.000000,0.000000
1732483720155,00005,111,2,139,139,1,83,0,1962,1195,414,348,1200,116,767,676877,0,414,175,173,176,1024,0,0,602,520,106,424,310,55002668,9,527,277,230,0,297,250,156994,32.168571,0,230,0,0,73,224,0,0,335,0,64,128,0,5747593,1990.000000,1152.000000
1732483720255,00001,111,2,139,139,1,84,0,1928,1236,217,493,1218,117,692,703092,0,217,335,158,181,1037,0,0,283,805,148,325,367,56949125,9,486,304,3,156,327,182,195753,29.264464,0,3,156,0,0,327,0,0,3,278,0,51,154,4688404,4300.000000,0.000000
1732483720255,00002,111,2,139,139,1,84,0,1928,1236,217,493,1218,117,692,703092,0,217,335,158,181,1037,0,0,283,805,148,325,367,56949125,9,451,320,0,158,293,131,177991,28.370893,0,0,0,158,66,227,0,0,0,235,45,171,0,4002875,1864.000000,0.000000
1732483720255,00003,111,2,139,139,1,84,0,1928,1236,217,493,1218,117,692,703092,0,217,335,158,181,1037,0,0,283,805,148,325,367,56949125,9,495,306,0,179,316,189,183612,30.232500,0,0,179,0,0,316,0,0,279,3,0,0,213,4488897,4116.000000,0.000000
1732483720255,00008,111,2,139,139,1,84,0,1928,1236,217,493,1218,117,692,703092,0,217,335,158,181,1037,0,0,283,805,148,325,367,56949125,9,0,0,0,0,0,0,0,0.000000,0,0,0,0,0,0,0,0,0,0,0,0,0,7567870,0.000000,0.000000
1732483720255,00009,111,2,139,139,1,84,0,1928,1236,217,493,1218,117,692,703092,0,217,335,158,181,1037,0,0,283,805,148,325,367,56949125,9,0,0,0,0,0,0,0,0.000000,0,0,0,0,0,0,0,0,0,0,0,0,0,7567870,0.000000,0.000000
1732483720255,00010,111,2,139,139,1,84,0,1928,1236,217,493,1218,117,692,703092,0,217,335,158,181,1037,0,0,283,805,148,325,367,56949125,9,0,0,0,0,0,0,0,0.000000,0,0,0,0,0,0,0,0,0,0,0,0,0,7567870,0.000000,0.000000
1732483720255,00011,111,2,139,139,1,84,0,1928,1236,217,493,1218,117,692,703092,0,217,335,158,181,1037,0,0,283,805,148,325,367,56949125,9,0,0,0,0,0,0,0,0.000000,0,0,0,0,0,0,0,0,0,0,0,0,0,7567870,0.000000,0.000000
1732483720255,00012,111,2,139,139,1,84,0,1928,1236,217,493,1218,117,692,703092,0,217,335,158,181,1037,0,0,283,805,148,325,367,56949125,9,0,0,0,0,0,0,0,0.000000,0,0,0,0,0,0,0,0,0,0,0,0,0,7567870,0.000000,0.000000
1732483720255,00005,111,2,139,139,1,84,0,1928,1236,217,493,1218,117,692,703092,0,217,335,158,181,1037,0,0,283,805,148,325,367,56949125,9,496,306,214,0,282,190,145736,30.654464,0,214,0,0,115,167,0,0,1,289,103,103,0,5929599,1143.000000,0.000000
1732483720355,00001,111,2,139,139,1,83,0,1928,1268,164,492,1272,116,660,743425,0,164,344,148,106,1166,0,0,255,757,85,461,370,58845323,9,473,316,0,177,296,157,177659,29.239643,0,0,177,0,0,296,0,0,0,268,0,43,162,4843094,2849.000000,7545.000000
1732483720355,00002,111,2,139,139,1,83,0,1928,1268,164,492,1272,116,660,743425,0,164,344,148,106,1166,0,0,255,757,85,461,370,58845323,9,471,336,0,148,323,135,181343,28.718393,0,0,0,148,105,218,0,0,0,213,84,174,0,4143862,3033.000000,6497.000000
1732483720355,00003,111,2,139,139,1,83,0,1928,1268,164,492,1272,116,660,743425,0,164,344,148,106,1166,0,0,255,757,85,461,370,58845323,9,483,307,0,167,316,176,197544,29.736071,0,0,167,0,0,316,0,0,1,274,0,0,208,4631654,3298.000000,7231.000000
1732483720355,00008,111,2,139,139,1,83,0,1928,1268,164,492,1272,116,660,743425,0,164,344,148,106,1166,0,0,255,757,85,461,370,58845323,9,0,0,0,0,0,0,0,0.000000,0,0,0,0,0,0,0,0,0,0,0,0,0,7829870,0.000000,0.000000
1732483720355,00009,111,2,139,139,1,83,0,1928,1268,164,492,1272,116,660,743425,0,164,344,148,106,1166,0,0,255,757,85,461,370,58845323,9,0,0,0,0,0,0,0,0.000000,0,0,0,0,0,0,0,0,0,0,0,0,0,7829870,0.000000,0.000000
1732483720355,00010,111,2,139,139,1,83,0,1928,1268,164,492,1272,116,660,743425,0,164,344,148,106,1166,0,0,255,757,85,461,370,58845323,9,0,0,0,0,0,0,0,0.000000,0,0,0,0,0,0,0,0,0,0,0,0,0,7829870,0.000000,0.000000
1732483720355,00011,111,2,139,139,1,83,0,1928,1268,164,492,1272,116,660,743425,0,164,344,148,106,1166,0,0,255,757,85,461,370,58845323,9,0,0,0,0,0,0,0,0.000000,0,0,0,0,0,0,0,0,0,0,0,0,0,7829870,0.000000,0.000000
1732483720355,00012,111,2,139,139,1,83,0,1928,1268,164,492,1272,116,660,743425,0,164,344,148,106,1166,0,0,255,757,85,461,370,58845323,9,0,0,0,0,0,0,0,0.000000,0,0,0,0,0,0,0,0,0,0,0,0,0,7829870,0.000000,0.000000
1732483720355,00005,111,2,139,139,1,83,0,1928,1268,164,492,1272,116,660,743425,0,164,344,148,106,1166,0,0,255,757,85,461,370,58845323,9,501,309,164,0,337,192,186879,30.877857,0,164,0,0,1,336,0,0,254,2,1,244,0,6077363,2672.000000,4820.000000
1732483720455,00001,111,2,139,139,1,84,0,1954,1215,201,508,1245,117,739,695882,0,201,357,151,185,1060,0,0,612,502,86,495,259,60823883,9,503,301,0,184,319,202,178155,30.058750,0,0,184,0,0,319,0,0,0,283,0,118,102,5012503,2539.000000,5135.000000
1732483720455,00002,111,2,139,139,1,84,0,1954,1215,201,508,1245,117,739,695882,0,201,357,151,185,1060,0,0,612,502,86,495,259,60823883,9,454,312,0,151,303,142,190250,28.048214,0,0,0,151,3,300,0,0,0,219,1,234,0,4290082,3028.000000,10060.000000
1732483720455,00003,111,2,139,139,1,84,0,1954,1215,201,508,1245,117,739,695882,0,201,357,151,185,1060,0,0,612,502,86,495,259,60823883,9,481,305,0,173,308,176,161893,28.817679,0,0,173,0,54,254,0,0,289,0,0,35,157,4801037,2820.000000,7021.000000
1732483720455,00008,111,2,139,139,1,84,0,1954,1215,201,508,1245,117,739,695882,0,201,357,151,185,1060,0,0,612,502,86,495,259,60823883,9,0,0,0,0,0,0,0,0.000000,0,0,0,0,0,0,0,0,0,0,0,0,0,8091870,0.000000,0.000000
1732483720455,00009,111,2,139,139,1,84,0,1954,1215,201,508,1245,117,739,695882,0,201,357,151,185,1060,0,0,612,502,86,495,259,60823883,9,0,0,0,0,0,0,0,0.000000,0,0,0,0,0,0,0,0,0,0,0,0,0,8091870,0.000000,0.000000
1732483720455,00010,111,2,139,139,1,84,0,1954,1215,201,508,1245,117,739,695882,0,201,357,151,185,1060,0,0,612,502,86,495,259,60823883,9,0,0,0,0,0,0,0,0.000000,0,0,0,0,0,0,0,0,0,0,0,0,0,8091870,0.000000,0.000000
1732483720455,00011,111,2,139,139,1,84,0,1954,1215,201,508,1245,117,739,695882,0,201,357,151,185,1060,0,0,612,502,86,495,259,60823883,9,0,0,0,0,0,0,0,0.000000,0,0,0,0,0,0,0,0,0,0,0,0,0,8091870,0.000000,0.000000
1732483720455,00012,111,2,139,139,1,84,0,1954,1215,201,508,1245,117,739,695882,0,201,357,151,185,1060,0,0,612,502,86,495,259,60823883,9,0,0,0,0,0,0,0,0.000000,0,0,0,0,0,0,0,0,0,0,0,0,0,8091870,0.000000,0.000000
1732483720455,00005,111,2,139,139,1,84,0,1954,1215,201,508,1245,117,739,695882,0,201,357,151,185,1060,0,0,612,502,86,495,259,60823883,9,516,297,201,0,315,219,165584,31.150893,0,201,0,0,128,187,0,0,323,0,85,108,0,6260911,2205.000000,2829.000000
1732483720555,00001,111,2,139,139,1,84,0,1997,1198,213,494,1290,117,799,699509,0,213,342,152,180,1110,0,0,314,809,51,467,356,62804394,9,506,287,0,174,332,219,183078,30.033929,0,0,174,0,0,332,0,0,0,304,0,58,144,5187187,2480.000000,5659.000000
1732483720555,00002,111,2,139,139,1,84,0,1997,1198,213,494,1290,117,799,699509,0,213,342,152,180,1110,0,0,314,809,51,467,356,62804394,9,466,307,0,152,314,159,184544,28.122679,0,0,0,152,84,230,0,0,0,228,2,236,0,4443550,2970.000000,7545.000000
1732483720555,00003,111,2,139,139,1,84,0,1997,1198,213,494,1290,117,799,699509,0,213,342,152,180,1110,0,0,314,809,51,467,356,62804394,9,493,308,0,168,325,185,182041,28.892143,0,0,168,0,1,324,0,0,4,277,0,0,212,4956042,2820.000000,5554.000000
1732483720555,00008,111,2,139,139,1,84,0,1997,1198,213,494,1290,117,799,699509,0,213,342,152,180,1110,0,0,314,809,51,467,356,62804394,9,0,0,0,0,0,0,0,0.000000,0,0,0,0,0,0,0,0,0,0,0,0,0,8353870,0.000000,0.000000
1732483720555,00009,111,2,139,139,1,84,0,1997,1198,213,494,1290,117,799,699509,0,213,342,152,180,1110,0,0,314,809,51,467,356,62804394,9,0,0,0,0,0,0,0,0.000000,0,0,0,0,0,0,0,0,0,0,0,0,0,8353870,0.000000,0.000000
1732483720555,00010,111,2,139,139,1,84,0,1997,1198,213,494,1290,117,799,699509,0,213,342,152,180,1110,0,0,314,809,51,467,356,62804394,9,0,0,0,0,0,0,0,0.000000,0,0,0,0,0,0,0,0,0,0,0,0,0,8353870,0.000000,0.000000
1732483720555,00011,111,2,139,139,1,84,0,1997,1198,213,494,1290,117,799,699509,0,213,342,152,180,1110,0,0,314,809,51,467,356,62804394,9,0,0,0,0,0,0,0,0.000000,0,0,0,0,0,0,0,0,0,0,0,0,0,8353870,0.000000,0.000000
1732483720555,00012,111,2,139,139,1,84,0,1997,1198,213,494,1290,117,799,699509,0,213,342,152,180,1110,0,0,314,809,51,467,356,62804394,9,0,0,0,0,0,0,0,0.000000,0,0,0,0,0,0,0,0,0,0,0,0,0,8353870,0.000000,0.000000
1732483720555,00005,111,2,139,139,1,84,0,1997,1198,213,494,1290,117,799,699509,0,213,342,152,180,1110,0,0,314,809,51,467,356,62804394,9,532,296,213,0,319,236,149846,31.175714,0,213,0,0,95,224,0,0,310,0,49,173,0,6448265,2044.000000,3039.000000
1732483720655,00001,111,2,139,139,1,83,0,1957,1291,3,539,1415,116,666,762900,0,3,361,345,43,1205,0,0,3,818,292,504,340,64688295,9,494,319,0,179,315,175,177987,29.413393,0,0,179,0,0,315,0,0,0,266,0,112,116,5337352,2553.000000,5763.000000
1732483720655,00002,111,2,139,139,1,83,0,1957,1291,3,539,1415,116,666,762900,0,3,361,345,43,1205,0,0,3,818,292,504,340,64688295,9,476,334,0,2,474,142,194893,29.463036,0,0,0,169,43,264,0,0,0,1,292,183,0,4581465,3012.000000,9956.000000
1732483720655,00003,111,2,139,139,1,83,0,1957,1291,3,539,1415,116,666,762900,0,3,361,345,43,1205,0,0,3,818,292,504,340,64688295,9,490,318,0,176,314,172,198723,29.562321,0,0,0,176,0,314,0,0,0,266,0,0,224,5093158,2950.000000,7126.000000
1732483720655,00008,111,2,139,139,1,83,0,1957,1291,3,539,1415,116,666,762900,0,3,361,345,43,1205,0,0,3,818,292,504,340,64688295,9,0,0,0,0,0,0,0,0.000000,0,0,0,0,0,0,0,0,0,0,0,0,0,8615870,0.000000,0.000000
1732483720655,00009,111,2,139,139,1,83,0,1957,1291,3,539,1415,116,666,762900,0,3,361,345,43,1205,0,0,3,818,292,504,340,64688295,9,0,0,0,0,0,0,0,0.000000,0,0,0,0,0,0,0,0,0,0,0,0,0,8615870,0.000000,0.000000
1732483720655,00010,111,2,139,139,1,83,0,1957,1291,3,539,1415,116,666,762900,0,3,361,345,43,1205,0,0,3,818,292,504,340,64688295,9,0,0,0,0,0,0,0,0.000000,0,0,0,0,0,0,0,0,0,0,0,0,0,8615870,0.000000,0.000000
1732483720655,00011,111,2,139,139,1,83,0,1957,1291,3,539,1415,116,666,762900,0,3,361,345,43,1205,0,0,3,818,292,504,340,64688295,9,0,0,0,0,0,0,0,0.000000,0,0,0,0,0,0,0,0,0,0,0,0,0,8615870,0.000000,0.000000
1732483720655,00012,111,2,139,139,1,83,0,1957,1291,3,539,1415,116,666,762900,0,3,361,345,43,1205,0,0,3,818,292,504,340,64688295,9,0,0,0,0,0,0,0,0.000000,0,0,0,0,0,0,0,0,0,0,0,0,0,8615870,0.000000,0.000000
1732483720655,00005,111,2,139,139,1,83,0,1957,1291,3,539,1415,116,666,762900,0,3,361,345,43,1205,0,0,3,818,292,504,340,64688295,9,497,320,3,182,312,177,191297,29.909821,0,3,182,0,0,312,0,0,3,285,0,209,0,6596970,2263.000000,5763.000000
1732483720755,00001,111,2,139,139,1,83,0,2051,1168,275,474,1302,116,883,644752,275,0,470,7,427,872,0,352,283,578,185,337,316,66720098,9,509,292,0,140,369,217,198834,29.363750,0,0,140,0,0,369,0,0,283,3,0,89,134,5494536,2602.000000,6602.000000
1732483720755,00002,111,2,139,139,1,83,0,2051,1168,275,474,1302,116,883,644752,275,0,470,7,427,872,0,352,283,578,185,337,316,66720098,9,475,306,0,143,332,169,141685,27.328393,0,0,143,3,316,13,0,0,0,255,85,135,0,4768053,2808.000000,4925.000000
1732483720755,00003,111,2,139,139,1,83,0,2051,1168,275,474,1302,116,883,644752,275,0,470,7,427,872,0,352,283,578,185,337,316,66720098,9,498,284,0,187,311,214,174225,28.569464,0,0,183,4,0,311,0,0,0,316,0,0,182,5269959,2820.000000,4716.000000
1732483720755,00008,111,2,139,139,1,83,0,2051,1168,275,474,1302,116,883,644752,275,0,470,7,427,872,0,352,283,578,185,337,316,66720098,9,0,0,0,0,0,0,0,0.000000,0,0,0,0,0,0,0,0,0,0,0,0,0,8877870,0.000000,0.000000
1732483720755,00009,111,2,139,139,1,83,0,2051,1168,275,474,1302,116,883,644752,275,0,470,7,427,872,0,352,283,578,185,337,316,66720098,9,0,0,0,0,0,0,0,0.000000,0,0,0,0,0,0,0,0,0,0,0,0,0,8877870,0.000000,0.000000
1732483720755,00010,111,2,139,139,1,83,0,2051,1168,275,474,1302,116,883,644752,275,0,470,7,427,872,0,352,283,578,185,337,316,66720098,9,0,0,0,0,0,0,0,0.000000,0,0,0,0,0,0,0,0,0,0,0,0,0,8877870,0.000000,0.000000
1732483720755,00011,111,2,139,139,1,83,0,2051,1168,275,474,1302,116,883,644752,275,0,470,7,427,872,0,352,283,578,185,337,316,66720098,9,0,0,0,0,0,0,0,0.000000,0,0,0,0,0,0,0,0,0,0,0,0,0,8877870,0.000000,0.000000
1732483720755,00012,111,2,139,139,1,83,0,2051,1168,275,474,1302,116,883,644752,275,0,470,7,427,872,0,352,283,578,185,337,316,66720098,9,0,0,0,0,0,0,0,0.000000,0,0,0,0,0,0,0,0,0,0,0,0,0,8877870,0.000000,0.000000
1732483720755,00005,111,2,139,139,1,83,0,2051,1168,275,474,1302,116,883,644752,275,0,470,7,427,872,0,352,283,578,185,337,316,66720098,9,569,286,275,4,290,283,130008,32.590536,275,0,4,0,111,179,0,352,0,4,100,113,0,6798200,2075.000000,628.000000
1732483720855,00001,111,2,139,139,1,83,0,1973,1222,230,325,1418,116,751,739803,1,229,325,139,52,1227,0,1,633,449,67,482,341,68652956,9,505,310,0,172,333,195,185712,29.363750,0,0,172,0,0,333,0,0,274,0,0,120,111,5645986,2648.000000,4820.000000
1732483720855,00002,111,2,139,139,1,83,0,1973,1222,230,325,1418,116,751,739803,1,229,325,139,52,1227,0,1,633,449,67,482,341,68652956,9,462,326,0,2,460,136,194392,27.775179,0,0,2,139,9,312,0,0,0,213,2,247,0,4904710,2871.000000,9012.000000
1732483720855,00003,111,2,139,139,1,83,0,1973,1222,230,325,1418,116,751,739803,1,229,325,139,52,1227,0,1,633,449,67,482,341,68652956,9,466,308,0,151,315,158,187075,28.147500,0,0,151,0,0,315,0,0,0,236,0,0,230,5415336,2876.000000,6707.000000
1732483720855,00008,111,2,139,139,1,83,0,1973,1222,230,325,1418,116,751,739803,1,229,325,139,52,1227,0,1,633,449,67,482,341,68652956,9,0,0,0,0,0,0,0,0.000000,0,0,0,0,0,0,0,0,0,0,0,0,0,9139870,0.000000,0.000000
1732483720855,00009,111,2,139,139,1,83,0,1973,1222,230,325,1418,116,751,739803,1,229,325,139,52,1227,0,1,633,449,67,482,341,68652956,9,0,0,0,0,0,0,0,0.000000,0,0,0,0,0,0,0,0,0,0,0,0,0,9139870,0.000000,0.000000
1732483720855,00010,111,2,139,139,1,83,0,1973,1222,230,325,1418,116,751,739803,1,229,325,139,52,1227,0,1,633,449,67,482,341,68652956,9,0,0,0,0,0,0,0,0.000000,0,0,0,0,0,0,0,0,0,0,0,0,0,9139870,0.000000,0.000000
1732483720855,00011,111,2,139,139,1,83,0,1973,1222,230,325,1418,116,751,739803,1,229,325,139,52,1227,0,1,633,449,67,482,341,68652956,9,0,0,0,0,0,0,0,0.000000,0,0,0,0,0,0,0,0,0,0,0,0,0,9139870,0.000000,0.000000
1732483720855,00012,111,2,139,139,1,83,0,1973,1222,230,325,1418,116,751,739803,1,229,325,139,52,1227,0,1,633,449,67,482,341,68652956,9,0,0,0,0,0,0,0,0.000000,0,0,0,0,0,0,0,0,0,0,0,0,0,9139870,0.000000,0.000000
1732483720855,00005,111,2,139,139,1,83,0,1973,1222,230,325,1418,116,751,739803,1,229,325,139,52,1227,0,1,633,449,67,482,341,68652956,9,540,278,230,0,310,262,172624,32.863571,1,229,0,0,43,267,0,1,359,0,65,115,0,6987574,2012.000000,1467.000000
1732483720955,00001,111,2,139,139,1,82,0,2025,1198,236,506,1283,115,827,681105,0,236,363,148,238,1040,0,0,664,496,129,435,301,70643753,9,523,292,0,202,321,231,179557,30.331786,0,0,202,0,0,321,0,0,327,0,0,104,92,5815276,2589.000000,2724.000000
1732483720955,00002,111,2,139,139,1,82,0,2025,1198,236,506,1283,115,827,681105,0,236,363,148,238,1040,0,0,664,496,129,435,301,70643753,9,457,321,0,143,314,136,166208,26.980893,0,0,0,148,117,192,0,0,0,213,53,191,0,5062620,2842.000000,7650.000000
1732483720955,00003,111,2,139,139,1,82,0,2025,1198,236,506,1283,115,827,681105,0,236,363,148,238,1040,0,0,664,496,129,435,301,70643753,9,492,300,0,161,331,192,190270,28.718393,0,0,161,0,0,331,0,0,0,283,0,0,209,5573276,2858.000000,6183.000000
1732483720955,00008,111,2,139,139,1,82,0,2025,1198,236,506,1283,115,827,681105,0,236,363,148,238,1040,0,0,664,496,129,435,301,70643753,9,0,0,0,0,0,0,0,0.000000,0,0,0,0,0,0,0,0,0,0,0,0,0,9401870,0.000000,0.000000
1732483720955,00009,111,2,139,139,1,82,0,2025,1198,236,506,1283,115,827,681105,0,236,363,148,238,1040,0,0,664,496,129,435,301,70643753,9,0,0,0,0,0,0,0,0.000000,0,0,0,0,0,0,0,0,0,0,0,0,0,9401870,0.000000,0.000000
1732483720955,00010,111,2,139,139,1,82,0,2025,1198,236,506,1283,115,827,681105,0,236,363,148,238,1040,0,0,664,496,129,435,301,70643753,9,0,0,0,0,0,0,0,0.000000,0,0,0,0,0,0,0,0,0,0,0,0,0,9401870,0.000000,0.000000
1732483720955,00011,111,2,139,139,1,82,0,2025,1198,236,506,1283,115,827,681105,0,236,363,148,238,1040,0,0,664,496,129,435,301,70643753,9,0,0,0,0,0,0,0,0.000000,0,0,0,0,0,0,0,0,0,0,0,0,0,9401870,0.000000,0.000000
1732483720955,00012,111,2,139,139,1,82,0,2025,1198,236,506,1283,115,827,681105,0,236,363,148,238,1040,0,0,664,496,129,435,301,70643753,9,0,0,0,0,0,0,0,0.000000,0,0,0,0,0,0,0,0,0,0,0,0,0,9401870,0.000000,0.000000
1732483720955,00005,111,2,139,139,1,82,0,2025,1198,236,506,1283,115,827,681105,0,236,363,148,238,1040,0,0,664,496,129,435,301,70643753,9,553,285,236,0,317,268,145070,31.945179,0,236,0,0,121,196,0,0,337,0,76,140,0,7183231,1935.000000,1571.000000
1732483721055,00001,111,2,139,139,1,82,0,1996,1207,241,449,1306,115,789,735819,240,1,148,301,102,1204,0,349,9,723,82,399,434,80310218,10,465,309,0,145,320,156,181889,27.973750,0,0,145,0,0,320,0,0,8,212,0,46,199,5964006,2646.000000,7126.000000
1732483721055,00002,111,2,139,139,1,82,0,1996,1207,241,449,1306,115,789,735819,240,1,148,301,102,1204,0,349,9,723,82,399,434,80310218,10,495,306,0,152,343,189,201269,29.562321,0,0,0,152,48,295,0,0,0,259,37,199,0,5211022,2865.000000,7231.000000
1732483721055,00003,111,2,139,139,1,82,0,1996,1207,241,449,1306,115,789,735819,240,1,148,301,102,1204,0,349,9,723,82,399,434,80310218,10,487,310,0,152,335,177,196771,28.172321,0,0,3,149,0,335,0,0,0,252,0,0,235,5717705,2889.000000,8174.000000
1732483721055,00008,111,2,139,139,1,82,0,1996,1207,241,449,1306,115,789,735819,240,1,148,301,102,1204,0,349,9,723,82,399,434,80310218,10,0,0,0,0,0,0,0,0.000000,0,0,0,0,0,0,0,0,0,0,0,0,0,9663870,0.000000,0.000000
1732483721055,00009,111,2,139,139,1,82,0,1996,1207,241,449,1306,115,789,735819,240,1,148,301,102,1204,0,349,9,723,82,399,434,80310218,10,0,0,0,0,0,0,0,0.000000,0,0,0,0,0,0,0,0,0,0,0,0,0,9663870,0.000000,0.000000
1732483721055,00010,111,2,139,139,1,82,0,1996,1207,241,449,1306,115,789,735819,240,1,148,301,102,1204,0,349,9,723,82,399,434,80310218,10,0,0,0,0,0,0,0,0.000000,0,0,0,0,0,0,0,0,0,0,0,0,0,9663870,0.000000,0.000000
1732483721055,00011,111,2,139,139,1,82,0,1996,1207,241,449,1306,115,789,735819,240,1,148,301,102,1204,0,349,9,723,82,399,434,80310218,10,0,0,0,0,0,0,0,0.000000,0,0,0,0,0,0,0,0,0,0,0,0,0,9663870,0.000000,0.000000
1732483721055,00012,111,2,139,139,1,82,0,1996,1207,241,449,1306,115,789,735819,240,1,148,301,102,1204,0,349,9,723,82,399,434,80310218,10,0,0,0,0,0,0,0,0.000000,0,0,0,0,0,0,0,0,0,0,0,0,0,9663870,0.000000,0.000000
1732483721055,00005,111,2,139,139,1,82,0,1996,1207,241,449,1306,115,789,735819,240,1,148,301,102,1204,0,349,9,723,82,399,434,80310218,10,548,281,240,0,308,267,155887,31.994821,239,1,0,0,54,254,0,349,1,0,44,154,0,7380925,1882.000000,1362.000000
1732483721055,00006,111,2,139,139,1,82,0,1996,1207,241,449,1306,115,789,735819,240,1,148,301,102,1204,0,349,9,723,82,399,434,80310218,10,1,1,1,0,0,0,3,0.000653,1,0,0,0,0,0,0,0,0,0,1,0,0,7717210,1273.000000,524.000000
1732483721155,00001,111,2,139,139,1,84,0,1942,1269,404,184,1354,117,673,739615,0,404,182,2,91,1263,0,1,885,10,133,721,192,82476995,10,497,311,199,2,296,186,169959,30.257321,0,199,2,0,0,296,0,0,263,5,0,228,1,6125062,2624.000000,3982.000000
1732483721155,00002,111,2,139,139,1,84,0,1942,1269,404,184,1354,117,673,739615,0,404,182,2,91,1263,0,1,885,10,133,721,192,82476995,10,419,352,0,2,417,67,194195,25.044821,0,0,0,2,86,331,0,0,0,1,129,289,0,5317555,2995.000000,13519.000000
1732483721155,00003,111,2,139,139,1,84,0,1942,1269,404,184,1354,117,673,739615,0,404,182,2,91,1263,0,1,885,10,133,721,192,82476995,10,493,304,0,180,313,189,190115,30.530357,0,0,180,0,0,313,0,0,298,4,0,0,191,5876530,2871.000000,5659.000000
1732483721155,00008,111,2,139,139,1,84,0,1942,1269,404,184,1354,117,673,739615,0,404,182,2,91,1263,0,1,885,10,133,721,192,82476995,10,0,0,0,0,0,0,0,0.000000,0,0,0,0,0,0,0,0,0,0,0,0,0,9925870,0.000000,0.000000
1732483721155,00009,111,2,139,139,1,84,0,1942,1269,404,184,1354,117,673,739615,0,404,182,2,91,1263,0,1,885,10,133,721,192,82476995,10,0,0,0,0,0,0,0,0.000000,0,0,0,0,0,0,0,0,0,0,0,0,0,9925870,0.000000,0.000000
1732483721155,00010,111,2,139,139,1,84,0,1942,1269,404,184,1354,117,673,739615,0,404,182,2,91,1263,0,1,885,10,133,721,192,82476995,10,0,0,0,0,0,0,0,0.000000,0,0,0,0,0,0,0,0,0,0,0,0,0,9925870,0.000000,0.000000
1732483721155,00011,111,2,139,139,1,84,0,1942,1269,404,184,1354,117,673,739615,0,404,182,2,91,1263,0,1,885,10,133,721,192,82476995,10,0,0,0,0,0,0,0,0.000000,0,0,0,0,0,0,0,0,0,0,0,0,0,9925870,0.000000,0.000000
1732483721155,00012,111,2,139,139,1,84,0,1942,1269,404,184,1354,117,673,739615,0,404,182,2,91,1263,0,1,885,10,133,721,192,82476995,10,0,0,0,0,0,0,0,0.000000,0,0,0,0,0,0,0,0,0,0,0,0,0,9925870,0.000000,0.000000
1732483721155,00005,111,2,139,139,1,84,0,1942,1269,404,184,1354,117,673,739615,0,404,182,2,91,1263,0,1,885,10,133,721,192,82476995,10,533,302,205,0,328,231,185346,32.391964,0,205,0,0,5,323,0,1,324,0,4,204,0,7549288,1919.000000,2200.000000
1732483721155,00006,111,2,139,139,1,84,0,1942,1269,404,184,1354,117,673,739615,0,404,182,2,91,1263,0,1,885,10,133,721,192,82476995,10,0,0,0,0,0,0,0,0.000000,0,0,0,0,0,0,0,0,0,0,0,0,0,7979210,1273.000000,0.000000
1732483721255,00001,111,2,139,139,1,84,0,1748,1444,9,717,1022,117,304,713993,0,9,449,268,43,979,0,0,495,304,107,247,595,76272241,9,443,355,4,66,373,88,230710,30.480714,0,4,66,0,0,373,0,0,123,1,0,63,256,6195751,1083.000000,0.000000
1732483721255,00002,111,2,139,139,1,84,0,1748,1444,9,717,1022,117,304,713993,0,9,449,268,43,979,0,0,495,304,107,247,595,76272241,9,431,364,0,268,163,67,150821,29.363750,0,0,0,268,32,131,0,0,0,303,0,128,0,5458484,3406.000000,0.000000
1732483721255,00003,111,2,139,139,1,84,0,1748,1444,9,717,1022,117,304,713993,0,9,449,268,43,979,0,0,495,304,107,247,595,76272241,9,435,367,0,62,373,68,225188,29.115536,0,0,62,0,0,373,0,0,3,0,93,0,339,5941984,1084.000000,0.000000
1732483721255,00008,111,2,139,139,1,84,0,1748,1444,9,717,1022,117,304,713993,0,9,449,268,43,979,0,0,495,304,107,247,595,76272241,9,0,0,0,0,0,0,0,0.000000,0,0,0,0,0,0,0,0,0,0,0,0,0,10187870,0.000000,0.000000
1732483721255,00009,111,2,139,139,1,84,0,1748,1444,9,717,1022,117,304,713993,0,9,449,268,43,979,0,0,495,304,107,247,595,76272241,9,0,0,0,0,0,0,0,0.000000,0,0,0,0,0,0,0,0,0,0,0,0,0,10187870,0.000000,0.000000
1732483721255,00010,111,2,139,139,1,84,0,1748,1444,9,717,1022,117,304,713993,0,9,449,268,43,979,0,0,495,304,107,247,595,76272241,9,0,0,0,0,0,0,0,0.000000,0,0,0,0,0,0,0,0,0,0,0,0,0,10187870,0.000000,0.000000
1732483721255,00011,111,2,139,139,1,84,0,1748,1444,9,717,1022,117,304,713993,0,9,449,268,43,979,0,0,495,304,107,247,595,76272241,9,0,0,0,0,0,0,0,0.000000,0,0,0,0,0,0,0,0,0,0,0,0,0,10187870,0.000000,0.000000
1732483721255,00012,111,2,139,139,1,84,0,1748,1444,9,717,1022,117,304,713993,0,9,449,268,43,979,0,0,495,304,107,247,595,76272241,9,0,0,0,0,0,0,0,0.000000,0,0,0,0,0,0,0,0,0,0,0,0,0,10187870,0.000000,0.000000
1732483721255,00005,111,2,139,139,1,84,0,1748,1444,9,717,1022,117,304,713993,0,9,449,268,43,979,0,0,495,304,107,247,595,76272241,9,439,358,5,321,113,81,107274,29.810536,0,5,321,0,11,102,0,0,369,0,14,56,0,7736672,0.000000,0.000000
1732483721355,00001,111,2,139,139,1,84,0,1971,1202,376,371,1224,117,769,676185,0,376,182,189,184,1040,0,0,580,529,156,321,385,78246097,9,499,300,177,6,316,199,177071,30.083571,0,177,6,0,0,316,0,0,268,0,0,71,160,6355028,2479.000000,2724.000000
1732483721355,00002,111,2,139,139,1,84,0,1971,1202,376,371,1224,117,769,676185,0,376,182,189,184,1040,0,0,580,529,156,321,385,78246097,9,477,307,0,189,288,170,180131,28.693571,0,0,0,189,40,248,0,0,0,272,43,162,0,5615829,2761.000000,6707.000000
1732483721355,00003,111,2,139,139,1,84,0,1971,1202,376,371,1224,117,769,676185,0,376,182,189,184,1040,0,0,580,529,156,321,385,78246097,9,485,319,0,171,314,166,174253,28.073036,0,0,171,0,0,314,0,0,0,257,2,1,225,6095148,2705.000000,5763.000000
1732483721355,00008,111,2,139,139,1,84,0,1971,1202,376,371,1224,117,769,676185,0,376,182,189,184,1040,0,0,580,529,156,321,385,78246097,9,0,0,0,0,0,0,0,0.000000,0,0,0,0,0,0,0,0,0,0,0,0,0,10449870,0.000000,0.000000
1732483721355,00009,111,2,139,139,1,84,0,1971,1202,376,371,1224,117,769,676185,0,376,182,189,184,1040,0,0,580,529,156,321,385,78246097,9,0,0,0,0,0,0,0,0.000000,0,0,0,0,0,0,0,0,0,0,0,0,0,10449870,0.000000,0.000000
1732483721355,00010,111,2,139,139,1,84,0,1971,1202,376,371,1224,117,769,676185,0,376,182,189,184,1040,0,0,580,529,156,321,385,78246097,9,0,0,0,0,0,0,0,0.000000,0,0,0,0,0,0,0,0,0,0,0,0,0,10449870,0.000000,0.000000
1732483721355,00011,111,2,139,139,1,84,0,1971,1202,376,371,1224,117,769,676185,0,376,182,189,184,1040,0,0,580,529,156,321,385,78246097,9,0,0,0,0,0,0,0,0.000000,0,0,0,0,0,0,0,0,0,0,0,0,0,10449870,0.000000,0.000000
1732483721355,00012,111,2,139,139,1,84,0,1971,1202,376,371,1224,117,769,676185,0,376,182,189,184,1040,0,0,580,529,156,321,385,78246097,9,0,0,0,0,0,0,0,0.000000,0,0,0,0,0,0,0,0,0,0,0,0,0,10449870,0.000000,0.000000
1732483721355,00005,111,2,139,139,1,84,0,1971,1202,376,371,1224,117,769,676185,0,376,182,189,184,1040,0,0,580,529,156,321,385,78246097,9,510,276,199,5,306,234,144730,31.399107,0,199,5,0,144,162,0,0,312,0,111,87,0,7930742,1594.000000,1362.000000
1732483721455,00001,111,2,139,139,1,83,0,1986,1210,208,368,1410,116,776,722658,0,208,366,2,291,1119,0,0,337,609,312,446,282,79079590,9,503,305,7,179,317,198,187951,29.413393,0,7,179,0,0,317,0,0,6,299,0,101,97,6515359,2608.000000,6497.000000
1732483721455,00002,111,2,139,139,1,83,0,1986,1210,208,368,1410,116,776,722658,0,208,366,2,291,1119,0,0,337,609,312,446,282,79079590,9,459,322,0,2,457,137,196616,27.378036,0,0,0,2,168,289,0,0,0,2,227,230,0,5750389,3019.000000,9536.000000
1732483721455,00003,111,2,139,139,1,83,0,1986,1210,208,368,1410,116,776,722658,0,208,366,2,291,1119,0,0,337,609,312,446,282,79079590,9,495,295,0,187,308,200,185196,29.810536,0,0,187,0,0,308,0,0,2,308,0,0,185,6263121,2618.000000,6183.000000
1732483721455,00008,111,2,139,139,1,83,0,1986,1210,208,368,1410,116,776,722658,0,208,366,2,291,1119,0,0,337,609,312,446,282,79079590,9,0,0,0,0,0,0,0,0.000000,0,0,0,0,0,0,0,0,0,0,0,0,0,10485240,0.000000,0.000000
1732483721455,00009,111,2,139,139,1,83,0,1986,1210,208,368,1410,116,776,722658,0,208,366,2,291,1119,0,0,337,609,312,446,282,79079590,9,0,0,0,0,0,0,0,0.000000,0,0,0,0,0,0,0,0,0,0,0,0,0,10485240,0.000000,0.000000
1732483721455,00010,111,2,139,139,1,83,0,1986,1210,208,368,1410,116,776,722658,0,208,366,2,291,1119,0,0,337,609,312,446,282,79079590,9,0,0,0,0,0,0,0,0.000000,0,0,0,0,0,0,0,0,0,0,0,0,0,10485240,0.000000,0.000000
1732483721455,00011,111,2,139,139,1,83,0,1986,1210,208,368,1410,116,776,722658,0,208,366,2,291,1119,0,0,337,609,312,446,282,79079590,9,0,0,0,0,0,0,0,0.000000,0,0,0,0,0,0,0,0,0,0,0,0,0,10485240,0.000000,0.000000
1732483721455,00012,111,2,139,139,1,83,0,1986,1210,208,368,1410,116,776,722658,0,208,366,2,291,1119,0,0,337,609,312,446,282,79079590,9,0,0,0,0,0,0,0,0.000000,0,0,0,0,0,0,0,0,0,0,0,0,0,10485240,0.000000,0.000000
1732483721455,00005,111,2,139,139,1,83,0,1986,1210,208,368,1410,116,776,722658,0,208,366,2,291,1119,0,0,337,609,312,446,282,79079590,9,529,288,201,0,328,241,152895,31.175714,0,201,0,0,123,205,0,0,329,0,85,115,0,8124521,1581.000000,1886.000000
1732483721555,00001,111,2,139,139,1,83,0,2035,1225,212,517,1306,116,810,712996,0,212,338,179,116,1190,0,0,578,578,85,404,390,79743257,9,512,305,0,172,340,207,188721,29.909821,0,0,172,0,0,340,0,0,288,2,0,55,167,6678200,2549.000000,3039.000000
1732483721555,00002,111,2,139,139,1,83,0,2035,1225,212,517,1306,116,810,712996,0,212,338,179,116,1190,0,0,578,578,85,404,390,79743257,9,507,302,0,179,328,205,199069,30.306964,0,0,0,179,51,277,0,0,0,297,46,164,0,5907840,2909.000000,4820.000000
1732483721555,00003,111,2,139,139,1,83,0,2035,1225,212,517,1306,116,810,712996,0,212,338,179,116,1190,0,0,578,578,85,404,390,79743257,9,502,309,0,166,336,193,183614,28.916964,0,0,166,0,0,336,0,0,0,279,0,0,223,6419958,2660.000000,6812.000000
1732483721555,00008,111,2,139,139,1,83,0,2035,1225,212,517,1306,116,810,712996,0,212,338,179,116,1190,0,0,578,578,85,404,390,79743257,9,0,0,0,0,0,0,0,0.000000,0,0,0,0,0,0,0,0,0,0,0,0,0,10485240,0.000000,0.000000
1732483721555,00009,111,2,139,139,1,83,0,2035,1225,212,517,1306,116,810,712996,0,212,338,179,116,1190,0,0,578,578,85,404,390,79743257,9,0,0,0,0,0,0,0,0.000000,0,0,0,0,0,0,0,0,0,0,0,0,0,10485240,0.000000,0.000000
1732483721555,00010,111,2,139,139,1,83,0,2035,1225,212,517,1306,116,810,712996,0,212,338,179,116,1190,0,0,578,578,85,404,390,79743257,9,0,0,0,0,0,0,0,0.000000,0,0,0,0,0,0,0,0,0,0,0,0,0,10485240,0.000000,0.000000
1732483721555,00011,111,2,139,139,1,83,0,2035,1225,212,517,1306,116,810,712996,0,212,338,179,116,1190,0,0,578,578,85,404,390,79743257,9,0,0,0,0,0,0,0,0.000000,0,0,0,0,0,0,0,0,0,0,0,0,0,10485240,0.000000,0.000000
1732483721555,00012,111,2,139,139,1,83,0,2035,1225,212,517,1306,116,810,712996,0,212,338,179,116,1190,0,0,578,578,85,404,390,79743257,9,0,0,0,0,0,0,0,0.000000,0,0,0,0,0,0,0,0,0,0,0,0,0,10485240,0.000000,0.000000
1732483721555,00005,111,2,139,139,1,83,0,2035,1225,212,517,1306,116,810,712996,0,212,338,179,116,1190,0,0,578,578,85,404,390,79743257,9,514,309,212,0,302,205,141592,29.338929,0,212,0,0,65,237,0,0,290,0,39,185,0,8311059,1612.000000,3143.000000
1732483721655,00001,111,2,139,139,1,84,0,1968,1236,218,364,1386,117,732,720840,0,218,363,1,238,1148,0,0,583,2,569,446,368,80366789,9,514,306,211,2,301,208,168346,30.381429,0,211,2,0,0,301,0,0,294,0,0,61,159,6842697,2478.000000,3982.000000
1732483721655,00002,111,2,139,139,1,84,0,1968,1236,218,364,1386,117,732,720840,0,218,363,1,238,1148,0,0,583,2,569,446,368,80366789,9,452,325,0,1,451,127,196963,27.775179,0,0,0,1,170,281,0,0,0,2,223,227,0,6039003,3031.000000,9432.000000
1732483721655,00003,111,2,139,139,1,84,0,1968,1236,218,364,1386,117,732,720840,0,218,363,1,238,1148,0,0,583,2,569,446,368,80366789,9,502,307,0,181,321,195,186702,30.133214,0,0,181,0,0,321,0,0,0,0,293,0,209,6576088,2690.000000,6707.000000
1732483721655,00008,111,2,139,139,1,84,0,1968,1236,218,364,1386,117,732,720840,0,218,363,1,238,1148,0,0,583,2,569,446,368,80366789,9,0,0,0,0,0,0,0,0.000000,0,0,0,0,0,0,0,0,0,0,0,0,0,10485240,0.000000,0.000000
1732483721655,00009,111,2,139,139,1,84,0,1968,1236,218,364,1386,117,732,720840,0,218,363,1,238,1148,0,0,583,2,569,446,368,80366789,9,0,0,0,0,0,0,0,0.000000,0,0,0,0,0,0,0,0,0,0,0,0,0,10485240,0.000000,0.000000
1732483721655,00010,111,2,139,139,1,84,0,1968,1236,218,364,1386,117,732,720840,0,218,363,1,238,1148,0,0,583,2,569,446,368,80366789,9,0,0,0,0,0,0,0,0.000000,0,0,0,0,0,0,0,0,0,0,0,0,0,10485240,0.000000,0.000000
1732483721655,00011,111,2,139,139,1,84,0,1968,1236,218,364,1386,117,732,720840,0,218,363,1,238,1148,0,0,583,2,569,446,368,80366789,9,0,0,0,0,0,0,0,0.000000,0,0,0,0,0,0,0,0,0,0,0,0,0,10485240,0.000000,0.000000
1732483721655,00012,111,2,139,139,1,84,0,1968,1236,218,364,1386,117,732,720840,0,218,363,1,238,1148,0,0,583,2,569,446,368,80366789,9,0,0,0,0,0,0,0,0.000000,0,0,0,0,0,0,0,0,0,0,0,0,0,10485240,0.000000,0.000000
1732483721655,00005,111,2,139,139,1,84,0,1968,1236,218,364,1386,117,732,720840,0,218,363,1,238,1148,0,0,583,2,569,446,368,80366789,9,500,298,7,180,313,202,168829,30.257321,0,7,180,0,68,245,0,0,289,0,53,158,0,8482801,1775.000000,4611.000000
1732483721755,00001,111,2,139,139,1,84,0,1970,1230,7,556,1407,117,740,736432,0,7,413,312,104,1134,0,0,330,517,328,452,343,80998207,9,502,308,7,143,352,194,208927,30.108393,0,7,0,143,0,352,0,0,7,252,0,119,124,6989618,2593.000000,7545.000000
1732483721755,00002,111,2,139,139,1,84,0,1970,1230,7,556,1407,117,740,736432,0,7,413,312,104,1134,0,0,330,517,328,452,343,80998207,9,472,323,0,0,472,149,189442,28.370893,0,0,0,169,31,272,0,0,0,0,291,181,0,6185567,3018.000000,7650.000000
1732483721755,00003,111,2,139,139,1,84,0,1970,1230,7,556,1407,117,740,736432,0,7,413,312,104,1134,0,0,330,517,328,452,343,80998207,9,489,311,0,190,299,178,176327,29.190000,0,0,190,0,0,299,0,0,0,265,5,0,219,6730134,2680.000000,4506.000000
1732483721755,00008,111,2,139,139,1,84,0,1970,1230,7,556,1407,117,740,736432,0,7,413,312,104,1134,0,0,330,517,328,452,343,80998207,9,0,0,0,0,0,0,0,0.000000,0,0,0,0,0,0,0,0,0,0,0,0,0,10485240,0.000000,0.000000
1732483721755,00009,111,2,139,139,1,84,0,1970,1230,7,556,1407,117,740,736432,0,7,413,312,104,1134,0,0,330,517,328,452,343,80998207,9,0,0,0,0,0,0,0,0.000000,0,0,0,0,0,0,0,0,0,0,0,0,0,10485240,0.000000,0.000000
1732483721755,00010,111,2,139,139,1,84,0,1970,1230,7,556,1407,117,740,736432,0,7,413,312,104,1134,0,0,330,517,328,452,343,80998207,9,0,0,0,0,0,0,0,0.000000,0,0,0,0,0,0,0,0,0,0,0,0,0,10485240,0.000000,0.000000
1732483721755,00011,111,2,139,139,1,84,0,1970,1230,7,556,1407,117,740,736432,0,7,413,312,104,1134,0,0,330,517,328,452,343,80998207,9,0,0,0,0,0,0,0,0.000000,0,0,0,0,0,0,0,0,0,0,0,0,0,10485240,0.000000,0.000000
1732483721755,00012,111,2,139,139,1,84,0,1970,1230,7,556,1407,117,740,736432,0,7,413,312,104,1134,0,0,330,517,328,452,343,80998207,9,0,0,0,0,0,0,0,0.000000,0,0,0,0,0,0,0,0,0,0,0,0,0,10485240,0.000000,0.000000
1732483721755,00005,111,2,139,139,1,84,0,1970,1230,7,556,1407,117,740,736432,0,7,413,312,104,1134,0,0,330,517,328,452,343,80998207,9,507,288,0,223,284,219,161736,30.778571,0,0,223,0,73,211,0,0,323,0,32,152,0,8666688,1769.000000,2200.000000
1732483721855,00001,111,2,139,139,1,83,0,1958,1210,234,330,1394,116,748,731410,0,234,166,330,66,1162,0,0,332,292,553,447,334,81630826,9,476,305,0,159,317,171,185280,28.619107,0,0,155,4,0,317,0,0,0,3,260,90,123,7141547,2643.000000,7021.000000
1732483721855,00002,111,2,139,139,1,83,0,1958,1210,234,330,1394,116,748,731410,0,234,166,330,66,1162,0,0,332,292,553,447,334,81630826,9,452,323,0,0,452,129,188290,27.576607,0,0,0,166,1,285,0,0,0,0,253,199,0,6327382,3047.000000,7440.000000
1732483721855,00003,111,2,139,139,1,83,0,1958,1210,234,330,1394,116,748,731410,0,234,166,330,66,1162,0,0,332,292,553,447,334,81630826,9,500,304,0,166,334,196,202801,29.487857,0,0,6,160,0,334,0,0,0,289,0,0,211,6876212,2748.000000,6916.000000
1732483721855,00008,111,2,139,139,1,83,0,1958,1210,234,330,1394,116,748,731410,0,234,166,330,66,1162,0,0,332,292,553,447,334,81630826,9,0,0,0,0,0,0,0,0.000000,0,0,0,0,0,0,0,0,0,0,0,0,0,10485240,0.000000,0.000000
1732483721855,00009,111,2,139,139,1,83,0,1958,1210,234,330,1394,116,748,731410,0,234,166,330,66,1162,0,0,332,292,553,447,334,81630826,9,0,0,0,0,0,0,0,0.000000,0,0,0,0,0,0,0,0,0,0,0,0,0,10485240,0.000000,0.000000
1732483721855,00010,111,2,139,139,1,83,0,1958,1210,234,330,1394,116,748,731410,0,234,166,330,66,1162,0,0,332,292,553,447,334,81630826,9,0,0,0,0,0,0,0,0.000000,0,0,0,0,0,0,0,0,0,0,0,0,0,10485240,0.000000,0.000000
1732483721855,00011,111,2,139,139,1,83,0,1958,1210,234,330,1394,116,748,731410,0,234,166,330,66,1162,0,0,332,292,553,447,334,81630826,9,0,0,0,0,0,0,0,0.000000,0,0,0,0,0,0,0,0,0,0,0,0,0,10485240,0.000000,0.000000
1732483721855,00012,111,2,139,139,1,83,0,1958,1210,234,330,1394,116,748,731410,0,234,166,330,66,1162,0,0,332,292,553,447,334,81630826,9,0,0,0,0,0,0,0,0.000000,0,0,0,0,0,0,0,0,0,0,0,0,0,10485240,0.000000,0.000000
1732483721855,00005,111,2,139,139,1,83,0,1958,1210,234,330,1394,116,748,731410,0,234,166,330,66,1162,0,0,332,292,553,447,334,81630826,9,530,278,234,5,291,252,155039,32.739464,0,234,5,0,65,226,0,0,332,0,40,158,0,8859485,1739.000000,1152.000000
1732483721955,00001,111,2,139,139,1,76,0,2140,1371,82,482,1576,107,769,753518,3,79,476,16,324,1242,0,0,406,503,338,512,381,91979426,10,497,297,0,185,312,200,170335,28.445357,0,0,185,0,0,312,0,0,281,0,4,58,154,7316454,2579.000000,2620.000000
1732483721955,00002,111,2,139,139,1,76,0,2140,1371,82,482,1576,107,769,753518,3,79,476,16,324,1242,0,0,406,503,338,512,381,91979426,10,458,330,0,0,458,128,182514,25.268214,0,0,0,2,167,289,0,0,0,0,220,238,0,6466257,3060.000000,10480.000000
1732483721955,00003,111,2,139,139,1,76,0,2140,1371,82,482,1576,107,769,753518,3,79,476,16,324,1242,0,0,406,503,338,512,381,91979426,10,493,302,0,151,342,191,189153,27.800000,0,0,145,6,0,342,0,0,0,266,0,0,227,7036711,2742.000000,6287.000000
1732483721955,00008,111,2,139,139,1,76,0,2140,1371,82,482,1576,107,769,753518,3,79,476,16,324,1242,0,0,406,503,338,512,381,91979426,10,0,0,0,0,0,0,0,0.000000,0,0,0,0,0,0,0,0,0,0,0,0,0,10485240,0.000000,0.000000
1732483721955,00009,111,2,139,139,1,76,0,2140,1371,82,482,1576,107,769,753518,3,79,476,16,324,1242,0,0,406,503,338,512,381,91979426,10,0,0,0,0,0,0,0,0.000000,0,0,0,0,0,0,0,0,0,0,0,0,0,10485240,0.000000,0.000000
1732483721955,00010,111,2,139,139,1,76,0,2140,1371,82,482,1576,107,769,753518,3,79,476,16,324,1242,0,0,406,503,338,512,381,91979426,10,0,0,0,0,0,0,0,0.000000,0,0,0,0,0,0,0,0,0,0,0,0,0,10485240,0.000000,0.000000
1732483721955,00011,111,2,139,139,1,76,0,2140,1371,82,482,1576,107,769,753518,3,79,476,16,324,1242,0,0,406,503,338,512,381,91979426,10,0,0,0,0,0,0,0,0.000000,0,0,0,0,0,0,0,0,0,0,0,0,0,10485240,0.000000,0.000000
1732483721955,00012,111,2,139,139,1,76,0,2140,1371,82,482,1576,107,769,753518,3,79,476,16,324,1242,0,0,406,503,338,512,381,91979426,10,0,0,0,0,0,0,0,0.000000,0,0,0,0,0,0,0,0,0,0,0,0,0,10485240,0.000000,0.000000
1732483721955,00005,111,2,139,139,1,76,0,2140,1371,82,482,1576,107,769,753518,3,79,476,16,324,1242,0,0,406,503,338,512,381,91979426,10,484,311,6,146,332,173,177822,27.278750,0,6,146,0,33,299,0,0,6,235,27,216,0,9016386,1892.000000,5973.000000
1732483721955,00006,111,2,139,139,1,76,0,2140,1371,82,482,1576,107,769,753518,3,79,476,16,324,1242,0,0,406,503,338,512,381,91979426,10,208,131,76,0,132,77,33694,0.209111,3,73,0,8,124,0,0,0,119,2,87,0,0,9717418,1113.000000,419.000000
1732483722055,00001,111,2,139,139,1,84,0,2425,1557,316,399,1710,117,868,719192,0,316,278,128,314,1389,0,0,859,241,283,544,498,92857932,10,477,314,0,149,328,163,152654,23.778929,0,0,149,0,0,328,0,0,219,0,0,7,251,7485160,2550.000000,4087.000000
1732483722055,00002,111,2,139,139,1,84,0,2425,1557,316,399,1710,117,868,719192,0,316,278,128,314,1389,0,0,859,241,283,544,498,92857932,10,488,306,0,121,367,182,175649,24.176071,0,0,0,121,0,367,0,0,0,229,3,256,0,6626662,3032.000000,6183.000000
1732483722055,00003,111,2,139,139,1,84,0,2425,1557,316,399,1710,117,868,719192,0,316,278,128,314,1389,0,0,859,241,283,544,498,92857932,10,496,302,0,129,367,194,167036,24.424286,0,0,129,0,0,367,0,0,241,8,0,0,247,7208647,2699.000000,6392.000000
1732483722055,00008,111,2,139,139,1,84,0,2425,1557,316,399,1710,117,868,719192,0,316,278,128,314,1389,0,0,859,241,283,544,498,92857932,10,0,0,0,0,0,0,0,0.000000,0,0,0,0,0,0,0,0,0,0,0,0,0,10485240,0.000000,0.000000
1732483722055,00009,111,2,139,139,1,84,0,2425,1557,316,399,1710,117,868,719192,0,316,278,128,314,1389,0,0,859,241,283,544,498,92857932,10,0,0,0,0,0,0,0,0.000000,0,0,0,0,0,0,0,0,0,0,0,0,0,10485240,0.000000,0.000000
1732483722055,00010,111,2,139,139,1,84,0,2425,1557,316,399,1710,117,868,719192,0,316,278,128,314,1389,0,0,859,241,283,544,498,92857932,10,0,0,0,0,0,0,0,0.000000,0,0,0,0,0,0,0,0,0,0,0,0,0,10485240,0.000000,0.000000
1732483722055,00011,111,2,139,139,1,84,0,2425,1557,316,399,1710,117,868,719192,0,316,278,128,314,1389,0,0,859,241,283,544,498,92857932,10,0,0,0,0,0,0,0,0.000000,0,0,0,0,0,0,0,0,0,0,0,0,0,10485240,0.000000,0.000000
1732483722055,00012,111,2,139,139,1,84,0,2425,1557,316,399,1710,117,868,719192,0,316,278,128,314,1389,0,0,859,241,283,544,498,92857932,10,0,0,0,0,0,0,0,0.000000,0,0,0,0,0,0,0,0,0,0,0,0,0,10485240,0.000000,0.000000
1732483722055,00005,111,2,139,139,1,84,0,2425,1557,316,399,1710,117,868,719192,0,316,278,128,314,1389,0,0,859,241,283,544,498,92857932,10,482,315,155,0,327,167,141179,23.133571,0,155,0,0,0,327,0,0,201,0,0,281,0,9186066,1934.000000,4087.000000
1732483722055,00006,111,2,139,139,1,84,0,2425,1557,316,399,1710,117,868,719192,0,316,278,128,314,1389,0,0,859,241,283,544,498,92857932,10,482,320,161,0,321,162,82674,23.009464,0,161,0,7,314,0,0,0,198,4,280,0,0,9925197,1138.000000,1467.000000
1732483722155,00001,111,2,139,139,1,72,0,1936,1204,180,445,1311,101,732,640518,0,180,310,135,117,1194,0,0,522,457,64,662,231,83618741,9,495,295,178,3,314,200,135024,26.856786,0,178,3,0,67,247,0,0,270,0,18,203,4,7676181,2466.000000,2200.000000
1732483722155,00002,111,2,139,139,1,72,0,1936,1204,180,445,1311,101,732,640518,0,180,310,135,117,1194,0,0,522,457,64,662,231,83618741,9,466,299,0,135,331,167,172149,24.846250,0,0,0,135,29,302,0,0,0,216,28,222,0,6787152,3003.000000,6812.000000
1732483722155,00003,111,2,139,139,1,72,0,1936,1204,180,445,1311,101,732,640518,0,180,310,135,117,1194,0,0,522,457,64,662,231,83618741,9,473,299,0,148,325,174,170167,25.193750,0,0,148,0,0,325,0,0,5,241,0,0,227,7373825,2692.000000,5449.000000
1732483722155,00008,111,2,139,139,1,72,0,1936,1204,180,445,1311,101,732,640518,0,180,310,135,117,1194,0,0,522,457,64,662,231,83618741,9,0,0,0,0,0,0,0,0.000000,0,0,0,0,0,0,0,0,0,0,0,0,0,10485240,0.000000,0.000000
1732483722155,00009,111,2,139,139,1,72,0,1936,1204,180,445,1311,101,732,640518,0,180,310,135,117,1194,0,0,522,457,64,662,231,83618741,9,0,0,0,0,0,0,0,0.000000,0,0,0,0,0,0,0,0,0,0,0,0,0,10485240,0.000000,0.000000
1732483722155,00010,111,2,139,139,1,72,0,1936,1204,180,445,1311,101,732,640518,0,180,310,135,117,1194,0,0,522,457,64,662,231,83618741,9,0,0,0,0,0,0,0,0.000000,0,0,0,0,0,0,0,0,0,0,0,0,0,10485240,0.000000,0.000000
1732483722155,00011,111,2,139,139,1,72,0,1936,1204,180,445,1311,101,732,640518,0,180,310,135,117,1194,0,0,522,457,64,662,231,83618741,9,0,0,0,0,0,0,0,0.000000,0,0,0,0,0,0,0,0,0,0,0,0,0,10485240,0.000000,0.000000
1732483722155,00012,111,2,139,139,1,72,0,1936,1204,180,445,1311,101,732,640518,0,180,310,135,117,1194,0,0,522,457,64,662,231,83618741,9,0,0,0,0,0,0,0,0.000000,0,0,0,0,0,0,0,0,0,0,0,0,0,10485240,0.000000,0.000000
1732483722155,00005,111,2,139,139,1,72,0,1936,1204,180,445,1311,101,732,640518,0,180,310,135,117,1194,0,0,522,457,64,662,231,83618741,9,502,311,2,159,341,191,163178,26.261071,0,2,159,0,21,320,0,0,247,0,18,237,0,9355383,1973.000000,3668.000000
