timestamp,ueImsiComplete,numActiveUes,DRB.EstabSucc.5QI.UEID (numDrb),DRB.RelActNbr.5QI.UEID (0),L3 serving Id(m_cellId),UE (imsi),L3 serving SINR,L3 serving SINR 3gpp,L3 neigh Id 1 (cellId),L3 neigh SINR 1,L3 neigh SINR 3gpp 1 (convertedSinr),L3 neigh Id 2 (cellId),L3 neigh SINR 2,L3 neigh SINR 3gpp 2 (convertedSinr),L3 neigh Id 3 (cellId),L3 neigh SINR 3,L3 neigh SINR 3gpp 3 (convertedSinr),L3 neigh Id 4 (cellId),L3 neigh SINR 4,L3 neigh SINR 3gpp 4 (convertedSinr),L3 neigh Id 5 (cellId),L3 neigh SINR 5,L3 neigh SINR 3gpp 5 (convertedSinr),L3 neigh Id 6 (cellId),L3 neigh SINR 6,L3 neigh SINR 3gpp 6 (convertedSinr),L3 neigh Id 7 (cellId),L3 neigh SINR 7,L3 neigh SINR 3gpp 7 (convertedSinr),L3 neigh Id 8 (cellId),L3 neigh SINR 8,L3 neigh SINR 3gpp 8 (convertedSinr)
1732461263588,00001,12,0,0,2,1,19.062058,85.000000,,,,,,,,,,,,,,,,,,,,,,,,
1732461263588,00002,12,0,0,2,2,13.259704,73.000000,,,,,,,,,,,,,,,,,,,,,,,,
1732461263588,00003,12,0,0,2,3,16.811544,80.000000,,,,,,,,,,,,,,,,,,,,,,,,
1732461263588,00004,12,0,0,2,4,9.337175,65.000000,,,,,,,,,,,,,,,,,,,,,,,,
1732461263588,00005,12,0,0,2,5,26.873124,101.000000,,,,,,,,,,,,,,,,,,,,,,,,
1732461263588,00006,12,0,0,2,6,12.589532,72.000000,,,,,,,,,,,,,,,,,,,,,,,,
1732461263588,00007,12,0,0,2,7,28.029656,103.000000,,,,,,,,,,,,,,,,,,,,,,,,
1732461263588,00008,12,0,0,2,8,8.016849,63.000000,,,,,,,,,,,,,,,,,,,,,,,,
1732461263588,00009,12,0,0,2,9,11.822240,70.000000,,,,,,,,,,,,,,,,,,,,,,,,
1732461263588,00010,12,0,0,2,10,17.634873,82.000000,,,,,,,,,,,,,,,,,,,,,,,,
1732461263588,00011,12,0,0,2,11,14.240056,75.000000,,,,,,,,,,,,,,,,,,,,,,,,
1732461263588,00012,12,0,0,2,12,21.164338,89.000000,,,,,,,,,,,,,,,,,,,,,,,,
1732461263688,00001,12,0,0,2,1,21.825079,90.000000,,,,,,,,,,,,,,,,,,,,,,,,
1732461263688,00002,12,0,0,2,2,12.059050,71.000000,,,,,,,,,,,,,,,,,,,,,,,,
1732461263688,00003,12,0,0,2,3,16.539992,80.000000,,,,,,,,,,,,,,,,,,,,,,,,
1732461263688,00004,12,0,0,2,4,7.854949,62.000000,,,,,,,,,,,,,,,,,,,,,,,,
1732461263688,00005,12,0,0,2,5,27.692704,102.000000,,,,,,,,,,,,,,,,,,,,,,,,
1732461263688,00006,12,0,0,2,6,17.284757,81.000000,,,,,,,,,,,,,,,,,,,,,,,,
1732461263688,00007,12,0,0,2,7,28.368740,104.000000,,,,,,,,,,,,,,,,,,,,,,,,
1732461263688,00008,12,0,0,2,8,7.249583,61.000000,,,,,,,,,,,,,,,,,,,,,,,,
1732461263688,00009,12,0,0,2,9,14.156744,75.000000,,,,,,,,,,,,,,,,,,,,,,,,
1732461263688,00010,12,0,0,2,10,19.394570,85.000000,,,,,,,,,,,,,,,,,,,,,,,,
1732461263688,00011,12,0,0,2,11,11.363934,69.000000,,,,,,,,,,,,,,,,,,,,,,,,
1732461263688,00012,12,0,0,2,12,20.877377,88.000000,,,,,,,,,,,,,,,,,,,,,,,,
1732461263788,00001,12,0,0,2,1,19.773518,86.000000,,,,,,,,,,,,,,,,,,,,,,,,
1732461263788,00002,12,0,0,2,2,11.693724,70.000000,,,,,,,,,,,,,,,,,,,,,,,,
1732461263788,00003,12,0,0,2,3,18.345399,83.000000,,,,,,,,,,,,,,,,,,,,,,,,
1732461263788,00004,12,0,0,2,4,10.047630,67.000000,,,,,,,,,,,,,,,,,,,,,,,,
1732461263788,00005,12,0,0,2,5,26.869206,101.000000,,,,,,,,,,,,,,,,,,,,,,,,
1732461263788,00006,12,0,0,2,6,15.431745,77.000000,,,,,,,,,,,,,,,,,,,,,,,,
1732461263788,00007,12,0,0,2,7,29.478051,106.000000,,,,,,,,,,,,,,,,,,,,,,,,
1732461263788,00008,12,0,0,2,8,8.450851,63.000000,,,,,,,,,,,,,,,,,,,,,,,,
1732461263788,00009,12,0,0,2,9,13.424408,73.000000,,,,,,,,,,,,,,,,,,,,,,,,
1732461263788,00010,12,0,0,2,10,16.019100,79.000000,,,,,,,,,,,,,,,,,,,,,,,,
1732461263788,00011,12,0,0,2,11,13.840158,74.000000,,,,,,,,,,,,,,,,,,,,,,,,
1732461263788,00012,12,0,0,2,12,19.175835,85.000000,,,,,,,,,,,,,,,,,,,,,,,,
1732461263888,00001,12,0,0,2,1,20.600977,88.000000,,,,,,,,,,,,,,,,,,,,,,,,
1732461263888,00002,12,0,0,2,2,13.150994,73.000000,,,,,,,,,,,,,,,,,,,,,,,,
1732461263888,00003,12,0,0,2,3,17.403456,81.000000,,,,,,,,,,,,,,,,,,,,,,,,
1732461263888,00004,12,0,0,2,4,9.318929,65.000000,,,,,,,,,,,,,,,,,,,,,,,,
1732461263888,00005,12,0,0,2,5,25.146370,97.000000,,,,,,,,,,,,,,,,,,,,,,,,
1732461263888,00006,12,0,0,2,6,13.896922,74.000000,,,,,,,,,,,,,,,,,,,,,,,,
1732461263888,00007,12,0,0,2,7,28.804561,104.000000,,,,,,,,,,,,,,,,,,,,,,,,
1732461263888,00008,12,0,0,2,8,8.489797,63.000000,,,,,,,,,,,,,,,,,,,,,,,,
1732461263888,00009,12,0,0,2,9,13.216848,73.000000,,,,,,,,,,,,,,,,,,,,,,,,
1732461263888,00010,12,0,0,2,10,17.934930,83.000000,,,,,,,,,,,,,,,,,,,,,,,,
1732461263888,00011,12,0,0,2,11,12.739786,72.000000,,,,,,,,,,,,,,,,,,,,,,,,
1732461263888,00012,12,0,0,2,12,20.073213,87.000000,,,,,,,,,,,,,,,,,,,,,,,,
1732461263988,00001,12,0,0,2,1,20.036339,87.000000,,,,,,,,,,,,,,,,,,,,,,,,
1732461263988,00002,12,0,0,2,2,13.029099,73.000000,,,,,,,,,,,,,,,,,,,,,,,,
1732461263988,00003,12,0,0,2,3,17.109048,81.000000,,,,,,,,,,,,,,,,,,,,,,,,
1732461263988,00004,12,0,0,2,4,11.291241,69.000000,,,,,,,,,,,,,,,,,,,,,,,,
1732461263988,00005,12,0,0,2,5,25.776182,98.000000,,,,,,,,,,,,,,,,,,,,,,,,
1732461263988,00006,12,0,0,2,6,16.472946,80.000000,,,,,,,,,,,,,,,,,,,,,,,,
1732461263988,00007,12,0,0,2,7,29.032713,105.000000,,,,,,,,,,,,,,,,,,,,,,,,
1732461263988,00008,12,0,0,2,8,6.095215,59.000000,,,,,,,,,,,,,,,,,,,,,,,,
1732461263988,00009,12,0,0,2,9,15.064404,77.000000,,,,,,,,,,,,,,,,,,,,,,,,
1732461263988,00010,12,0,0,2,10,18.516399,84.000000,,,,,,,,,,,,,,,,,,,,,,,,
1732461263988,00011,12,0,0,2,11,11.985750,71.000000,,,,,,,,,,,,,,,,,,,,,,,,
1732461263988,00012,12,0,0,2,12,20.419660,88.000000,,,,,,,,,,,,,,,,,,,,,,,,
1732461264088,00001,12,0,0,2,1,21.406688,90.000000,,,,,,,,,,,,,,,,,,,,,,,,
1732461264088,00002,12,0,0,2,2,12.323211,71.000000,,,,,,,,,,,,,,,,,,,,,,,,
1732461264088,00003,12,0,0,2,3,17.256849,81.000000,,,,,,,,,,,,,,,,,,,,,,,,
1732461264088,00004,12,0,0,2,4,11.257599,69.000000,,,,,,,,,,,,,,,,,,,,,,,,
1732461264088,00005,12,0,0,2,5,29.215578,105.000000,,,,,,,,,,,,,,,,,,,,,,,,
1732461264088,00006,12,0,0,2,6,18.079809,83.000000,,,,,,,,,,,,,,,,,,,,,,,,
1732461264088,00007,12,0,0,2,7,28.645143,104.000000,,,,,,,,,,,,,,,,,,,,,,,,
1732461264088,00008,12,0,0,2,8,8.260659,63.000000,,,,,,,,,,,,,,,,,,,,,,,,
1732461264088,00009,12,0,0,2,9,14.951826,77.000000,,,,,,,,,,,,,,,,,,,,,,,,
1732461264088,00010,12,0,0,2,10,18.830588,84.000000,,,,,,,,,,,,,,,,,,,,,,,,
1732461264088,00011,12,0,0,2,11,14.002712,75.000000,,,,,,,,,,,,,,,,,,,,,,,,
1732461264088,00012,12,0,0,2,12,20.114825,87.000000,,,,,,,,,,,,,,,,,,,,,,,,
1732461264188,00001,12,0,0,2,1,19.760577,86.000000,,,,,,,,,,,,,,,,,,,,,,,,
1732461264188,00002,12,0,0,2,2,11.910129,70.000000,,,,,,,,,,,,,,,,,,,,,,,,
1732461264188,00003,12,0,0,2,3,18.567605,84.000000,,,,,,,,,,,,,,,,,,,,,,,,
1732461264188,00004,12,0,0,2,4,10.379429,67.000000,,,,,,,,,,,,,,,,,,,,,,,,
1732461264188,00005,12,0,0,2,5,25.653254,98.000000,,,,,,,,,,,,,,,,,,,,,,,,
1732461264188,00006,12,0,0,2,6,10.624554,68.000000,,,,,,,,,,,,,,,,,,,,,,,,
1732461264188,00007,12,0,0,2,7,28.619177,104.000000,,,,,,,,,,,,,,,,,,,,,,,,
1732461264188,00008,12,0,0,2,8,9.212115,65.000000,,,,,,,,,,,,,,,,,,,,,,,,
1732461264188,00009,12,0,0,2,9,14.405793,75.000000,,,,,,,,,,,,,,,,,,,,,,,,
1732461264188,00010,12,0,0,2,10,14.934451,76.000000,,,,,,,,,,,,,,,,,,,,,,,,
1732461264188,00011,12,0,0,2,11,13.652882,74.000000,,,,,,,,,,,,,,,,,,,,,,,,
1732461264188,00012,12,0,0,2,12,19.092570,85.000000,,,,,,,,,,,,,,,,,,,,,,,,
1732461264288,00001,12,0,0,2,1,19.964310,87.000000,,,,,,,,,,,,,,,,,,,,,,,,
1732461264288,00002,12,0,0,2,2,9.868759,66.000000,,,,,,,,,,,,,,,,,,,,,,,,
1732461264288,00003,12,0,0,2,3,17.384769,81.000000,,,,,,,,,,,,,,,,,,,,,,,,
1732461264288,00004,12,0,0,2,4,10.689694,68.000000,,,,,,,,,,,,,,,,,,,,,,,,
1732461264288,00005,12,0,0,2,5,27.303487,101.000000,,,,,,,,,,,,,,,,,,,,,,,,
1732461264288,00006,12,0,0,2,6,14.383358,75.000000,,,,,,,,,,,,,,,,,,,,,,,,
1732461264288,00007,12,0,0,2,7,28.908919,105.000000,,,,,,,,,,,,,,,,,,,,,,,,
1732461264288,00008,12,0,0,2,8,6.745425,60.000000,,,,,,,,,,,,,,,,,,,,,,,,
1732461264288,00009,12,0,0,2,9,13.894432,74.000000,,,,,,,,,,,,,,,,,,,,,,,,
1732461264288,00010,12,0,0,2,10,18.471501,84.000000,,,,,,,,,,,,,,,,,,,,,,,,
1732461264288,00011,12,0,0,2,11,12.396437,71.000000,,,,,,,,,,,,,,,,,,,,,,,,
1732461264288,00012,12,0,0,2,12,20.056545,87.000000,,,,,,,,,,,,,,,,,,,,,,,,
1732461264388,00001,12,0,0,2,1,21.769464,90.000000,,,,,,,,,,,,,,,,,,,,,,,,
1732461264388,00002,12,0,0,2,2,13.265089,73.000000,,,,,,,,,,,,,,,,,,,,,,,,
1732461264388,00003,12,0,0,2,3,16.344613,79.000000,,,,,,,,,,,,,,,,,,,,,,,,
1732461264388,00004,12,0,0,2,4,8.814619,64.000000,,,,,,,,,,,,,,,,,,,,,,,,
1732461264388,00005,12,0,0,2,5,27.184299,101.000000,,,,,,,,,,,,,,,,,,,,,,,,
1732461264388,00006,12,0,0,2,6,10.842335,68.000000,,,,,,,,,,,,,,,,,,,,,,,,
1732461264388,00007,12,0,0,2,7,27.800643,102.000000,,,,,,,,,,,,,,,,,,,,,,,,
1732461264388,00008,12,0,0,2,8,7.206311,61.000000,,,,,,,,,,,,,,,,,,,,,,,,
1732461264388,00009,12,0,0,2,9,13.879421,74.000000,,,,,,,,,,,,,,,,,,,,,,,,
1732461264388,00010,12,0,0,2,10,18.884471,84.000000,,,,,,,,,,,,,,,,,,,,,,,,
1732461264388,00011,12,0,0,2,11,13.097676,73.000000,,,,,,,,,,,,,,,,,,,,,,,,
1732461264388,00012,12,0,0,2,12,19.002676,85.000000,,,,,,,,,,,,,,,,,,,,,,,,
1732461264488,00001,12,0,0,2,1,19.007566,85.000000,,,,,,,,,,,,,,,,,,,,,,,,
1732461264488,00002,12,0,0,2,2,9.492827,66.000000,,,,,,,,,,,,,,,,,,,,,,,,
1732461264488,00003,12,0,0,2,3,16.618555,80.000000,,,,,,,,,,,,,,,,,,,,,,,,
1732461264488,00004,12,0,0,2,4,7.536146,62.000000,,,,,,,,,,,,,,,,,,,,,,,,
1732461264488,00005,12,0,0,2,5,29.571490,106.000000,,,,,,,,,,,,,,,,,,,,,,,,
1732461264488,00006,12,0,0,2,6,15.770089,78.000000,,,,,,,,,,,,,,,,,,,,,,,,
1732461264488,00007,12,0,0,2,7,29.564838,106.000000,,,,,,,,,,,,,,,,,,,,,,,,
1732461264488,00008,12,0,0,2,8,7.716716,62.000000,,,,,,,,,,,,,,,,,,,,,,,,
1732461264488,00009,12,0,0,2,9,15.159749,77.000000,,,,,,,,,,,,,,,,,,,,,,,,
1732461264488,00010,12,0,0,2,10,18.393051,83.000000,,,,,,,,,,,,,,,,,,,,,,,,
1732461264488,00011,12,0,0,2,11,16.538252,80.000000,,,,,,,,,,,,,,,,,,,,,,,,
1732461264488,00012,12,0,0,2,12,19.802650,86.000000,,,,,,,,,,,,,,,,,,,,,,,,
1732461264588,00001,12,0,0,2,1,20.658002,88.000000,,,,,,,,,,,,,,,,,,,,,,,,
1732461264588,00002,12,0,0,2,2,14.453822,76.000000,,,,,,,,,,,,,,,,,,,,,,,,
1732461264588,00003,12,0,0,2,3,16.874487,80.000000,,,,,,,,,,,,,,,,,,,,,,,,
1732461264588,00004,12,0,0,2,4,10.433388,67.000000,,,,,,,,,,,,,,,,,,,,,,,,
1732461264588,00005,12,0,0,2,5,26.922280,101.000000,,,,,,,,,,,,,,,,,,,,,,,,
1732461264588,00006,12,0,0,2,6,15.291126,77.000000,,,,,,,,,,,,,,,,,,,,,,,,
1732461264588,00007,12,0,0,2,7,29.331868,105.000000,,,,,,,,,,,,,,,,,,,,,,,,
1732461264588,00008,12,0,0,2,8,9.682046,66.000000,,,,,,,,,,,,,,,,,,,,,,,,
1732461264588,00009,12,0,0,2,9,14.822620,76.000000,,,,,,,,,,,,,,,,,,,,,,,,
1732461264588,00010,12,0,0,2,10,18.065803,83.000000,,,,,,,,,,,,,,,,,,,,,,,,
1732461264588,00011,12,0,0,2,11,14.138602,75.000000,,,,,,,,,,,,,,,,,,,,,,,,
1732461264588,00012,12,0,0,2,12,20.271110,87.000000,,,,,,,,,,,,,,,,,,,,,,,,
1732461264688,00001,12,0,0,2,1,22.438111,92.000000,,,,,,,,,,,,,,,,,,,,,,,,
1732461264688,00002,12,0,0,2,2,13.292795,73.000000,,,,,,,,,,,,,,,,,,,,,,,,
1732461264688,00003,12,0,0,2,3,16.319590,79.000000,,,,,,,,,,,,,,,,,,,,,,,,
1732461264688,00004,12,0,0,2,4,10.022937,67.000000,,,,,,,,,,,,,,,,,,,,,,,,
1732461264688,00005,12,0,0,2,5,26.544598,100.000000,,,,,,,,,,,,,,,,,,,,,,,,
1732461264688,00006,12,0,0,2,6,15.423934,77.000000,,,,,,,,,,,,,,,,,,,,,,,,
1732461264688,00007,12,0,0,2,7,28.184648,103.000000,,,,,,,,,,,,,,,,,,,,,,,,
1732461264688,00008,12,0,0,2,8,9.329102,65.000000,,,,,,,,,,,,,,,,,,,,,,,,
1732461264688,00009,12,0,0,2,9,14.921412,76.000000,,,,,,,,,,,,,,,,,,,,,,,,
1732461264688,00010,12,0,0,2,10,18.178507,83.000000,,,,,,,,,,,,,,,,,,,,,,,,
1732461264688,00011,12,0,0,2,11,14.180717,75.000000,,,,,,,,,,,,,,,,,,,,,,,,
1732461264688,00012,12,0,0,2,12,19.455358,86.000000,,,,,,,,,,,,,,,,,,,,,,,,
1732461264788,00001,12,0,0,2,1,18.646813,84.000000,,,,,,,,,,,,,,,,,,,,,,,,
1732461264788,00002,12,0,0,2,2,12.667137,72.000000,,,,,,,,,,,,,,,,,,,,,,,,
1732461264788,00003,12,0,0,2,3,17.173072,81.000000,,,,,,,,,,,,,,,,,,,,,,,,
1732461264788,00004,12,0,0,2,4,8.886419,64.000000,,,,,,,,,,,,,,,,,,,,,,,,
1732461264788,00005,12,0,0,2,5,27.815681,102.000000,,,,,,,,,,,,,,,,,,,,,,,,
1732461264788,00006,12,0,0,2,6,14.072422,75.000000,,,,,,,,,,,,,,,,,,,,,,,,
1732461264788,00007,12,0,0,2,7,24.401513,96.000000,,,,,,,,,,,,,,,,,,,,,,,,
1732461264788,00008,12,0,0,2,8,9.188180,65.000000,,,,,,,,,,,,,,,,,,,,,,,,
1732461264788,00009,12,0,0,2,9,12.915928,72.000000,,,,,,,,,,,,,,,,,,,,,,,,
1732461264788,00010,12,0,0,2,10,18.331156,83.000000,,,,,,,,,,,,,,,,,,,,,,,,
1732461264788,00011,12,0,0,2,11,12.709104,72.000000,,,,,,,,,,,,,,,,,,,,,,,,
1732461264788,00012,12,0,0,2,12,20.067633,87.000000,,,,,,,,,,,,,,,,,,,,,,,,
1732461264888,00001,12,0,0,2,1,20.747570,88.000000,,,,,,,,,,,,,,,,,,,,,,,,
1732461264888,00002,12,0,0,2,2,14.709760,76.000000,,,,,,,,,,,,,,,,,,,,,,,,
1732461264888,00003,12,0,0,2,3,17.254735,81.000000,,,,,,,,,,,,,,,,,,,,,,,,
1732461264888,00004,12,0,0,2,4,8.121754,63.000000,,,,,,,,,,,,,,,,,,,,,,,,
1732461264888,00005,12,0,0,2,5,26.999028,101.000000,,,,,,,,,,,,,,,,,,,,,,,,
1732461264888,00006,12,0,0,2,6,14.109465,75.000000,,,,,,,,,,,,,,,,,,,,,,,,
1732461264888,00007,12,0,0,2,7,29.100128,105.000000,,,,,,,,,,,,,,,,,,,,,,,,
1732461264888,00008,12,0,0,2,8,9.005933,65.000000,,,,,,,,,,,,,,,,,,,,,,,,
1732461264888,00009,12,0,0,2,9,14.002345,75.000000,,,,,,,,,,,,,,,,,,,,,,,,
1732461264888,00010,12,0,0,2,10,16.365835,79.000000,,,,,,,,,,,,,,,,,,,,,,,,
1732461264888,00011,12,0,0,2,11,14.725636,76.000000,,,,,,,,,,,,,,,,,,,,,,,,
1732461264888,00012,12,0,0,2,12,19.414890,86.000000,,,,,,,,,,,,,,,,,,,,,,,,
1732461264988,00001,12,0,0,2,1,19.592130,86.000000,,,,,,,,,,,,,,,,,,,,,,,,
1732461264988,00002,12,0,0,2,2,11.017945,69.000000,,,,,,,,,,,,,,,,,,,,,,,,
1732461264988,00003,12,0,0,2,3,17.141882,81.000000,,,,,,,,,,,,,,,,,,,,,,,,
1732461264988,00004,12,0,0,2,4,9.984779,66.000000,,,,,,,,,,,,,,,,,,,,,,,,
1732461264988,00005,12,0,0,2,5,26.792393,100.000000,,,,,,,,,,,,,,,,,,,,,,,,
1732461264988,00006,12,0,0,2,6,14.978519,77.000000,,,,,,,,,,,,,,,,,,,,,,,,
1732461264988,00007,12,0,0,2,7,28.130647,103.000000,,,,,,,,,,,,,,,,,,,,,,,,
1732461264988,00008,12,0,0,2,8,8.662854,64.000000,,,,,,,,,,,,,,,,,,,,,,,,
1732461264988,00009,12,0,0,2,9,14.625861,76.000000,,,,,,,,,,,,,,,,,,,,,,,,
1732461264988,00010,12,0,0,2,10,17.162678,81.000000,,,,,,,,,,,,,,,,,,,,,,,,
1732461264988,00011,12,0,0,2,11,13.171741,73.000000,,,,,,,,,,,,,,,,,,,,,,,,
1732461264988,00012,12,0,0,2,12,20.310079,87.000000,,,,,,,,,,,,,,,,,,,,,,,,
1732461265088,00001,12,0,0,2,1,18.655628,84.000000,,,,,,,,,,,,,,,,,,,,,,,,
1732461265088,00002,12,0,0,2,2,10.366212,67.000000,,,,,,,,,,,,,,,,,,,,,,,,
1732461265088,00003,12,0,0,2,3,16.333889,79.000000,,,,,,,,,,,,,,,,,,,,,,,,
1732461265088,00004,12,0,0,2,4,9.648920,66.000000,,,,,,,,,,,,,,,,,,,,,,,,
1732461265088,00005,12,0,0,2,5,28.894647,105.000000,,,,,,,,,,,,,,,,,,,,,,,,
1732461265088,00006,12,0,0,2,6,14.707471,76.000000,,,,,,,,,,,,,,,,,,,,,,,,
1732461265088,00007,12,0,0,2,7,28.649726,104.000000,,,,,,,,,,,,,,,,,,,,,,,,
1732461265088,00008,12,0,0,2,8,8.411256,63.000000,,,,,,,,,,,,,,,,,,,,,,,,
1732461265088,00009,12,0,0,2,9,15.360605,77.000000,,,,,,,,,,,,,,,,,,,,,,,,
1732461265088,00010,12,0,0,2,10,17.104943,81.000000,,,,,,,,,,,,,,,,,,,,,,,,
1732461265088,00011,12,0,0,2,11,12.942563,72.000000,,,,,,,,,,,,,,,,,,,,,,,,
1732461265088,00012,12,0,0,2,12,17.811478,82.000000,,,,,,,,,,,,,,,,,,,,,,,,
1732461265188,00001,12,0,0,2,1,21.639300,90.000000,,,,,,,,,,,,,,,,,,,,,,,,
1732461265188,00002,12,0,0,2,2,12.898160,72.000000,,,,,,,,,,,,,,,,,,,,,,,,
1732461265188,00003,12,0,0,2,3,15.132823,77.000000,,,,,,,,,,,,,,,,,,,,,,,,
1732461265188,00004,12,0,0,2,4,9.605298,66.000000,,,,,,,,,,,,,,,,,,,,,,,,
1732461265188,00005,12,0,0,2,5,26.855178,101.000000,,,,,,,,,,,,,,,,,,,,,,,,
1732461265188,00006,12,0,0,2,6,14.817371,76.000000,,,,,,,,,,,,,,,,,,,,,,,,
1732461265188,00007,12,0,0,2,7,29.058239,105.000000,,,,,,,,,,,,,,,,,,,,,,,,
1732461265188,00008,12,0,0,2,8,10.087374,67.000000,,,,,,,,,,,,,,,,,,,,,,,,
1732461265188,00009,12,0,0,2,9,11.678520,70.000000,,,,,,,,,,,,,,,,,,,,,,,,
1732461265188,00010,12,0,0,2,10,18.437171,84.000000,,,,,,,,,,,,,,,,,,,,,,,,
1732461265188,00011,12,0,0,2,11,13.049614,73.000000,,,,,,,,,,,,,,,,,,,,,,,,
1732461265188,00012,12,0,0,2,12,18.863485,84.000000,,,,,,,,,,,,,,,,,,,,,,,,
1732461265288,00001,12,0,0,2,1,21.942404,91.000000,,,,,,,,,,,,,,,,,,,,,,,,
1732461265288,00002,12,0,0,2,2,12.292378,71.000000,,,,,,,,,,,,,,,,,,,,,,,,
1732461265288,00003,12,0,0,2,3,16.474351,80.000000,,,,,,,,,,,,,,,,,,,,,,,,
1732461265288,00004,12,0,0,2,4,10.953225,68.000000,,,,,,,,,,,,,,,,,,,,,,,,
1732461265288,00005,12,0,0,2,5,28.496706,104.000000,,,,,,,,,,,,,,,,,,,,,,,,
1732461265288,00006,12,0,0,2,6,13.952635,74.000000,,,,,,,,,,,,,,,,,,,,,,,,
1732461265288,00007,12,0,0,2,7,27.373149,102.000000,,,,,,,,,,,,,,,,,,,,,,,,
1732461265288,00008,12,0,0,2,8,10.799761,68.000000,,,,,,,,,,,,,,,,,,,,,,,,
1732461265288,00009,12,0,0,2,9,13.963733,75.000000,,,,,,,,,,,,,,,,,,,,,,,,
1732461265288,00010,12,0,0,2,10,18.271982,83.000000,,,,,,,,,,,,,,,,,,,,,,,,
1732461265288,00011,12,0,0,2,11,13.527177,74.000000,,,,,,,,,,,,,,,,,,,,,,,,
1732461265288,00012,12,0,0,2,12,19.873384,86.000000,,,,,,,,,,,,,,,,,,,,,,,,
1732461265388,00001,12,0,0,2,1,19.259625,85.000000,,,,,,,,,,,,,,,,,,,,,,,,
1732461265388,00002,12,0,0,2,2,8.614316,64.000000,,,,,,,,,,,,,,,,,,,,,,,,
1732461265388,00003,12,0,0,2,3,17.356933,81.000000,,,,,,,,,,,,,,,,,,,,,,,,
1732461265388,00004,12,0,0,2,4,10.722796,68.000000,,,,,,,,,,,,,,,,,,,,,,,,
1732461265388,00005,12,0,0,2,5,27.189928,101.000000,,,,,,,,,,,,,,,,,,,,,,,,
1732461265388,00006,12,0,0,2,6,15.346948,77.000000,,,,,,,,,,,,,,,,,,,,,,,,
1732461265388,00007,12,0,0,2,7,28.815181,104.000000,,,,,,,,,,,,,,,,,,,,,,,,
1732461265388,00008,12,0,0,2,8,8.485783,63.000000,,,,,,,,,,,,,,,,,,,,,,,,
1732461265388,00009,12,0,0,2,9,14.807121,76.000000,,,,,,,,,,,,,,,,,,,,,,,,
1732461265388,00010,12,0,0,2,10,18.634498,84.000000,,,,,,,,,,,,,,,,,,,,,,,,
1732461265388,00011,12,0,0,2,11,13.568310,74.000000,,,,,,,,,,,,,,,,,,,,,,,,
1732461265388,00012,12,0,0,2,12,19.138760,85.000000,,,,,,,,,,,,,,,,,,,,,,,,
1732461265488,00001,12,0,0,2,1,20.091637,87.000000,,,,,,,,,,,,,,,,,,,,,,,,
1732461265488,00002,12,0,0,2,2,11.331970,69.000000,,,,,,,,,,,,,,,,,,,,,,,,
1732461265488,00003,12,0,0,2,3,17.184752,81.000000,,,,,,,,,,,,,,,,,,,,,,,,
1732461265488,00004,12,0,0,2,4,9.733631,66.000000,,,,,,,,,,,,,,,,,,,,,,,,
1732461265488,00005,12,0,0,2,5,25.637745,98.000000,,,,,,,,,,,,,,,,,,,,,,,,
1732461265488,00006,12,0,0,2,6,16.396383,79.000000,,,,,,,,,,,,,,,,,,,,,,,,
1732461265488,00007,12,0,0,2,7,27.277277,101.000000,,,,,,,,,,,,,,,,,,,,,,,,
1732461265488,00008,12,0,0,2,8,10.877692,68.000000,,,,,,,,,,,,,,,,,,,,,,,,
1732461265488,00009,12,0,0,2,9,14.738446,76.000000,,,,,,,,,,,,,,,,,,,,,,,,
1732461265488,00010,12,0,0,2,10,18.559530,84.000000,,,,,,,,,,,,,,,,,,,,,,,,
1732461265488,00011,12,0,0,2,11,13.090944,73.000000,,,,,,,,,,,,,,,,,,,,,,,,
1732461265488,00012,12,0,0,2,12,19.094083,85.000000,,,,,,,,,,,,,,,,,,,,,,,,
1732461265588,00001,12,0,0,2,1,21.804339,90.000000,,,,,,,,,,,,,,,,,,,,,,,,
1732461265588,00002,12,0,0,2,2,10.251319,67.000000,,,,,,,,,,,,,,,,,,,,,,,,
1732461265588,00003,12,0,0,2,3,17.359271,81.000000,,,,,,,,,,,,,,,,,,,,,,,,
1732461265588,00004,12,0,0,2,4,10.020972,67.000000,,,,,,,,,,,,,,,,,,,,,,,,
1732461265588,00005,12,0,0,2,5,26.456830,100.000000,,,,,,,,,,,,,,,,,,,,,,,,
1732461265588,00006,12,0,0,2,6,13.924726,74.000000,,,,,,,,,,,,,,,,,,,,,,,,
1732461265588,00007,12,0,0,2,7,28.371177,104.000000,,,,,,,,,,,,,,,,,,,,,,,,
1732461265588,00008,12,0,0,2,8,10.420646,67.000000,,,,,,,,,,,,,,,,,,,,,,,,
1732461265588,00009,12,0,0,2,9,16.007170,79.000000,,,,,,,,,,,,,,,,,,,,,,,,
1732461265588,00010,12,0,0,2,10,19.327724,85.000000,,,,,,,,,,,,,,,,,,,,,,,,
1732461265588,00011,12,0,0,2,11,13.168723,73.000000,,,,,,,,,,,,,,,,,,,,,,,,
1732461265588,00012,12,0,0,2,12,20.253806,87.000000,,,,,,,,,,,,,,,,,,,,,,,,
1732461265688,00001,12,0,0,2,1,20.026687,87.000000,,,,,,,,,,,,,,,,,,,,,,,,
1732461265688,00002,12,0,0,2,2,12.673997,72.000000,,,,,,,,,,,,,,,,,,,,,,,,
1732461265688,00003,12,0,0,2,3,16.536294,80.000000,,,,,,,,,,,,,,,,,,,,,,,,
1732461265688,00004,12,0,0,2,4,10.694809,68.000000,,,,,,,,,,,,,,,,,,,,,,,,
1732461265688,00005,12,0,0,2,5,27.663195,102.000000,,,,,,,,,,,,,,,,,,,,,,,,
1732461265688,00006,12,0,0,2,6,15.572104,78.000000,,,,,,,,,,,,,,,,,,,,,,,,
1732461265688,00007,12,0,0,2,7,28.022757,103.000000,,,,,,,,,,,,,,,,,,,,,,,,
1732461265688,00008,12,0,0,2,8,8.949475,64.000000,,,,,,,,,,,,,,,,,,,,,,,,
1732461265688,00009,12,0,0,2,9,14.245849,75.000000,,,,,,,,,,,,,,,,,,,,,,,,
1732461265688,00010,12,0,0,2,10,18.214930,83.000000,,,,,,,,,,,,,,,,,,,,,,,,
1732461265688,00011,12,0,0,2,11,13.129069,73.000000,,,,,,,,,,,,,,,,,,,,,,,,
1732461265688,00012,12,0,0,2,12,19.615846,86.000000,,,,,,,,,,,,,,,,,,,,,,,,
1732461265788,00001,12,0,0,2,1,20.851998,88.000000,,,,,,,,,,,,,,,,,,,,,,,,
1732461265788,00002,12,0,0,2,2,13.230524,73.000000,,,,,,,,,,,,,,,,,,,,,,,,
1732461265788,00003,12,0,0,2,3,15.540660,78.000000,,,,,,,,,,,,,,,,,,,,,,,,
1732461265788,00004,12,0,0,2,4,10.602345,68.000000,,,,,,,,,,,,,,,,,,,,,,,,
1732461265788,00005,12,0,0,2,5,28.870164,105.000000,,,,,,,,,,,,,,,,,,,,,,,,
1732461265788,00006,12,0,0,2,6,13.124790,73.000000,,,,,,,,,,,,,,,,,,,,,,,,
1732461265788,00007,12,0,0,2,7,29.397798,106.000000,,,,,,,,,,,,,,,,,,,,,,,,
1732461265788,00008,12,0,0,2,8,4.467385,55.000000,,,,,,,,,,,,,,,,,,,,,,,,
1732461265788,00009,12,0,0,2,9,16.524698,80.000000,,,,,,,,,,,,,,,,,,,,,,,,
1732461265788,00010,12,0,0,2,10,19.407132,85.000000,,,,,,,,,,,,,,,,,,,,,,,,
1732461265788,00011,12,0,0,2,11,13.419344,73.000000,,,,,,,,,,,,,,,,,,,,,,,,
1732461265788,00012,12,0,0,2,12,23.423243,94.000000,,,,,,,,,,,,,,,,,,,,,,,,
1732461265888,00001,12,0,0,2,1,19.950987,87.000000,,,,,,,,,,,,,,,,,,,,,,,,
1732461265888,00002,12,0,0,2,2,13.350615,73.000000,,,,,,,,,,,,,,,,,,,,,,,,
1732461265888,00003,12,0,0,2,3,15.763237,78.000000,,,,,,,,,,,,,,,,,,,,,,,,
1732461265888,00004,12,0,0,2,4,10.508032,68.000000,,,,,,,,,,,,,,,,,,,,,,,,
1732461265888,00005,12,0,0,2,5,26.827733,100.000000,,,,,,,,,,,,,,,,,,,,,,,,
1732461265888,00006,12,0,0,2,6,16.126375,79.000000,,,,,,,,,,,,,,,,,,,,,,,,
1732461265888,00007,12,0,0,2,7,28.594478,104.000000,,,,,,,,,,,,,,,,,,,,,,,,
1732461265888,00008,12,0,0,2,8,8.869931,64.000000,,,,,,,,,,,,,,,,,,,,,,,,
1732461265888,00009,12,0,0,2,9,15.796416,78.000000,,,,,,,,,,,,,,,,,,,,,,,,
1732461265888,00010,12,0,0,2,10,18.687559,84.000000,,,,,,,,,,,,,,,,,,,,,,,,
1732461265888,00011,12,0,0,2,11,13.374313,73.000000,,,,,,,,,,,,,,,,,,,,,,,,
1732461265888,00012,12,0,0,2,12,21.059484,89.000000,,,,,,,,,,,,,,,,,,,,,,,,
1732461265988,00001,12,0,0,2,1,19.621740,86.000000,,,,,,,,,,,,,,,,,,,,,,,,
1732461265988,00002,12,0,0,2,2,11.200473,69.000000,,,,,,,,,,,,,,,,,,,,,,,,
1732461265988,00003,12,0,0,2,3,17.754908,82.000000,,,,,,,,,,,,,,,,,,,,,,,,
1732461265988,00004,12,0,0,2,4,10.198212,67.000000,,,,,,,,,,,,,,,,,,,,,,,,
1732461265988,00005,12,0,0,2,5,26.117743,99.000000,,,,,,,,,,,,,,,,,,,,,,,,
1732461265988,00006,12,0,0,2,6,12.826858,72.000000,,,,,,,,,,,,,,,,,,,,,,,,
1732461265988,00007,12,0,0,2,7,28.145304,103.000000,,,,,,,,,,,,,,,,,,,,,,,,
1732461265988,00008,12,0,0,2,8,9.570301,66.000000,,,,,,,,,,,,,,,,,,,,,,,,
1732461265988,00009,12,0,0,2,9,15.475841,78.000000,,,,,,,,,,,,,,,,,,,,,,,,
1732461265988,00010,12,0,0,2,10,20.122717,87.000000,,,,,,,,,,,,,,,,,,,,,,,,
1732461265988,00011,12,0,0,2,11,10.257257,67.000000,,,,,,,,,,,,,,,,,,,,,,,,
1732461265988,00012,12,0,0,2,12,21.864709,90.000000,,,,,,,,,,,,,,,,,,,,,,,,
1732461266088,00001,12,0,0,2,1,20.362953,87.000000,,,,,,,,,,,,,,,,,,,,,,,,
1732461266088,00002,12,0,0,2,2,13.021407,73.000000,,,,,,,,,,,,,,,,,,,,,,,,
1732461266088,00003,12,0,0,2,3,15.061217,77.000000,,,,,,,,,,,,,,,,,,,,,,,,
1732461266088,00004,12,0,0,2,4,10.939496,68.000000,,,,,,,,,,,,,,,,,,,,,,,,
1732461266088,00005,12,0,0,2,5,28.026750,103.000000,,,,,,,,,,,,,,,,,,,,,,,,
1732461266088,00006,12,0,0,2,6,14.929233,76.000000,,,,,,,,,,,,,,,,,,,,,,,,
1732461266088,00007,12,0,0,2,7,28.611423,104.000000,,,,,,,,,,,,,,,,,,,,,,,,
1732461266088,00008,12,0,0,2,8,10.835591,68.000000,,,,,,,,,,,,,,,,,,,,,,,,
1732461266088,00009,12,0,0,2,9,14.469370,76.000000,,,,,,,,,,,,,,,,,,,,,,,,
1732461266088,00010,12,0,0,2,10,17.892873,82.000000,,,,,,,,,,,,,,,,,,,,,,,,
1732461266088,00011,12,0,0,2,11,14.450413,75.000000,,,,,,,,,,,,,,,,,,,,,,,,
1732461266088,00012,12,0,0,2,12,20.839488,88.000000,,,,,,,,,,,,,,,,,,,,,,,,
1732461266188,00001,12,0,0,2,1,21.432338,90.000000,,,,,,,,,,,,,,,,,,,,,,,,
1732461266188,00002,12,0,0,2,2,10.348591,67.000000,,,,,,,,,,,,,,,,,,,,,,,,
1732461266188,00003,12,0,0,2,3,17.811440,82.000000,,,,,,,,,,,,,,,,,,,,,,,,
1732461266188,00004,12,0,0,2,4,10.676201,68.000000,,,,,,,,,,,,,,,,,,,,,,,,
1732461266188,00005,12,0,0,2,5,26.379209,100.000000,,,,,,,,,,,,,,,,,,,,,,,,
1732461266188,00006,12,0,0,2,6,13.369980,73.000000,,,,,,,,,,,,,,,,,,,,,,,,
1732461266188,00007,12,0,0,2,7,26.048288,99.000000,,,,,,,,,,,,,,,,,,,,,,,,
1732461266188,00008,12,0,0,2,8,8.523900,64.000000,,,,,,,,,,,,,,,,,,,,,,,,
1732461266188,00009,12,0,0,2,9,14.035359,75.000000,,,,,,,,,,,,,,,,,,,,,,,,
1732461266188,00010,12,0,0,2,10,18.120302,83.000000,,,,,,,,,,,,,,,,,,,,,,,,
1732461266188,00011,12,0,0,2,11,13.958450,75.000000,,,,,,,,,,,,,,,,,,,,,,,,
1732461266188,00012,12,0,0,2,12,21.643128,90.000000,,,,,,,,,,,,,,,,,,,,,,,,
1732461266288,00001,12,0,0,2,1,19.654899,86.000000,,,,,,,,,,,,,,,,,,,,,,,,
1732461266288,00002,12,0,0,2,2,12.165398,71.000000,,,,,,,,,,,,,,,,,,,,,,,,
1732461266288,00003,12,0,0,2,3,16.828743,80.000000,,,,,,,,,,,,,,,,,,,,,,,,
1732461266288,00004,12,0,0,2,4,12.869601,72.000000,,,,,,,,,,,,,,,,,,,,,,,,
1732461266288,00005,12,0,0,2,5,27.562362,102.000000,,,,,,,,,,,,,,,,,,,,,,,,
1732461266288,00006,12,0,0,2,6,13.809789,74.000000,,,,,,,,,,,,,,,,,,,,,,,,
1732461266288,00007,12,0,0,2,7,28.827823,104.000000,,,,,,,,,,,,,,,,,,,,,,,,
1732461266288,00008,12,0,0,2,8,6.897305,60.000000,,,,,,,,,,,,,,,,,,,,,,,,
1732461266288,00009,12,0,0,2,9,10.843036,68.000000,,,,,,,,,,,,,,,,,,,,,,,,
1732461266288,00010,12,0,0,2,10,20.431939,88.000000,,,,,,,,,,,,,,,,,,,,,,,,
1732461266288,00011,12,0,0,2,11,14.474263,76.000000,,,,,,,,,,,,,,,,,,,,,,,,
1732461266288,00012,12,0,0,2,12,19.513821,86.000000,,,,,,,,,,,,,,,,,,,,,,,,
1732461266388,00001,12,0,0,2,1,21.977470,91.000000,,,,,,,,,,,,,,,,,,,,,,,,
1732461266388,00002,12,0,0,2,2,12.548696,72.000000,,,,,,,,,,,,,,,,,,,,,,,,
1732461266388,00003,12,0,0,2,3,16.643775,80.000000,,,,,,,,,,,,,,,,,,,,,,,,
1732461266388,00004,12,0,0,2,4,9.360658,65.000000,,,,,,,,,,,,,,,,,,,,,,,,
1732461266388,00005,12,0,0,2,5,26.858024,101.000000,,,,,,,,,,,,,,,,,,,,,,,,
1732461266388,00006,12,0,0,2,6,15.807761,78.000000,,,,,,,,,,,,,,,,,,,,,,,,
1732461266388,00007,12,0,0,2,7,28.844958,105.000000,,,,,,,,,,,,,,,,,,,,,,,,
1732461266388,00008,12,0,0,2,8,7.892563,62.000000,,,,,,,,,,,,,,,,,,,,,,,,
1732461266388,00009,12,0,0,2,9,15.777507,78.000000,,,,,,,,,,,,,,,,,,,,,,,,
1732461266388,00010,12,0,0,2,10,18.794855,84.000000,,,,,,,,,,,,,,,,,,,,,,,,
1732461266388,00011,12,0,0,2,11,13.604038,74.000000,,,,,,,,,,,,,,,,,,,,,,,,
1732461266388,00012,12,0,0,2,12,21.005743,89.000000,,,,,,,,,,,,,,,,,,,,,,,,
1732461266488,00001,12,0,0,2,1,18.720095,84.000000,,,,,,,,,,,,,,,,,,,,,,,,
1732461266488,00002,12,0,0,2,2,12.641296,72.000000,,,,,,,,,,,,,,,,,,,,,,,,
1732461266488,00003,12,0,0,2,3,16.815694,80.000000,,,,,,,,,,,,,,,,,,,,,,,,
1732461266488,00004,12,0,0,2,4,8.312114,63.000000,,,,,,,,,,,,,,,,,,,,,,,,
1732461266488,00005,12,0,0,2,5,25.476187,98.000000,,,,,,,,,,,,,,,,,,,,,,,,
1732461266488,00006,12,0,0,2,6,13.953214,74.000000,,,,,,,,,,,,,,,,,,,,,,,,
1732461266488,00007,12,0,0,2,7,29.626475,106.000000,,,,,,,,,,,,,,,,,,,,,,,,
1732461266488,00008,12,0,0,2,8,10.628037,68.000000,,,,,,,,,,,,,,,,,,,,,,,,
1732461266488,00009,12,0,0,2,9,13.279857,73.000000,,,,,,,,,,,,,,,,,,,,,,,,
1732461266488,00010,12,0,0,2,10,17.152939,81.000000,,,,,,,,,,,,,,,,,,,,,,,,
1732461266488,00011,12,0,0,2,11,13.901759,74.000000,,,,,,,,,,,,,,,,,,,,,,,,
1732461266488,00012,12,0,0,2,12,20.518650,88.000000,,,,,,,,,,,,,,,,,,,,,,,,
1732461266588,00001,12,0,0,2,1,19.164208,85.000000,,,,,,,,,,,,,,,,,,,,,,,,
1732461266588,00002,12,0,0,2,2,10.893732,68.000000,,,,,,,,,,,,,,,,,,,,,,,,
1732461266588,00003,12,0,0,2,3,14.467456,76.000000,,,,,,,,,,,,,,,,,,,,,,,,
1732461266588,00004,12,0,0,2,4,7.072006,61.000000,,,,,,,,,,,,,,,,,,,,,,,,
1732461266588,00005,12,0,0,2,5,29.165812,105.000000,,,,,,,,,,,,,,,,,,,,,,,,
1732461266588,00006,12,0,0,2,6,14.386920,75.000000,,,,,,,,,,,,,,,,,,,,,,,,
1732461266588,00007,12,0,0,2,7,28.895255,105.000000,,,,,,,,,,,,,,,,,,,,,,,,
1732461266588,00008,12,0,0,2,8,8.832689,64.000000,,,,,,,,,,,,,,,,,,,,,,,,
1732461266588,00009,12,0,0,2,9,13.118386,73.000000,,,,,,,,,,,,,,,,,,,,,,,,
1732461266588,00010,12,0,0,2,10,18.566539,84.000000,,,,,,,,,,,,,,,,,,,,,,,,
1732461266588,00011,12,0,0,2,11,14.318565,75.000000,,,,,,,,,,,,,,,,,,,,,,,,
1732461266588,00012,12,0,0,2,12,19.278879,85.000000,,,,,,,,,,,,,,,,,,,,,,,,
1732461266688,00001,12,0,0,2,1,18.778013,84.000000,,,,,,,,,,,,,,,,,,,,,,,,
1732461266688,00002,12,0,0,2,2,12.866109,72.000000,,,,,,,,,,,,,,,,,,,,,,,,
1732461266688,00003,12,0,0,2,3,16.637932,80.000000,,,,,,,,,,,,,,,,,,,,,,,,
1732461266688,00004,12,0,0,2,4,10.936008,68.000000,,,,,,,,,,,,,,,,,,,,,,,,
1732461266688,00005,12,0,0,2,5,28.827883,104.000000,,,,,,,,,,,,,,,,,,,,,,,,
1732461266688,00006,12,0,0,2,6,14.313279,75.000000,,,,,,,,,,,,,,,,,,,,,,,,
1732461266688,00007,12,0,0,2,7,25.629806,98.000000,,,,,,,,,,,,,,,,,,,,,,,,
1732461266688,00008,12,0,0,2,8,10.570331,68.000000,,,,,,,,,,,,,,,,,,,,,,,,
1732461266688,00009,12,0,0,2,9,14.942037,76.000000,,,,,,,,,,,,,,,,,,,,,,,,
1732461266688,00010,12,0,0,2,10,15.960142,79.000000,,,,,,,,,,,,,,,,,,,,,,,,
1732461266688,00011,12,0,0,2,11,13.617751,74.000000,,,,,,,,,,,,,,,,,,,,,,,,
1732461266688,00012,12,0,0,2,12,20.502996,88.000000,,,,,,,,,,,,,,,,,,,,,,,,
1732461266788,00001,12,0,0,2,1,18.194625,83.000000,,,,,,,,,,,,,,,,,,,,,,,,
1732461266788,00002,12,0,0,2,2,12.137647,71.000000,,,,,,,,,,,,,,,,,,,,,,,,
1732461266788,00003,12,0,0,2,3,16.713982,80.000000,,,,,,,,,,,,,,,,,,,,,,,,
1732461266788,00004,12,0,0,2,4,8.232499,63.000000,,,,,,,,,,,,,,,,,,,,,,,,
1732461266788,00005,12,0,0,2,5,28.139120,103.000000,,,,,,,,,,,,,,,,,,,,,,,,
1732461266788,00006,12,0,0,2,6,16.098205,79.000000,,,,,,,,,,,,,,,,,,,,,,,,
1732461266788,00007,12,0,0,2,7,29.228927,105.000000,,,,,,,,,,,,,,,,,,,,,,,,
1732461266788,00008,12,0,0,2,8,9.336650,65.000000,,,,,,,,,,,,,,,,,,,,,,,,
1732461266788,00009,12,0,0,2,9,15.314831,77.000000,,,,,,,,,,,,,,,,,,,,,,,,
1732461266788,00010,12,0,0,2,10,18.797745,84.000000,,,,,,,,,,,,,,,,,,,,,,,,
1732461266788,00011,12,0,0,2,11,13.904678,74.000000,,,,,,,,,,,,,,,,,,,,,,,,
1732461266788,00012,12,0,0,2,12,19.307064,85.000000,,,,,,,,,,,,,,,,,,,,,,,,
1732461266888,00001,12,0,0,2,1,21.101741,89.000000,,,,,,,,,,,,,,,,,,,,,,,,
1732461266888,00002,12,0,0,2,2,12.791255,72.000000,,,,,,,,,,,,,,,,,,,,,,,,
1732461266888,00003,12,0,0,2,3,16.351560,79.000000,,,,,,,,,,,,,,,,,,,,,,,,
1732461266888,00004,12,0,0,2,4,9.121541,65.000000,,,,,,,,,,,,,,,,,,,,,,,,
1732461266888,00005,12,0,0,2,5,27.858893,103.000000,,,,,,,,,,,,,,,,,,,,,,,,
1732461266888,00006,12,0,0,2,6,13.949580,74.000000,,,,,,,,,,,,,,,,,,,,,,,,
1732461266888,00007,12,0,0,2,7,29.750111,106.000000,,,,,,,,,,,,,,,,,,,,,,,,
1732461266888,00008,12,0,0,2,8,8.316554,63.000000,,,,,,,,,,,,,,,,,,,,,,,,
1732461266888,00009,12,0,0,2,9,13.966149,75.000000,,,,,,,,,,,,,,,,,,,,,,,,
1732461266888,00010,12,0,0,2,10,20.509052,88.000000,,,,,,,,,,,,,,,,,,,,,,,,
1732461266888,00011,12,0,0,2,11,12.285619,71.000000,,,,,,,,,,,,,,,,,,,,,,,,
1732461266888,00012,12,0,0,2,12,21.425690,90.000000,,,,,,,,,,,,,,,,,,,,,,,,
1732461266988,00001,12,0,0,2,1,20.356218,87.000000,,,,,,,,,,,,,,,,,,,,,,,,
1732461266988,00002,12,0,0,2,2,13.264768,73.000000,,,,,,,,,,,,,,,,,,,,,,,,
1732461266988,00003,12,0,0,2,3,14.703244,76.000000,,,,,,,,,,,,,,,,,,,,,,,,
1732461266988,00004,12,0,0,2,4,9.137107,65.000000,,,,,,,,,,,,,,,,,,,,,,,,
1732461266988,00005,12,0,0,2,5,27.462083,102.000000,,,,,,,,,,,,,,,,,,,,,,,,
1732461266988,00006,12,0,0,2,6,14.393886,75.000000,,,,,,,,,,,,,,,,,,,,,,,,
1732461266988,00007,12,0,0,2,7,27.610168,102.000000,,,,,,,,,,,,,,,,,,,,,,,,
1732461266988,00008,12,0,0,2,8,7.755301,62.000000,,,,,,,,,,,,,,,,,,,,,,,,
1732461266988,00009,12,0,0,2,9,14.673518,76.000000,,,,,,,,,,,,,,,,,,,,,,,,
1732461266988,00010,12,0,0,2,10,18.320314,83.000000,,,,,,,,,,,,,,,,,,,,,,,,
1732461266988,00011,12,0,0,2,11,13.116549,73.000000,,,,,,,,,,,,,,,,,,,,,,,,
1732461266988,00012,12,0,0,2,12,22.813160,92.000000,,,,,,,,,,,,,,,,,,,,,,,,
1732461267088,00001,12,0,0,2,1,18.735071,84.000000,,,,,,,,,,,,,,,,,,,,,,,,
1732461267088,00002,12,0,0,2,2,12.697081,72.000000,,,,,,,,,,,,,,,,,,,,,,,,
1732461267088,00003,12,0,0,2,3,17.447070,82.000000,,,,,,,,,,,,,,,,,,,,,,,,
1732461267088,00004,12,0,0,2,4,9.007051,65.000000,,,,,,,,,,,,,,,,,,,,,,,,
1732461267088,00005,12,0,0,2,5,26.997312,101.000000,,,,,,,,,,,,,,,,,,,,,,,,
1732461267088,00006,12,0,0,2,6,14.892881,76.000000,,,,,,,,,,,,,,,,,,,,,,,,
1732461267088,00007,12,0,0,2,7,26.165046,99.000000,,,,,,,,,,,,,,,,,,,,,,,,
1732461267088,00008,12,0,0,2,8,9.379006,65.000000,,,,,,,,,,,,,,,,,,,,,,,,
1732461267088,00009,12,0,0,2,9,14.830321,76.000000,,,,,,,,,,,,,,,,,,,,,,,,
1732461267088,00010,12,0,0,2,10,17.585004,82.000000,,,,,,,,,,,,,,,,,,,,,,,,
1732461267088,00011,12,0,0,2,11,13.768181,74.000000,,,,,,,,,,,,,,,,,,,,,,,,
1732461267088,00012,12,0,0,2,12,20.632493,88.000000,,,,,,,,,,,,,,,,,,,,,,,,
1732461267188,00001,12,0,0,2,1,20.695500,88.000000,,,,,,,,,,,,,,,,,,,,,,,,
1732461267188,00002,12,0,0,2,2,13.228750,73.000000,,,,,,,,,,,,,,,,,,,,,,,,
1732461267188,00003,12,0,0,2,3,19.141206,85.000000,,,,,,,,,,,,,,,,,,,,,,,,
1732461267188,00004,12,0,0,2,4,8.809250,64.000000,,,,,,,,,,,,,,,,,,,,,,,,
1732461267188,00005,12,0,0,2,5,27.209832,101.000000,,,,,,,,,,,,,,,,,,,,,,,,
1732461267188,00006,12,0,0,2,6,13.113724,73.000000,,,,,,,,,,,,,,,,,,,,,,,,
1732461267188,00007,12,0,0,2,7,27.197020,101.000000,,,,,,,,,,,,,,,,,,,,,,,,
1732461267188,00008,12,0,0,2,8,6.774017,60.000000,,,,,,,,,,,,,,,,,,,,,,,,
1732461267188,00009,12,0,0,2,9,14.149512,75.000000,,,,,,,,,,,,,,,,,,,,,,,,
1732461267188,00010,12,0,0,2,10,17.332085,81.000000,,,,,,,,,,,,,,,,,,,,,,,,
1732461267188,00011,12,0,0,2,11,13.913023,74.000000,,,,,,,,,,,,,,,,,,,,,,,,
1732461267188,00012,12,0,0,2,12,21.715787,90.000000,,,,,,,,,,,,,,,,,,,,,,,,
1732461267288,00001,12,0,0,2,1,15.310071,77.000000,,,,,,,,,,,,,,,,,,,,,,,,
1732461267288,00002,12,0,0,2,2,13.805698,74.000000,,,,,,,,,,,,,,,,,,,,,,,,
1732461267288,00003,12,0,0,2,3,17.220191,81.000000,,,,,,,,,,,,,,,,,,,,,,,,
1732461267288,00004,12,0,0,2,4,10.480087,67.000000,,,,,,,,,,,,,,,,,,,,,,,,
1732461267288,00005,12,0,0,2,5,26.689408,100.000000,,,,,,,,,,,,,,,,,,,,,,,,
1732461267288,00006,12,0,0,2,6,14.538193,76.000000,,,,,,,,,,,,,,,,,,,,,,,,
1732461267288,00007,12,0,0,2,7,29.114147,105.000000,,,,,,,,,,,,,,,,,,,,,,,,
1732461267288,00008,12,0,0,2,8,10.287913,67.000000,,,,,,,,,,,,,,,,,,,,,,,,
1732461267288,00009,12,0,0,2,9,14.514438,76.000000,,,,,,,,,,,,,,,,,,,,,,,,
1732461267288,00010,12,0,0,2,10,19.741625,86.000000,,,,,,,,,,,,,,,,,,,,,,,,
1732461267288,00011,12,0,0,2,11,13.042650,73.000000,,,,,,,,,,,,,,,,,,,,,,,,
1732461267288,00012,12,0,0,2,12,19.311098,85.000000,,,,,,,,,,,,,,,,,,,,,,,,
1732461267388,00001,12,0,0,2,1,20.328669,87.000000,,,,,,,,,,,,,,,,,,,,,,,,
1732461267388,00002,12,0,0,2,2,11.806335,70.000000,,,,,,,,,,,,,,,,,,,,,,,,
1732461267388,00003,12,0,0,2,3,18.167001,83.000000,,,,,,,,,,,,,,,,,,,,,,,,
1732461267388,00004,12,0,0,2,4,9.608013,66.000000,,,,,,,,,,,,,,,,,,,,,,,,
1732461267388,00005,12,0,0,2,5,29.021674,105.000000,,,,,,,,,,,,,,,,,,,,,,,,
1732461267388,00006,12,0,0,2,6,13.897237,74.000000,,,,,,,,,,,,,,,,,,,,,,,,
1732461267388,00007,12,0,0,2,7,27.768890,102.000000,,,,,,,,,,,,,,,,,,,,,,,,
1732461267388,00008,12,0,0,2,8,8.720527,64.000000,,,,,,,,,,,,,,,,,,,,,,,,
1732461267388,00009,12,0,0,2,9,14.325512,75.000000,,,,,,,,,,,,,,,,,,,,,,,,
1732461267388,00010,12,0,0,2,10,18.147371,83.000000,,,,,,,,,,,,,,,,,,,,,,,,
1732461267388,00011,12,0,0,2,11,13.041923,73.000000,,,,,,,,,,,,,,,,,,,,,,,,
1732461267388,00012,12,0,0,2,12,20.970585,89.000000,,,,,,,,,,,,,,,,,,,,,,,,
1732461267488,00001,12,0,0,2,1,18.314061,83.000000,,,,,,,,,,,,,,,,,,,,,,,,
1732461267488,00002,12,0,0,2,2,11.557563,70.000000,,,,,,,,,,,,,,,,,,,,,,,,
1732461267488,00003,12,0,0,2,3,16.303147,79.000000,,,,,,,,,,,,,,,,,,,,,,,,
1732461267488,00004,12,0,0,2,4,10.235372,67.000000,,,,,,,,,,,,,,,,,,,,,,,,
1732461267488,00005,12,0,0,2,5,27.855577,103.000000,,,,,,,,,,,,,,,,,,,,,,,,
1732461267488,00006,12,0,0,2,6,13.398273,73.000000,,,,,,,,,,,,,,,,,,,,,,,,
1732461267488,00007,12,0,0,2,7,28.051693,103.000000,,,,,,,,,,,,,,,,,,,,,,,,
1732461267488,00008,12,0,0,2,8,9.641662,66.000000,,,,,,,,,,,,,,,,,,,,,,,,
1732461267488,00009,12,0,0,2,9,13.985347,75.000000,,,,,,,,,,,,,,,,,,,,,,,,
1732461267488,00010,12,0,0,2,10,18.523147,84.000000,,,,,,,,,,,,,,,,,,,,,,,,
1732461267488,00011,12,0,0,2,11,13.846639,74.000000,,,,,,,,,,,,,,,,,,,,,,,,
1732461267488,00012,12,0,0,2,12,17.884949,82.000000,,,,,,,,,,,,,,,,,,,,,,,,
1732461267588,00001,12,0,0,2,1,19.658180,86.000000,,,,,,,,,,,,,,,,,,,,,,,,
1732461267588,00002,12,0,0,2,2,10.208650,67.000000,,,,,,,,,,,,,,,,,,,,,,,,
1732461267588,00003,12,0,0,2,3,16.389388,79.000000,,,,,,,,,,,,,,,,,,,,,,,,
1732461267588,00004,12,0,0,2,4,11.634237,70.000000,,,,,,,,,,,,,,,,,,,,,,,,
1732461267588,00005,12,0,0,2,5,28.267142,103.000000,,,,,,,,,,,,,,,,,,,,,,,,
1732461267588,00006,12,0,0,2,6,14.625248,76.000000,,,,,,,,,,,,,,,,,,,,,,,,
1732461267588,00007,12,0,0,2,7,29.921728,107.000000,,,,,,,,,,,,,,,,,,,,,,,,
1732461267588,00008,12,0,0,2,8,8.853376,64.000000,,,,,,,,,,,,,,,,,,,,,,,,
1732461267588,00009,12,0,0,2,9,14.023677,75.000000,,,,,,,,,,,,,,,,,,,,,,,,
1732461267588,00010,12,0,0,2,10,18.979600,85.000000,,,,,,,,,,,,,,,,,,,,,,,,
1732461267588,00011,12,0,0,2,11,12.841293,72.000000,,,,,,,,,,,,,,,,,,,,,,,,
1732461267588,00012,12,0,0,2,12,21.282624,89.000000,,,,,,,,,,,,,,,,,,,,,,,,
1732461267688,00001,12,0,0,2,1,19.680360,86.000000,,,,,,,,,,,,,,,,,,,,,,,,
1732461267688,00002,12,0,0,2,2,13.707423,74.000000,,,,,,,,,,,,,,,,,,,,,,,,
1732461267688,00003,12,0,0,2,3,15.619754,78.000000,,,,,,,,,,,,,,,,,,,,,,,,
1732461267688,00004,12,0,0,2,4,10.192676,67.000000,,,,,,,,,,,,,,,,,,,,,,,,
1732461267688,00005,12,0,0,2,5,29.634543,106.000000,,,,,,,,,,,,,,,,,,,,,,,,
1732461267688,00006,12,0,0,2,6,14.599693,76.000000,,,,,,,,,,,,,,,,,,,,,,,,
1732461267688,00007,12,0,0,2,7,28.973348,105.000000,,,,,,,,,,,,,,,,,,,,,,,,
1732461267688,00008,12,0,0,2,8,8.725965,64.000000,,,,,,,,,,,,,,,,,,,,,,,,
1732461267688,00009,12,0,0,2,9,14.641135,76.000000,,,,,,,,,,,,,,,,,,,,,,,,
1732461267688,00010,12,0,0,2,10,17.395871,81.000000,,,,,,,,,,,,,,,,,,,,,,,,
1732461267688,00011,12,0,0,2,11,13.340280,73.000000,,,,,,,,,,,,,,,,,,,,,,,,
1732461267688,00012,12,0,0,2,12,21.379988,89.000000,,,,,,,,,,,,,,,,,,,,,,,,
1732461267788,00001,12,0,0,2,1,20.693339,88.000000,,,,,,,,,,,,,,,,,,,,,,,,
1732461267788,00002,12,0,0,2,2,11.834692,70.000000,,,,,,,,,,,,,,,,,,,,,,,,
1732461267788,00003,12,0,0,2,3,18.314562,83.000000,,,,,,,,,,,,,,,,,,,,,,,,
1732461267788,00004,12,0,0,2,4,8.713692,64.000000,,,,,,,,,,,,,,,,,,,,,,,,
1732461267788,00005,12,0,0,2,5,27.170683,101.000000,,,,,,,,,,,,,,,,,,,,,,,,
1732461267788,00006,12,0,0,2,6,15.384463,77.000000,,,,,,,,,,,,,,,,,,,,,,,,
1732461267788,00007,12,0,0,2,7,28.625254,104.000000,,,,,,,,,,,,,,,,,,,,,,,,
1732461267788,00008,12,0,0,2,8,9.988663,67.000000,,,,,,,,,,,,,,,,,,,,,,,,
1732461267788,00009,12,0,0,2,9,14.755393,76.000000,,,,,,,,,,,,,,,,,,,,,,,,
1732461267788,00010,12,0,0,2,10,17.811671,82.000000,,,,,,,,,,,,,,,,,,,,,,,,
1732461267788,00011,12,0,0,2,11,12.607547,72.000000,,,,,,,,,,,,,,,,,,,,,,,,
1732461267788,00012,12,0,0,2,12,21.190970,89.000000,,,,,,,,,,,,,,,,,,,,,,,,
1732461267888,00001,12,0,0,2,1,19.049023,85.000000,,,,,,,,,,,,,,,,,,,,,,,,
1732461267888,00002,12,0,0,2,2,13.545200,74.000000,,,,,,,,,,,,,,,,,,,,,,,,
1732461267888,00003,12,0,0,2,3,18.988729,85.000000,,,,,,,,,,,,,,,,,,,,,,,,
1732461267888,00004,12,0,0,2,4,9.027165,65.000000,,,,,,,,,,,,,,,,,,,,,,,,
1732461267888,00005,12,0,0,2,5,28.636637,104.000000,,,,,,,,,,,,,,,,,,,,,,,,
1732461267888,00006,12,0,0,2,6,15.203760,77.000000,,,,,,,,,,,,,,,,,,,,,,,,
1732461267888,00007,12,0,0,2,7,26.974657,101.000000,,,,,,,,,,,,,,,,,,,,,,,,
1732461267888,00008,12,0,0,2,8,8.685932,64.000000,,,,,,,,,,,,,,,,,,,,,,,,
1732461267888,00009,12,0,0,2,9,14.522345,76.000000,,,,,,,,,,,,,,,,,,,,,,,,
1732461267888,00010,12,0,0,2,10,18.521926,84.000000,,,,,,,,,,,,,,,,,,,,,,,,
1732461267888,00011,12,0,0,2,11,12.079868,71.000000,,,,,,,,,,,,,,,,,,,,,,,,
1732461267888,00012,12,0,0,2,12,20.835784,88.000000,,,,,,,,,,,,,,,,,,,,,,,,
1732461267988,00001,12,0,0,2,1,22.407478,92.000000,,,,,,,,,,,,,,,,,,,,,,,,
1732461267988,00002,12,0,0,2,2,12.256506,71.000000,,,,,,,,,,,,,,,,,,,,,,,,
1732461267988,00003,12,0,0,2,3,16.739650,80.000000,,,,,,,,,,,,,,,,,,,,,,,,
1732461267988,00004,12,0,0,2,4,10.614558,68.000000,,,,,,,,,,,,,,,,,,,,,,,,
1732461267988,00005,12,0,0,2,5,25.939589,99.000000,,,,,,,,,,,,,,,,,,,,,,,,
1732461267988,00006,12,0,0,2,6,15.132319,77.000000,,,,,,,,,,,,,,,,,,,,,,,,
1732461267988,00007,12,0,0,2,7,31.562843,110.000000,,,,,,,,,,,,,,,,,,,,,,,,
1732461267988,00008,12,0,0,2,8,9.600108,66.000000,,,,,,,,,,,,,,,,,,,,,,,,
1732461267988,00009,12,0,0,2,9,11.757395,70.000000,,,,,,,,,,,,,,,,,,,,,,,,
1732461267988,00010,12,0,0,2,10,17.878963,82.000000,,,,,,,,,,,,,,,,,,,,,,,,
1732461267988,00011,12,0,0,2,11,13.159580,73.000000,,,,,,,,,,,,,,,,,,,,,,,,
1732461267988,00012,12,0,0,2,12,21.634196,90.000000,,,,,,,,,,,,,,,,,,,,,,,,
1732461268088,00001,12,0,0,2,1,19.521537,86.000000,,,,,,,,,,,,,,,,,,,,,,,,
1732461268088,00002,12,0,0,2,2,12.990242,73.000000,,,,,,,,,,,,,,,,,,,,,,,,
1732461268088,00003,12,0,0,2,3,17.050712,81.000000,,,,,,,,,,,,,,,,,,,,,,,,
1732461268088,00004,12,0,0,2,4,9.974683,66.000000,,,,,,,,,,,,,,,,,,,,,,,,
1732461268088,00005,12,0,0,2,5,27.657628,102.000000,,,,,,,,,,,,,,,,,,,,,,,,
1732461268088,00006,12,0,0,2,6,14.790934,76.000000,,,,,,,,,,,,,,,,,,,,,,,,
1732461268088,00007,12,0,0,2,7,29.123958,105.000000,,,,,,,,,,,,,,,,,,,,,,,,
1732461268088,00008,12,0,0,2,8,9.156585,65.000000,,,,,,,,,,,,,,,,,,,,,,,,
1732461268088,00009,12,0,0,2,9,14.452221,75.000000,,,,,,,,,,,,,,,,,,,,,,,,
1732461268088,00010,12,0,0,2,10,18.389838,83.000000,,,,,,,,,,,,,,,,,,,,,,,,
1732461268088,00011,12,0,0,2,11,12.968531,73.000000,,,,,,,,,,,,,,,,,,,,,,,,
1732461268088,00012,12,0,0,2,12,18.649937,84.000000,,,,,,,,,,,,,,,,,,,,,,,,
1732461268188,00001,12,0,0,2,1,19.143096,85.000000,,,,,,,,,,,,,,,,,,,,,,,,
1732461268188,00002,12,0,0,2,2,12.488490,72.000000,,,,,,,,,,,,,,,,,,,,,,,,
1732461268188,00003,12,0,0,2,3,16.698037,80.000000,,,,,,,,,,,,,,,,,,,,,,,,
1732461268188,00004,12,0,0,2,4,9.508512,66.000000,,,,,,,,,,,,,,,,,,,,,,,,
1732461268188,00005,12,0,0,2,5,27.681579,102.000000,,,,,,,,,,,,,,,,,,,,,,,,
1732461268188,00006,12,0,0,2,6,15.852731,78.000000,,,,,,,,,,,,,,,,,,,,,,,,
1732461268188,00007,12,0,0,2,7,28.567452,104.000000,,,,,,,,,,,,,,,,,,,,,,,,
1732461268188,00008,12,0,0,2,8,8.472755,63.000000,,,,,,,,,,,,,,,,,,,,,,,,
1732461268188,00009,12,0,0,2,9,14.494236,76.000000,,,,,,,,,,,,,,,,,,,,,,,,
1732461268188,00010,12,0,0,2,10,17.532276,82.000000,,,,,,,,,,,,,,,,,,,,,,,,
1732461268188,00011,12,0,0,2,11,13.092272,73.000000,,,,,,,,,,,,,,,,,,,,,,,,
1732461268188,00012,12,0,0,2,12,20.505068,88.000000,,,,,,,,,,,,,,,,,,,,,,,,
1732461268288,00001,12,0,0,2,1,19.915228,87.000000,,,,,,,,,,,,,,,,,,,,,,,,
1732461268288,00002,12,0,0,2,2,12.344284,71.000000,,,,,,,,,,,,,,,,,,,,,,,,
1732461268288,00003,12,0,0,2,3,15.517005,78.000000,,,,,,,,,,,,,,,,,,,,,,,,
1732461268288,00004,12,0,0,2,4,9.803961,66.000000,,,,,,,,,,,,,,,,,,,,,,,,
1732461268288,00005,12,0,0,2,5,27.572279,102.000000,,,,,,,,,,,,,,,,,,,,,,,,
1732461268288,00006,12,0,0,2,6,9.281715,65.000000,,,,,,,,,,,,,,,,,,,,,,,,
1732461268288,00007,12,0,0,2,7,30.303455,107.000000,,,,,,,,,,,,,,,,,,,,,,,,
1732461268288,00008,12,0,0,2,8,7.174102,61.000000,,,,,,,,,,,,,,,,,,,,,,,,
1732461268288,00009,12,0,0,2,9,14.746840,76.000000,,,,,,,,,,,,,,,,,,,,,,,,
1732461268288,00010,12,0,0,2,10,18.681191,84.000000,,,,,,,,,,,,,,,,,,,,,,,,
1732461268288,00011,12,0,0,2,11,13.251386,73.000000,,,,,,,,,,,,,,,,,,,,,,,,
1732461268288,00012,12,0,0,2,12,19.922416,87.000000,,,,,,,,,,,,,,,,,,,,,,,,
1732461268388,00001,12,0,0,2,1,20.078094,87.000000,,,,,,,,,,,,,,,,,,,,,,,,
1732461268388,00002,12,0,0,2,2,12.413262,71.000000,,,,,,,,,,,,,,,,,,,,,,,,
1732461268388,00003,12,0,0,2,3,17.229878,81.000000,,,,,,,,,,,,,,,,,,,,,,,,
1732461268388,00004,12,0,0,2,4,7.939003,62.000000,,,,,,,,,,,,,,,,,,,,,,,,
1732461268388,00005,12,0,0,2,5,27.891573,103.000000,,,,,,,,,,,,,,,,,,,,,,,,
1732461268388,00006,12,0,0,2,6,14.132737,75.000000,,,,,,,,,,,,,,,,,,,,,,,,
1732461268388,00007,12,0,0,2,7,28.013067,103.000000,,,,,,,,,,,,,,,,,,,,,,,,
1732461268388,00008,12,0,0,2,8,8.691484,64.000000,,,,,,,,,,,,,,,,,,,,,,,,
1732461268388,00009,12,0,0,2,9,13.481487,74.000000,,,,,,,,,,,,,,,,,,,,,,,,
1732461268388,00010,12,0,0,2,10,18.516374,84.000000,,,,,,,,,,,,,,,,,,,,,,,,
1732461268388,00011,12,0,0,2,11,13.633673,74.000000,,,,,,,,,,,,,,,,,,,,,,,,
1732461268388,00012,12,0,0,2,12,19.327320,85.000000,,,,,,,,,,,,,,,,,,,,,,,,
