timestamp,ueImsiComplete,numActiveUes,DRB.EstabSucc.5QI.UEID (numDrb),DRB.RelActNbr.5QI.UEID (0),L3 serving Id(m_cellId),UE (imsi),L3 serving SINR,L3 serving SINR 3gpp,L3 neigh Id 1 (cellId),L3 neigh SINR 1,L3 neigh SINR 3gpp 1 (convertedSinr),L3 neigh Id 2 (cellId),L3 neigh SINR 2,L3 neigh SINR 3gpp 2 (convertedSinr),L3 neigh Id 3 (cellId),L3 neigh SINR 3,L3 neigh SINR 3gpp 3 (convertedSinr),L3 neigh Id 4 (cellId),L3 neigh SINR 4,L3 neigh SINR 3gpp 4 (convertedSinr),L3 neigh Id 5 (cellId),L3 neigh SINR 5,L3 neigh SINR 3gpp 5 (convertedSinr),L3 neigh Id 6 (cellId),L3 neigh SINR 6,L3 neigh SINR 3gpp 6 (convertedSinr),L3 neigh Id 7 (cellId),L3 neigh SINR 7,L3 neigh SINR 3gpp 7 (convertedSinr),L3 neigh Id 8 (cellId),L3 neigh SINR 8,L3 neigh SINR 3gpp 8 (convertedSinr)
1732469571019,00001,12,0,0,2,1,27.095922,101.000000,,,,,,,,,,,,,,,,,,,,,,,,
1732469571019,00002,12,0,0,2,2,14.455778,76.000000,,,,,,,,,,,,,,,,,,,,,,,,
1732469571019,00003,12,0,0,2,3,11.680928,70.000000,,,,,,,,,,,,,,,,,,,,,,,,
1732469571019,00004,12,0,0,2,4,5.126089,57.000000,,,,,,,,,,,,,,,,,,,,,,,,
1732469571019,00005,12,0,0,2,5,17.620662,82.000000,,,,,,,,,,,,,,,,,,,,,,,,
1732469571019,00006,12,0,0,2,6,27.388209,102.000000,,,,,,,,,,,,,,,,,,,,,,,,
1732469571019,00007,12,0,0,2,7,8.723743,64.000000,,,,,,,,,,,,,,,,,,,,,,,,
1732469571019,00008,12,0,0,2,8,19.223049,85.000000,,,,,,,,,,,,,,,,,,,,,,,,
1732469571019,00009,12,0,0,2,9,25.959735,99.000000,,,,,,,,,,,,,,,,,,,,,,,,
1732469571019,00010,12,0,0,2,10,11.571933,70.000000,,,,,,,,,,,,,,,,,,,,,,,,
1732469571019,00011,12,0,0,2,11,11.417201,69.000000,,,,,,,,,,,,,,,,,,,,,,,,
1732469571019,00012,12,0,0,2,12,36.784121,121.000000,,,,,,,,,,,,,,,,,,,,,,,,
1732469571119,00001,12,0,0,2,1,30.309702,107.000000,,,,,,,,,,,,,,,,,,,,,,,,
1732469571119,00002,12,0,0,2,2,12.651197,72.000000,,,,,,,,,,,,,,,,,,,,,,,,
1732469571119,00003,12,0,0,2,3,12.228473,71.000000,,,,,,,,,,,,,,,,,,,,,,,,
1732469571119,00004,12,0,0,2,4,5.343966,57.000000,,,,,,,,,,,,,,,,,,,,,,,,
1732469571119,00005,12,0,0,2,5,16.452298,80.000000,,,,,,,,,,,,,,,,,,,,,,,,
1732469571119,00006,12,0,0,2,6,23.495891,94.000000,,,,,,,,,,,,,,,,,,,,,,,,
1732469571119,00007,12,0,0,2,7,8.553346,64.000000,,,,,,,,,,,,,,,,,,,,,,,,
1732469571119,00008,12,0,0,2,8,15.917850,78.000000,,,,,,,,,,,,,,,,,,,,,,,,
1732469571119,00009,12,0,0,2,9,28.863142,105.000000,,,,,,,,,,,,,,,,,,,,,,,,
1732469571119,00010,12,0,0,2,10,12.096962,71.000000,,,,,,,,,,,,,,,,,,,,,,,,
1732469571119,00011,12,0,0,2,11,13.973596,75.000000,,,,,,,,,,,,,,,,,,,,,,,,
1732469571119,00012,12,0,0,2,12,37.207718,121.000000,,,,,,,,,,,,,,,,,,,,,,,,
1732469571219,00001,12,0,0,2,1,27.622395,102.000000,,,,,,,,,,,,,,,,,,,,,,,,
1732469571219,00002,12,0,0,2,2,12.347160,71.000000,,,,,,,,,,,,,,,,,,,,,,,,
1732469571219,00003,12,0,0,2,3,9.760301,66.000000,,,,,,,,,,,,,,,,,,,,,,,,
1732469571219,00004,12,0,0,2,4,4.507358,55.000000,,,,,,,,,,,,,,,,,,,,,,,,
1732469571219,00005,12,0,0,2,5,17.967630,83.000000,,,,,,,,,,,,,,,,,,,,,,,,
1732469571219,00006,12,0,0,2,6,25.130670,97.000000,,,,,,,,,,,,,,,,,,,,,,,,
1732469571219,00007,12,0,0,2,7,8.261490,63.000000,,,,,,,,,,,,,,,,,,,,,,,,
1732469571219,00008,12,0,0,2,8,19.914934,87.000000,,,,,,,,,,,,,,,,,,,,,,,,
1732469571219,00009,12,0,0,2,9,27.962005,103.000000,,,,,,,,,,,,,,,,,,,,,,,,
1732469571219,00010,12,0,0,2,10,12.354101,71.000000,,,,,,,,,,,,,,,,,,,,,,,,
1732469571219,00011,12,0,0,2,11,11.491316,70.000000,,,,,,,,,,,,,,,,,,,,,,,,
1732469571219,00012,12,0,0,2,12,35.431783,118.000000,,,,,,,,,,,,,,,,,,,,,,,,
1732469571319,00001,12,0,0,2,1,28.656172,104.000000,,,,,,,,,,,,,,,,,,,,,,,,
1732469571319,00002,12,0,0,2,2,13.476486,74.000000,,,,,,,,,,,,,,,,,,,,,,,,
1732469571319,00003,12,0,0,2,3,10.124904,67.000000,,,,,,,,,,,,,,,,,,,,,,,,
1732469571319,00004,12,0,0,2,4,3.540713,54.000000,,,,,,,,,,,,,,,,,,,,,,,,
1732469571319,00005,12,0,0,2,5,19.281511,85.000000,,,,,,,,,,,,,,,,,,,,,,,,
1732469571319,00006,12,0,0,2,6,26.398067,100.000000,,,,,,,,,,,,,,,,,,,,,,,,
1732469571319,00007,12,0,0,2,7,8.045774,63.000000,,,,,,,,,,,,,,,,,,,,,,,,
1732469571319,00008,12,0,0,2,8,19.595712,86.000000,,,,,,,,,,,,,,,,,,,,,,,,
1732469571319,00009,12,0,0,2,9,27.568440,102.000000,,,,,,,,,,,,,,,,,,,,,,,,
1732469571319,00010,12,0,0,2,10,10.198183,67.000000,,,,,,,,,,,,,,,,,,,,,,,,
1732469571319,00011,12,0,0,2,11,12.177157,71.000000,,,,,,,,,,,,,,,,,,,,,,,,
1732469571319,00012,12,0,0,2,12,36.773952,120.000000,,,,,,,,,,,,,,,,,,,,,,,,
1732469571419,00001,12,0,0,2,1,28.397962,104.000000,,,,,,,,,,,,,,,,,,,,,,,,
1732469571419,00002,12,0,0,2,2,13.494966,74.000000,,,,,,,,,,,,,,,,,,,,,,,,
1732469571419,00003,12,0,0,2,3,11.308136,69.000000,,,,,,,,,,,,,,,,,,,,,,,,
1732469571419,00004,12,0,0,2,4,4.233524,55.000000,,,,,,,,,,,,,,,,,,,,,,,,
1732469571419,00005,12,0,0,2,5,18.634036,84.000000,,,,,,,,,,,,,,,,,,,,,,,,
1732469571419,00006,12,0,0,2,6,23.850176,94.000000,,,,,,,,,,,,,,,,,,,,,,,,
1732469571419,00007,12,0,0,2,7,9.014778,65.000000,,,,,,,,,,,,,,,,,,,,,,,,
1732469571419,00008,12,0,0,2,8,21.667918,90.000000,,,,,,,,,,,,,,,,,,,,,,,,
1732469571419,00009,12,0,0,2,9,29.621873,106.000000,,,,,,,,,,,,,,,,,,,,,,,,
1732469571419,00010,12,0,0,2,10,10.820919,68.000000,,,,,,,,,,,,,,,,,,,,,,,,
1732469571419,00011,12,0,0,2,11,13.152501,73.000000,,,,,,,,,,,,,,,,,,,,,,,,
1732469571419,00012,12,0,0,2,12,38.203905,123.000000,,,,,,,,,,,,,,,,,,,,,,,,
1732469571519,00001,12,0,0,2,1,29.402500,106.000000,,,,,,,,,,,,,,,,,,,,,,,,
1732469571519,00002,12,0,0,2,2,13.574599,74.000000,,,,,,,,,,,,,,,,,,,,,,,,
1732469571519,00003,12,0,0,2,3,10.630619,68.000000,,,,,,,,,,,,,,,,,,,,,,,,
1732469571519,00004,12,0,0,2,4,2.032006,50.000000,,,,,,,,,,,,,,,,,,,,,,,,
1732469571519,00005,12,0,0,2,5,14.592179,76.000000,,,,,,,,,,,,,,,,,,,,,,,,
1732469571519,00006,12,0,0,2,6,23.844821,94.000000,,,,,,,,,,,,,,,,,,,,,,,,
1732469571519,00007,12,0,0,2,7,8.696580,64.000000,,,,,,,,,,,,,,,,,,,,,,,,
1732469571519,00008,12,0,0,2,8,19.332696,85.000000,,,,,,,,,,,,,,,,,,,,,,,,
1732469571519,00009,12,0,0,2,9,29.029122,105.000000,,,,,,,,,,,,,,,,,,,,,,,,
1732469571519,00010,12,0,0,2,10,9.800073,66.000000,,,,,,,,,,,,,,,,,,,,,,,,
1732469571519,00011,12,0,0,2,11,10.895371,68.000000,,,,,,,,,,,,,,,,,,,,,,,,
1732469571519,00012,12,0,0,2,12,37.343311,122.000000,,,,,,,,,,,,,,,,,,,,,,,,
1732469571619,00001,12,0,0,2,1,28.254937,103.000000,,,,,,,,,,,,,,,,,,,,,,,,
1732469571619,00002,12,0,0,2,2,12.777035,72.000000,,,,,,,,,,,,,,,,,,,,,,,,
1732469571619,00003,12,0,0,2,3,12.374874,71.000000,,,,,,,,,,,,,,,,,,,,,,,,
1732469571619,00004,12,0,0,2,4,4.894130,56.000000,,,,,,,,,,,,,,,,,,,,,,,,
1732469571619,00005,12,0,0,2,5,19.081852,85.000000,,,,,,,,,,,,,,,,,,,,,,,,
1732469571619,00006,12,0,0,2,6,29.273173,105.000000,,,,,,,,,,,,,,,,,,,,,,,,
1732469571619,00007,12,0,0,2,7,8.347540,63.000000,,,,,,,,,,,,,,,,,,,,,,,,
1732469571619,00008,12,0,0,2,8,20.086338,87.000000,,,,,,,,,,,,,,,,,,,,,,,,
1732469571619,00009,12,0,0,2,9,28.942201,105.000000,,,,,,,,,,,,,,,,,,,,,,,,
1732469571619,00010,12,0,0,2,10,12.228858,71.000000,,,,,,,,,,,,,,,,,,,,,,,,
1732469571619,00011,12,0,0,2,11,12.161016,71.000000,,,,,,,,,,,,,,,,,,,,,,,,
1732469571619,00012,12,0,0,2,12,35.966528,119.000000,,,,,,,,,,,,,,,,,,,,,,,,
1732469571719,00001,12,0,0,2,1,28.298683,103.000000,,,,,,,,,,,,,,,,,,,,,,,,
1732469571719,00002,12,0,0,2,2,10.946196,68.000000,,,,,,,,,,,,,,,,,,,,,,,,
1732469571719,00003,12,0,0,2,3,11.250440,69.000000,,,,,,,,,,,,,,,,,,,,,,,,
1732469571719,00004,12,0,0,2,4,3.845495,54.000000,,,,,,,,,,,,,,,,,,,,,,,,
1732469571719,00005,12,0,0,2,5,15.788798,78.000000,,,,,,,,,,,,,,,,,,,,,,,,
1732469571719,00006,12,0,0,2,6,25.960676,99.000000,,,,,,,,,,,,,,,,,,,,,,,,
1732469571719,00007,12,0,0,2,7,8.705885,64.000000,,,,,,,,,,,,,,,,,,,,,,,,
1732469571719,00008,12,0,0,2,8,19.853571,86.000000,,,,,,,,,,,,,,,,,,,,,,,,
1732469571719,00009,12,0,0,2,9,28.374233,104.000000,,,,,,,,,,,,,,,,,,,,,,,,
1732469571719,00010,12,0,0,2,10,10.827496,68.000000,,,,,,,,,,,,,,,,,,,,,,,,
1732469571719,00011,12,0,0,2,11,13.079421,73.000000,,,,,,,,,,,,,,,,,,,,,,,,
1732469571719,00012,12,0,0,2,12,35.462964,118.000000,,,,,,,,,,,,,,,,,,,,,,,,
1732469571819,00001,12,0,0,2,1,30.214172,107.000000,,,,,,,,,,,,,,,,,,,,,,,,
1732469571819,00002,12,0,0,2,2,13.434635,73.000000,,,,,,,,,,,,,,,,,,,,,,,,
1732469571819,00003,12,0,0,2,3,12.098639,71.000000,,,,,,,,,,,,,,,,,,,,,,,,
1732469571819,00004,12,0,0,2,4,3.939097,54.000000,,,,,,,,,,,,,,,,,,,,,,,,
1732469571819,00005,12,0,0,2,5,17.899393,82.000000,,,,,,,,,,,,,,,,,,,,,,,,
1732469571819,00006,12,0,0,2,6,28.292982,103.000000,,,,,,,,,,,,,,,,,,,,,,,,
1732469571819,00007,12,0,0,2,7,7.921337,62.000000,,,,,,,,,,,,,,,,,,,,,,,,
1732469571819,00008,12,0,0,2,8,20.693851,88.000000,,,,,,,,,,,,,,,,,,,,,,,,
1732469571819,00009,12,0,0,2,9,28.488889,104.000000,,,,,,,,,,,,,,,,,,,,,,,,
1732469571819,00010,12,0,0,2,10,8.927304,64.000000,,,,,,,,,,,,,,,,,,,,,,,,
1732469571819,00011,12,0,0,2,11,12.735833,72.000000,,,,,,,,,,,,,,,,,,,,,,,,
1732469571819,00012,12,0,0,2,12,36.546242,120.000000,,,,,,,,,,,,,,,,,,,,,,,,
1732469571919,00001,12,0,0,2,1,26.580506,100.000000,,,,,,,,,,,,,,,,,,,,,,,,
1732469571919,00002,12,0,0,2,2,10.300345,67.000000,,,,,,,,,,,,,,,,,,,,,,,,
1732469571919,00003,12,0,0,2,3,12.166074,71.000000,,,,,,,,,,,,,,,,,,,,,,,,
1732469571919,00004,12,0,0,2,4,5.038177,57.000000,,,,,,,,,,,,,,,,,,,,,,,,
1732469571919,00005,12,0,0,2,5,17.089338,81.000000,,,,,,,,,,,,,,,,,,,,,,,,
1732469571919,00006,12,0,0,2,6,24.274058,95.000000,,,,,,,,,,,,,,,,,,,,,,,,
1732469571919,00007,12,0,0,2,7,8.117046,63.000000,,,,,,,,,,,,,,,,,,,,,,,,
1732469571919,00008,12,0,0,2,8,19.539184,86.000000,,,,,,,,,,,,,,,,,,,,,,,,
1732469571919,00009,12,0,0,2,9,29.998591,107.000000,,,,,,,,,,,,,,,,,,,,,,,,
1732469571919,00010,12,0,0,2,10,11.096726,69.000000,,,,,,,,,,,,,,,,,,,,,,,,
1732469571919,00011,12,0,0,2,11,7.322011,61.000000,,,,,,,,,,,,,,,,,,,,,,,,
1732469571919,00012,12,0,0,2,12,35.330881,118.000000,,,,,,,,,,,,,,,,,,,,,,,,
1732469572019,00001,12,0,0,2,1,28.476669,104.000000,,,,,,,,,,,,,,,,,,,,,,,,
1732469572019,00002,12,0,0,2,2,15.013875,77.000000,,,,,,,,,,,,,,,,,,,,,,,,
1732469572019,00003,12,0,0,2,3,12.407528,71.000000,,,,,,,,,,,,,,,,,,,,,,,,
1732469572019,00004,12,0,0,2,4,4.318683,55.000000,,,,,,,,,,,,,,,,,,,,,,,,
1732469572019,00005,12,0,0,2,5,19.114612,85.000000,,,,,,,,,,,,,,,,,,,,,,,,
1732469572019,00006,12,0,0,2,6,26.879355,101.000000,,,,,,,,,,,,,,,,,,,,,,,,
1732469572019,00007,12,0,0,2,7,8.920355,64.000000,,,,,,,,,,,,,,,,,,,,,,,,
1732469572019,00008,12,0,0,2,8,19.920856,87.000000,,,,,,,,,,,,,,,,,,,,,,,,
1732469572019,00009,12,0,0,2,9,29.405550,106.000000,,,,,,,,,,,,,,,,,,,,,,,,
1732469572019,00010,12,0,0,2,10,11.328918,69.000000,,,,,,,,,,,,,,,,,,,,,,,,
1732469572019,00011,12,0,0,2,11,10.740817,68.000000,,,,,,,,,,,,,,,,,,,,,,,,
1732469572019,00012,12,0,0,2,12,37.611371,122.000000,,,,,,,,,,,,,,,,,,,,,,,,
1732469572119,00001,12,0,0,2,1,30.198613,107.000000,,,,,,,,,,,,,,,,,,,,,,,,
1732469572119,00002,12,0,0,2,2,13.949850,74.000000,,,,,,,,,,,,,,,,,,,,,,,,
1732469572119,00003,12,0,0,2,3,12.076105,71.000000,,,,,,,,,,,,,,,,,,,,,,,,
1732469572119,00004,12,0,0,2,4,5.015538,56.000000,,,,,,,,,,,,,,,,,,,,,,,,
1732469572119,00005,12,0,0,2,5,17.860700,82.000000,,,,,,,,,,,,,,,,,,,,,,,,
1732469572119,00006,12,0,0,2,6,24.959260,97.000000,,,,,,,,,,,,,,,,,,,,,,,,
1732469572119,00007,12,0,0,2,7,8.346619,63.000000,,,,,,,,,,,,,,,,,,,,,,,,
1732469572119,00008,12,0,0,2,8,19.377552,85.000000,,,,,,,,,,,,,,,,,,,,,,,,
1732469572119,00009,12,0,0,2,9,29.641765,106.000000,,,,,,,,,,,,,,,,,,,,,,,,
1732469572119,00010,12,0,0,2,10,11.706065,70.000000,,,,,,,,,,,,,,,,,,,,,,,,
1732469572119,00011,12,0,0,2,11,11.465851,69.000000,,,,,,,,,,,,,,,,,,,,,,,,
1732469572119,00012,12,0,0,2,12,35.409377,118.000000,,,,,,,,,,,,,,,,,,,,,,,,
1732469572219,00001,12,0,0,2,1,26.877917,101.000000,,,,,,,,,,,,,,,,,,,,,,,,
1732469572219,00002,12,0,0,2,2,13.291265,73.000000,,,,,,,,,,,,,,,,,,,,,,,,
1732469572219,00003,12,0,0,2,3,11.459192,69.000000,,,,,,,,,,,,,,,,,,,,,,,,
1732469572219,00004,12,0,0,2,4,3.789732,54.000000,,,,,,,,,,,,,,,,,,,,,,,,
1732469572219,00005,12,0,0,2,5,18.411036,83.000000,,,,,,,,,,,,,,,,,,,,,,,,
1732469572219,00006,12,0,0,2,6,26.632728,100.000000,,,,,,,,,,,,,,,,,,,,,,,,
1732469572219,00007,12,0,0,2,7,2.632550,52.000000,,,,,,,,,,,,,,,,,,,,,,,,
1732469572219,00008,12,0,0,2,8,19.331471,85.000000,,,,,,,,,,,,,,,,,,,,,,,,
1732469572219,00009,12,0,0,2,9,27.645753,102.000000,,,,,,,,,,,,,,,,,,,,,,,,
1732469572219,00010,12,0,0,2,10,11.486274,70.000000,,,,,,,,,,,,,,,,,,,,,,,,
1732469572219,00011,12,0,0,2,11,13.371408,73.000000,,,,,,,,,,,,,,,,,,,,,,,,
1732469572219,00012,12,0,0,2,12,37.564868,122.000000,,,,,,,,,,,,,,,,,,,,,,,,
1732469572319,00001,12,0,0,2,1,28.306423,103.000000,,,,,,,,,,,,,,,,,,,,,,,,
1732469572319,00002,12,0,0,2,2,15.344088,77.000000,,,,,,,,,,,,,,,,,,,,,,,,
1732469572319,00003,12,0,0,2,3,11.266260,69.000000,,,,,,,,,,,,,,,,,,,,,,,,
1732469572319,00004,12,0,0,2,4,5.492450,57.000000,,,,,,,,,,,,,,,,,,,,,,,,
1732469572319,00005,12,0,0,2,5,17.755998,82.000000,,,,,,,,,,,,,,,,,,,,,,,,
1732469572319,00006,12,0,0,2,6,26.503685,100.000000,,,,,,,,,,,,,,,,,,,,,,,,
1732469572319,00007,12,0,0,2,7,8.052348,63.000000,,,,,,,,,,,,,,,,,,,,,,,,
1732469572319,00008,12,0,0,2,8,19.667862,86.000000,,,,,,,,,,,,,,,,,,,,,,,,
1732469572319,00009,12,0,0,2,9,28.883107,105.000000,,,,,,,,,,,,,,,,,,,,,,,,
1732469572319,00010,12,0,0,2,10,11.853141,70.000000,,,,,,,,,,,,,,,,,,,,,,,,
1732469572319,00011,12,0,0,2,11,9.988738,67.000000,,,,,,,,,,,,,,,,,,,,,,,,
1732469572319,00012,12,0,0,2,12,34.045648,115.000000,,,,,,,,,,,,,,,,,,,,,,,,
1732469572419,00001,12,0,0,2,1,27.760334,102.000000,,,,,,,,,,,,,,,,,,,,,,,,
1732469572419,00002,12,0,0,2,2,12.189773,71.000000,,,,,,,,,,,,,,,,,,,,,,,,
1732469572419,00003,12,0,0,2,3,11.586728,70.000000,,,,,,,,,,,,,,,,,,,,,,,,
1732469572419,00004,12,0,0,2,4,4.643056,56.000000,,,,,,,,,,,,,,,,,,,,,,,,
1732469572419,00005,12,0,0,2,5,17.741682,82.000000,,,,,,,,,,,,,,,,,,,,,,,,
1732469572419,00006,12,0,0,2,6,26.779992,100.000000,,,,,,,,,,,,,,,,,,,,,,,,
1732469572419,00007,12,0,0,2,7,8.606556,64.000000,,,,,,,,,,,,,,,,,,,,,,,,
1732469572419,00008,12,0,0,2,8,18.978815,85.000000,,,,,,,,,,,,,,,,,,,,,,,,
1732469572419,00009,12,0,0,2,9,28.350417,104.000000,,,,,,,,,,,,,,,,,,,,,,,,
1732469572419,00010,12,0,0,2,10,12.529241,72.000000,,,,,,,,,,,,,,,,,,,,,,,,
1732469572419,00011,12,0,0,2,11,12.552993,72.000000,,,,,,,,,,,,,,,,,,,,,,,,
1732469572419,00012,12,0,0,2,12,36.550693,120.000000,,,,,,,,,,,,,,,,,,,,,,,,
1732469572519,00001,12,0,0,2,1,28.222513,103.000000,,,,,,,,,,,,,,,,,,,,,,,,
1732469572519,00002,12,0,0,2,2,11.758479,70.000000,,,,,,,,,,,,,,,,,,,,,,,,
1732469572519,00003,12,0,0,2,3,12.403685,71.000000,,,,,,,,,,,,,,,,,,,,,,,,
1732469572519,00004,12,0,0,2,4,4.261612,55.000000,,,,,,,,,,,,,,,,,,,,,,,,
1732469572519,00005,12,0,0,2,5,17.482928,82.000000,,,,,,,,,,,,,,,,,,,,,,,,
1732469572519,00006,12,0,0,2,6,26.196842,99.000000,,,,,,,,,,,,,,,,,,,,,,,,
1732469572519,00007,12,0,0,2,7,8.261995,63.000000,,,,,,,,,,,,,,,,,,,,,,,,
1732469572519,00008,12,0,0,2,8,20.170067,87.000000,,,,,,,,,,,,,,,,,,,,,,,,
1732469572519,00009,12,0,0,2,9,30.194441,107.000000,,,,,,,,,,,,,,,,,,,,,,,,
1732469572519,00010,12,0,0,2,10,12.745547,72.000000,,,,,,,,,,,,,,,,,,,,,,,,
1732469572519,00011,12,0,0,2,11,11.936303,70.000000,,,,,,,,,,,,,,,,,,,,,,,,
1732469572519,00012,12,0,0,2,12,36.736269,120.000000,,,,,,,,,,,,,,,,,,,,,,,,
1732469572619,00001,12,0,0,2,1,30.010808,107.000000,,,,,,,,,,,,,,,,,,,,,,,,
1732469572619,00002,12,0,0,2,2,13.070285,73.000000,,,,,,,,,,,,,,,,,,,,,,,,
1732469572619,00003,12,0,0,2,3,13.096638,73.000000,,,,,,,,,,,,,,,,,,,,,,,,
1732469572619,00004,12,0,0,2,4,6.119990,59.000000,,,,,,,,,,,,,,,,,,,,,,,,
1732469572619,00005,12,0,0,2,5,17.943559,83.000000,,,,,,,,,,,,,,,,,,,,,,,,
1732469572619,00006,12,0,0,2,6,24.983734,97.000000,,,,,,,,,,,,,,,,,,,,,,,,
1732469572619,00007,12,0,0,2,7,8.555216,64.000000,,,,,,,,,,,,,,,,,,,,,,,,
1732469572619,00008,12,0,0,2,8,20.102808,87.000000,,,,,,,,,,,,,,,,,,,,,,,,
1732469572619,00009,12,0,0,2,9,27.120205,101.000000,,,,,,,,,,,,,,,,,,,,,,,,
1732469572619,00010,12,0,0,2,10,10.735810,68.000000,,,,,,,,,,,,,,,,,,,,,,,,
1732469572619,00011,12,0,0,2,11,12.564056,72.000000,,,,,,,,,,,,,,,,,,,,,,,,
1732469572619,00012,12,0,0,2,12,36.641836,120.000000,,,,,,,,,,,,,,,,,,,,,,,,
1732469572719,00001,12,0,0,2,1,28.854831,105.000000,,,,,,,,,,,,,,,,,,,,,,,,
1732469572719,00002,12,0,0,2,2,12.871838,72.000000,,,,,,,,,,,,,,,,,,,,,,,,
1732469572719,00003,12,0,0,2,3,11.672957,70.000000,,,,,,,,,,,,,,,,,,,,,,,,
1732469572719,00004,12,0,0,2,4,4.564312,56.000000,,,,,,,,,,,,,,,,,,,,,,,,
1732469572719,00005,12,0,0,2,5,16.696479,80.000000,,,,,,,,,,,,,,,,,,,,,,,,
1732469572719,00006,12,0,0,2,6,26.303099,99.000000,,,,,,,,,,,,,,,,,,,,,,,,
1732469572719,00007,12,0,0,2,7,8.711541,64.000000,,,,,,,,,,,,,,,,,,,,,,,,
1732469572719,00008,12,0,0,2,8,20.877468,88.000000,,,,,,,,,,,,,,,,,,,,,,,,
1732469572719,00009,12,0,0,2,9,28.672543,104.000000,,,,,,,,,,,,,,,,,,,,,,,,
1732469572719,00010,12,0,0,2,10,11.621982,70.000000,,,,,,,,,,,,,,,,,,,,,,,,
1732469572719,00011,12,0,0,2,11,12.349189,71.000000,,,,,,,,,,,,,,,,,,,,,,,,
1732469572719,00012,12,0,0,2,12,33.975014,115.000000,,,,,,,,,,,,,,,,,,,,,,,,
1732469572819,00001,12,0,0,2,1,28.449577,104.000000,,,,,,,,,,,,,,,,,,,,,,,,
1732469572819,00002,12,0,0,2,2,10.613768,68.000000,,,,,,,,,,,,,,,,,,,,,,,,
1732469572819,00003,12,0,0,2,3,10.175235,67.000000,,,,,,,,,,,,,,,,,,,,,,,,
1732469572819,00004,12,0,0,2,4,3.381912,53.000000,,,,,,,,,,,,,,,,,,,,,,,,
1732469572819,00005,12,0,0,2,5,17.789285,82.000000,,,,,,,,,,,,,,,,,,,,,,,,
1732469572819,00006,12,0,0,2,6,24.418775,96.000000,,,,,,,,,,,,,,,,,,,,,,,,
1732469572819,00007,12,0,0,2,7,7.492105,61.000000,,,,,,,,,,,,,,,,,,,,,,,,
1732469572819,00008,12,0,0,2,8,19.686685,86.000000,,,,,,,,,,,,,,,,,,,,,,,,
1732469572819,00009,12,0,0,2,9,29.412882,106.000000,,,,,,,,,,,,,,,,,,,,,,,,
1732469572819,00010,12,0,0,2,10,10.576829,68.000000,,,,,,,,,,,,,,,,,,,,,,,,
1732469572819,00011,12,0,0,2,11,11.430076,69.000000,,,,,,,,,,,,,,,,,,,,,,,,
1732469572819,00012,12,0,0,2,12,36.781617,121.000000,,,,,,,,,,,,,,,,,,,,,,,,
1732469572919,00001,12,0,0,2,1,27.765638,102.000000,,,,,,,,,,,,,,,,,,,,,,,,
1732469572919,00002,12,0,0,2,2,12.573467,72.000000,,,,,,,,,,,,,,,,,,,,,,,,
1732469572919,00003,12,0,0,2,3,11.547832,70.000000,,,,,,,,,,,,,,,,,,,,,,,,
1732469572919,00004,12,0,0,2,4,5.001014,56.000000,,,,,,,,,,,,,,,,,,,,,,,,
1732469572919,00005,12,0,0,2,5,18.776901,84.000000,,,,,,,,,,,,,,,,,,,,,,,,
1732469572919,00006,12,0,0,2,6,20.850835,88.000000,,,,,,,,,,,,,,,,,,,,,,,,
1732469572919,00007,12,0,0,2,7,7.488371,61.000000,,,,,,,,,,,,,,,,,,,,,,,,
1732469572919,00008,12,0,0,2,8,20.466099,88.000000,,,,,,,,,,,,,,,,,,,,,,,,
1732469572919,00009,12,0,0,2,9,29.330046,105.000000,,,,,,,,,,,,,,,,,,,,,,,,
1732469572919,00010,12,0,0,2,10,10.741257,68.000000,,,,,,,,,,,,,,,,,,,,,,,,
1732469572919,00011,12,0,0,2,11,11.611389,70.000000,,,,,,,,,,,,,,,,,,,,,,,,
1732469572919,00012,12,0,0,2,12,38.361284,124.000000,,,,,,,,,,,,,,,,,,,,,,,,
1732469573019,00001,12,0,0,2,1,30.776899,108.000000,,,,,,,,,,,,,,,,,,,,,,,,
1732469573019,00002,12,0,0,2,2,11.085728,69.000000,,,,,,,,,,,,,,,,,,,,,,,,
1732469573019,00003,12,0,0,2,3,11.266046,69.000000,,,,,,,,,,,,,,,,,,,,,,,,
1732469573019,00004,12,0,0,2,4,3.201699,53.000000,,,,,,,,,,,,,,,,,,,,,,,,
1732469573019,00005,12,0,0,2,5,18.867550,84.000000,,,,,,,,,,,,,,,,,,,,,,,,
1732469573019,00006,12,0,0,2,6,26.553794,100.000000,,,,,,,,,,,,,,,,,,,,,,,,
1732469573019,00007,12,0,0,2,7,8.234426,63.000000,,,,,,,,,,,,,,,,,,,,,,,,
1732469573019,00008,12,0,0,2,8,18.954551,85.000000,,,,,,,,,,,,,,,,,,,,,,,,
1732469573019,00009,12,0,0,2,9,30.267763,107.000000,,,,,,,,,,,,,,,,,,,,,,,,
1732469573019,00010,12,0,0,2,10,9.608030,66.000000,,,,,,,,,,,,,,,,,,,,,,,,
1732469573019,00011,12,0,0,2,11,13.208048,73.000000,,,,,,,,,,,,,,,,,,,,,,,,
1732469573019,00012,12,0,0,2,12,36.789675,121.000000,,,,,,,,,,,,,,,,,,,,,,,,
1732469573119,00001,12,0,0,2,1,28.468667,104.000000,,,,,,,,,,,,,,,,,,,,,,,,
1732469573119,00002,12,0,0,2,2,13.108096,73.000000,,,,,,,,,,,,,,,,,,,,,,,,
1732469573119,00003,12,0,0,2,3,12.542089,72.000000,,,,,,,,,,,,,,,,,,,,,,,,
1732469573119,00004,12,0,0,2,4,3.214143,53.000000,,,,,,,,,,,,,,,,,,,,,,,,
1732469573119,00005,12,0,0,2,5,17.502380,82.000000,,,,,,,,,,,,,,,,,,,,,,,,
1732469573119,00006,12,0,0,2,6,26.175467,99.000000,,,,,,,,,,,,,,,,,,,,,,,,
1732469573119,00007,12,0,0,2,7,5.384097,57.000000,,,,,,,,,,,,,,,,,,,,,,,,
1732469573119,00008,12,0,0,2,8,19.928964,87.000000,,,,,,,,,,,,,,,,,,,,,,,,
1732469573119,00009,12,0,0,2,9,28.555329,104.000000,,,,,,,,,,,,,,,,,,,,,,,,
1732469573119,00010,12,0,0,2,10,10.674136,68.000000,,,,,,,,,,,,,,,,,,,,,,,,
1732469573119,00011,12,0,0,2,11,12.679749,72.000000,,,,,,,,,,,,,,,,,,,,,,,,
1732469573119,00012,12,0,0,2,12,37.755768,122.000000,,,,,,,,,,,,,,,,,,,,,,,,
1732469573219,00001,12,0,0,2,1,28.890913,105.000000,,,,,,,,,,,,,,,,,,,,,,,,
1732469573219,00002,12,0,0,2,2,13.832783,74.000000,,,,,,,,,,,,,,,,,,,,,,,,
1732469573219,00003,12,0,0,2,3,12.348180,71.000000,,,,,,,,,,,,,,,,,,,,,,,,
1732469573219,00004,12,0,0,2,4,3.471502,53.000000,,,,,,,,,,,,,,,,,,,,,,,,
1732469573219,00005,12,0,0,2,5,14.837581,76.000000,,,,,,,,,,,,,,,,,,,,,,,,
1732469573219,00006,12,0,0,2,6,26.920133,101.000000,,,,,,,,,,,,,,,,,,,,,,,,
1732469573219,00007,12,0,0,2,7,9.038856,65.000000,,,,,,,,,,,,,,,,,,,,,,,,
1732469573219,00008,12,0,0,2,8,20.873248,88.000000,,,,,,,,,,,,,,,,,,,,,,,,
1732469573219,00009,12,0,0,2,9,31.670579,110.000000,,,,,,,,,,,,,,,,,,,,,,,,
1732469573219,00010,12,0,0,2,10,8.540171,64.000000,,,,,,,,,,,,,,,,,,,,,,,,
1732469573219,00011,12,0,0,2,11,12.082052,71.000000,,,,,,,,,,,,,,,,,,,,,,,,
1732469573219,00012,12,0,0,2,12,41.393411,127.000000,,,,,,,,,,,,,,,,,,,,,,,,
1732469573319,00001,12,0,0,2,1,28.057809,103.000000,,,,,,,,,,,,,,,,,,,,,,,,
1732469573319,00002,12,0,0,2,2,13.760990,74.000000,,,,,,,,,,,,,,,,,,,,,,,,
1732469573319,00003,12,0,0,2,3,13.450733,73.000000,,,,,,,,,,,,,,,,,,,,,,,,
1732469573319,00004,12,0,0,2,4,3.392792,53.000000,,,,,,,,,,,,,,,,,,,,,,,,
1732469573319,00005,12,0,0,2,5,18.011904,83.000000,,,,,,,,,,,,,,,,,,,,,,,,
1732469573319,00006,12,0,0,2,6,23.519051,94.000000,,,,,,,,,,,,,,,,,,,,,,,,
1732469573319,00007,12,0,0,2,7,8.002812,62.000000,,,,,,,,,,,,,,,,,,,,,,,,
1732469573319,00008,12,0,0,2,8,19.411179,85.000000,,,,,,,,,,,,,,,,,,,,,,,,
1732469573319,00009,12,0,0,2,9,30.345566,108.000000,,,,,,,,,,,,,,,,,,,,,,,,
1732469573319,00010,12,0,0,2,10,11.812367,70.000000,,,,,,,,,,,,,,,,,,,,,,,,
1732469573319,00011,12,0,0,2,11,12.497961,72.000000,,,,,,,,,,,,,,,,,,,,,,,,
1732469573319,00012,12,0,0,2,12,36.840715,121.000000,,,,,,,,,,,,,,,,,,,,,,,,
1732469573419,00001,12,0,0,2,1,27.631595,102.000000,,,,,,,,,,,,,,,,,,,,,,,,
1732469573419,00002,12,0,0,2,2,11.389038,69.000000,,,,,,,,,,,,,,,,,,,,,,,,
1732469573419,00003,12,0,0,2,3,10.801025,68.000000,,,,,,,,,,,,,,,,,,,,,,,,
1732469573419,00004,12,0,0,2,4,4.031258,54.000000,,,,,,,,,,,,,,,,,,,,,,,,
1732469573419,00005,12,0,0,2,5,17.873416,82.000000,,,,,,,,,,,,,,,,,,,,,,,,
1732469573419,00006,12,0,0,2,6,26.245049,99.000000,,,,,,,,,,,,,,,,,,,,,,,,
1732469573419,00007,12,0,0,2,7,7.199398,61.000000,,,,,,,,,,,,,,,,,,,,,,,,
1732469573419,00008,12,0,0,2,8,20.851323,88.000000,,,,,,,,,,,,,,,,,,,,,,,,
1732469573419,00009,12,0,0,2,9,30.392597,108.000000,,,,,,,,,,,,,,,,,,,,,,,,
1732469573419,00010,12,0,0,2,10,10.429072,67.000000,,,,,,,,,,,,,,,,,,,,,,,,
1732469573419,00011,12,0,0,2,11,13.678979,74.000000,,,,,,,,,,,,,,,,,,,,,,,,
1732469573419,00012,12,0,0,2,12,36.851675,121.000000,,,,,,,,,,,,,,,,,,,,,,,,
1732469573519,00001,12,0,0,2,1,28.233878,103.000000,,,,,,,,,,,,,,,,,,,,,,,,
1732469573519,00002,12,0,0,2,2,13.977390,75.000000,,,,,,,,,,,,,,,,,,,,,,,,
1732469573519,00003,12,0,0,2,3,12.419827,71.000000,,,,,,,,,,,,,,,,,,,,,,,,
1732469573519,00004,12,0,0,2,4,3.006682,52.000000,,,,,,,,,,,,,,,,,,,,,,,,
1732469573519,00005,12,0,0,2,5,15.555653,78.000000,,,,,,,,,,,,,,,,,,,,,,,,
1732469573519,00006,12,0,0,2,6,25.093595,97.000000,,,,,,,,,,,,,,,,,,,,,,,,
1732469573519,00007,12,0,0,2,7,9.461261,65.000000,,,,,,,,,,,,,,,,,,,,,,,,
1732469573519,00008,12,0,0,2,8,20.262110,87.000000,,,,,,,,,,,,,,,,,,,,,,,,
1732469573519,00009,12,0,0,2,9,29.093614,105.000000,,,,,,,,,,,,,,,,,,,,,,,,
1732469573519,00010,12,0,0,2,10,7.682883,62.000000,,,,,,,,,,,,,,,,,,,,,,,,
1732469573519,00011,12,0,0,2,11,11.165559,69.000000,,,,,,,,,,,,,,,,,,,,,,,,
1732469573519,00012,12,0,0,2,12,37.143346,121.000000,,,,,,,,,,,,,,,,,,,,,,,,
1732469573619,00001,12,0,0,2,1,29.469938,106.000000,,,,,,,,,,,,,,,,,,,,,,,,
1732469573619,00002,12,0,0,2,2,10.558840,68.000000,,,,,,,,,,,,,,,,,,,,,,,,
1732469573619,00003,12,0,0,2,3,10.646402,68.000000,,,,,,,,,,,,,,,,,,,,,,,,
1732469573619,00004,12,0,0,2,4,2.647164,52.000000,,,,,,,,,,,,,,,,,,,,,,,,
1732469573619,00005,12,0,0,2,5,18.415008,83.000000,,,,,,,,,,,,,,,,,,,,,,,,
1732469573619,00006,12,0,0,2,6,26.589318,100.000000,,,,,,,,,,,,,,,,,,,,,,,,
1732469573619,00007,12,0,0,2,7,6.926572,60.000000,,,,,,,,,,,,,,,,,,,,,,,,
1732469573619,00008,12,0,0,2,8,18.858117,84.000000,,,,,,,,,,,,,,,,,,,,,,,,
1732469573619,00009,12,0,0,2,9,28.739867,104.000000,,,,,,,,,,,,,,,,,,,,,,,,
1732469573619,00010,12,0,0,2,10,10.666488,68.000000,,,,,,,,,,,,,,,,,,,,,,,,
1732469573619,00011,12,0,0,2,11,11.525136,70.000000,,,,,,,,,,,,,,,,,,,,,,,,
1732469573619,00012,12,0,0,2,12,38.130099,123.000000,,,,,,,,,,,,,,,,,,,,,,,,
1732469573719,00001,12,0,0,2,1,27.574040,102.000000,,,,,,,,,,,,,,,,,,,,,,,,
1732469573719,00002,12,0,0,2,2,12.773383,72.000000,,,,,,,,,,,,,,,,,,,,,,,,
1732469573719,00003,12,0,0,2,3,11.820456,70.000000,,,,,,,,,,,,,,,,,,,,,,,,
1732469573719,00004,12,0,0,2,4,2.812511,52.000000,,,,,,,,,,,,,,,,,,,,,,,,
1732469573719,00005,12,0,0,2,5,17.229438,81.000000,,,,,,,,,,,,,,,,,,,,,,,,
1732469573719,00006,12,0,0,2,6,26.399320,100.000000,,,,,,,,,,,,,,,,,,,,,,,,
1732469573719,00007,12,0,0,2,7,8.288992,63.000000,,,,,,,,,,,,,,,,,,,,,,,,
1732469573719,00008,12,0,0,2,8,20.303981,87.000000,,,,,,,,,,,,,,,,,,,,,,,,
1732469573719,00009,12,0,0,2,9,26.050337,99.000000,,,,,,,,,,,,,,,,,,,,,,,,
1732469573719,00010,12,0,0,2,10,11.392160,69.000000,,,,,,,,,,,,,,,,,,,,,,,,
1732469573719,00011,12,0,0,2,11,11.021023,69.000000,,,,,,,,,,,,,,,,,,,,,,,,
1732469573719,00012,12,0,0,2,12,36.694862,120.000000,,,,,,,,,,,,,,,,,,,,,,,,
1732469573819,00001,12,0,0,2,1,30.025746,107.000000,,,,,,,,,,,,,,,,,,,,,,,,
1732469573819,00002,12,0,0,2,2,13.231024,73.000000,,,,,,,,,,,,,,,,,,,,,,,,
1732469573819,00003,12,0,0,2,3,11.961181,70.000000,,,,,,,,,,,,,,,,,,,,,,,,
1732469573819,00004,12,0,0,2,4,6.639791,60.000000,,,,,,,,,,,,,,,,,,,,,,,,
1732469573819,00005,12,0,0,2,5,17.488587,82.000000,,,,,,,,,,,,,,,,,,,,,,,,
1732469573819,00006,12,0,0,2,6,24.257738,95.000000,,,,,,,,,,,,,,,,,,,,,,,,
1732469573819,00007,12,0,0,2,7,8.339833,63.000000,,,,,,,,,,,,,,,,,,,,,,,,
1732469573819,00008,12,0,0,2,8,20.020021,87.000000,,,,,,,,,,,,,,,,,,,,,,,,
1732469573819,00009,12,0,0,2,9,30.376923,108.000000,,,,,,,,,,,,,,,,,,,,,,,,
1732469573819,00010,12,0,0,2,10,10.423850,67.000000,,,,,,,,,,,,,,,,,,,,,,,,
1732469573819,00011,12,0,0,2,11,12.470851,72.000000,,,,,,,,,,,,,,,,,,,,,,,,
1732469573819,00012,12,0,0,2,12,35.316458,118.000000,,,,,,,,,,,,,,,,,,,,,,,,
1732469573919,00001,12,0,0,2,1,26.880014,101.000000,,,,,,,,,,,,,,,,,,,,,,,,
1732469573919,00002,12,0,0,2,2,13.374699,73.000000,,,,,,,,,,,,,,,,,,,,,,,,
1732469573919,00003,12,0,0,2,3,12.147155,71.000000,,,,,,,,,,,,,,,,,,,,,,,,
1732469573919,00004,12,0,0,2,4,5.964124,58.000000,,,,,,,,,,,,,,,,,,,,,,,,
1732469573919,00005,12,0,0,2,5,18.702659,84.000000,,,,,,,,,,,,,,,,,,,,,,,,
1732469573919,00006,12,0,0,2,6,26.558277,100.000000,,,,,,,,,,,,,,,,,,,,,,,,
1732469573919,00007,12,0,0,2,7,9.651168,66.000000,,,,,,,,,,,,,,,,,,,,,,,,
1732469573919,00008,12,0,0,2,8,20.420533,88.000000,,,,,,,,,,,,,,,,,,,,,,,,
1732469573919,00009,12,0,0,2,9,28.901127,105.000000,,,,,,,,,,,,,,,,,,,,,,,,
1732469573919,00010,12,0,0,2,10,12.835627,72.000000,,,,,,,,,,,,,,,,,,,,,,,,
1732469573919,00011,12,0,0,2,11,12.696850,72.000000,,,,,,,,,,,,,,,,,,,,,,,,
1732469573919,00012,12,0,0,2,12,35.602210,118.000000,,,,,,,,,,,,,,,,,,,,,,,,
1732469574019,00001,12,0,0,2,1,26.390987,100.000000,,,,,,,,,,,,,,,,,,,,,,,,
1732469574019,00002,12,0,0,2,2,12.642574,72.000000,,,,,,,,,,,,,,,,,,,,,,,,
1732469574019,00003,12,0,0,2,3,13.988183,75.000000,,,,,,,,,,,,,,,,,,,,,,,,
1732469574019,00004,12,0,0,2,4,6.439395,59.000000,,,,,,,,,,,,,,,,,,,,,,,,
1732469574019,00005,12,0,0,2,5,14.590685,76.000000,,,,,,,,,,,,,,,,,,,,,,,,
1732469574019,00006,12,0,0,2,6,25.721528,98.000000,,,,,,,,,,,,,,,,,,,,,,,,
1732469574019,00007,12,0,0,2,7,9.246272,65.000000,,,,,,,,,,,,,,,,,,,,,,,,
1732469574019,00008,12,0,0,2,8,19.472999,86.000000,,,,,,,,,,,,,,,,,,,,,,,,
1732469574019,00009,12,0,0,2,9,27.481737,102.000000,,,,,,,,,,,,,,,,,,,,,,,,
1732469574019,00010,12,0,0,2,10,10.685777,68.000000,,,,,,,,,,,,,,,,,,,,,,,,
1732469574019,00011,12,0,0,2,11,11.393050,69.000000,,,,,,,,,,,,,,,,,,,,,,,,
1732469574019,00012,12,0,0,2,12,34.897747,117.000000,,,,,,,,,,,,,,,,,,,,,,,,
1732469574119,00001,12,0,0,2,1,27.025630,101.000000,,,,,,,,,,,,,,,,,,,,,,,,
1732469574119,00002,12,0,0,2,2,13.646231,74.000000,,,,,,,,,,,,,,,,,,,,,,,,
1732469574119,00003,12,0,0,2,3,12.313817,71.000000,,,,,,,,,,,,,,,,,,,,,,,,
1732469574119,00004,12,0,0,2,4,4.462085,55.000000,,,,,,,,,,,,,,,,,,,,,,,,
1732469574119,00005,12,0,0,2,5,15.165268,77.000000,,,,,,,,,,,,,,,,,,,,,,,,
1732469574119,00006,12,0,0,2,6,25.588287,98.000000,,,,,,,,,,,,,,,,,,,,,,,,
1732469574119,00007,12,0,0,2,7,3.972015,54.000000,,,,,,,,,,,,,,,,,,,,,,,,
1732469574119,00008,12,0,0,2,8,17.907464,82.000000,,,,,,,,,,,,,,,,,,,,,,,,
1732469574119,00009,12,0,0,2,9,29.336006,106.000000,,,,,,,,,,,,,,,,,,,,,,,,
1732469574119,00010,12,0,0,2,10,12.939054,72.000000,,,,,,,,,,,,,,,,,,,,,,,,
1732469574119,00011,12,0,0,2,11,10.267029,67.000000,,,,,,,,,,,,,,,,,,,,,,,,
1732469574119,00012,12,0,0,2,12,36.730885,120.000000,,,,,,,,,,,,,,,,,,,,,,,,
1732469574219,00001,12,0,0,2,1,26.835991,100.000000,,,,,,,,,,,,,,,,,,,,,,,,
1732469574219,00002,12,0,0,2,2,13.038729,73.000000,,,,,,,,,,,,,,,,,,,,,,,,
1732469574219,00003,12,0,0,2,3,11.751944,70.000000,,,,,,,,,,,,,,,,,,,,,,,,
1732469574219,00004,12,0,0,2,4,5.536858,58.000000,,,,,,,,,,,,,,,,,,,,,,,,
1732469574219,00005,12,0,0,2,5,17.056979,81.000000,,,,,,,,,,,,,,,,,,,,,,,,
1732469574219,00006,12,0,0,2,6,24.305153,95.000000,,,,,,,,,,,,,,,,,,,,,,,,
1732469574219,00007,12,0,0,2,7,7.582675,62.000000,,,,,,,,,,,,,,,,,,,,,,,,
1732469574219,00008,12,0,0,2,8,19.157945,85.000000,,,,,,,,,,,,,,,,,,,,,,,,
1732469574219,00009,12,0,0,2,9,30.015189,107.000000,,,,,,,,,,,,,,,,,,,,,,,,
1732469574219,00010,12,0,0,2,10,10.868209,68.000000,,,,,,,,,,,,,,,,,,,,,,,,
1732469574219,00011,12,0,0,2,11,11.937280,70.000000,,,,,,,,,,,,,,,,,,,,,,,,
1732469574219,00012,12,0,0,2,12,36.497414,120.000000,,,,,,,,,,,,,,,,,,,,,,,,
1732469574319,00001,12,0,0,2,1,29.916767,107.000000,,,,,,,,,,,,,,,,,,,,,,,,
1732469574319,00002,12,0,0,2,2,13.645508,74.000000,,,,,,,,,,,,,,,,,,,,,,,,
1732469574319,00003,12,0,0,2,3,12.188548,71.000000,,,,,,,,,,,,,,,,,,,,,,,,
1732469574319,00004,12,0,0,2,4,3.836999,54.000000,,,,,,,,,,,,,,,,,,,,,,,,
1732469574319,00005,12,0,0,2,5,17.882789,82.000000,,,,,,,,,,,,,,,,,,,,,,,,
1732469574319,00006,12,0,0,2,6,26.088556,99.000000,,,,,,,,,,,,,,,,,,,,,,,,
1732469574319,00007,12,0,0,2,7,9.100600,65.000000,,,,,,,,,,,,,,,,,,,,,,,,
1732469574319,00008,12,0,0,2,8,19.354481,85.000000,,,,,,,,,,,,,,,,,,,,,,,,
1732469574319,00009,12,0,0,2,9,28.668573,104.000000,,,,,,,,,,,,,,,,,,,,,,,,
1732469574319,00010,12,0,0,2,10,9.259927,65.000000,,,,,,,,,,,,,,,,,,,,,,,,
1732469574319,00011,12,0,0,2,11,13.047015,73.000000,,,,,,,,,,,,,,,,,,,,,,,,
1732469574319,00012,12,0,0,2,12,38.337978,124.000000,,,,,,,,,,,,,,,,,,,,,,,,
1732469574419,00001,12,0,0,2,1,28.466374,104.000000,,,,,,,,,,,,,,,,,,,,,,,,
1732469574419,00002,12,0,0,2,2,14.204679,75.000000,,,,,,,,,,,,,,,,,,,,,,,,
1732469574419,00003,12,0,0,2,3,11.872252,70.000000,,,,,,,,,,,,,,,,,,,,,,,,
1732469574419,00004,12,0,0,2,4,4.913637,56.000000,,,,,,,,,,,,,,,,,,,,,,,,
1732469574419,00005,12,0,0,2,5,17.142829,81.000000,,,,,,,,,,,,,,,,,,,,,,,,
1732469574419,00006,12,0,0,2,6,25.936974,99.000000,,,,,,,,,,,,,,,,,,,,,,,,
1732469574419,00007,12,0,0,2,7,7.106923,61.000000,,,,,,,,,,,,,,,,,,,,,,,,
1732469574419,00008,12,0,0,2,8,19.643990,86.000000,,,,,,,,,,,,,,,,,,,,,,,,
1732469574419,00009,12,0,0,2,9,28.674667,104.000000,,,,,,,,,,,,,,,,,,,,,,,,
1732469574419,00010,12,0,0,2,10,10.472358,67.000000,,,,,,,,,,,,,,,,,,,,,,,,
1732469574419,00011,12,0,0,2,11,12.111706,71.000000,,,,,,,,,,,,,,,,,,,,,,,,
1732469574419,00012,12,0,0,2,12,38.921893,125.000000,,,,,,,,,,,,,,,,,,,,,,,,
1732469574519,00001,12,0,0,2,1,26.647330,100.000000,,,,,,,,,,,,,,,,,,,,,,,,
1732469574519,00002,12,0,0,2,2,12.957536,72.000000,,,,,,,,,,,,,,,,,,,,,,,,
1732469574519,00003,12,0,0,2,3,12.400690,71.000000,,,,,,,,,,,,,,,,,,,,,,,,
1732469574519,00004,12,0,0,2,4,2.729032,52.000000,,,,,,,,,,,,,,,,,,,,,,,,
1732469574519,00005,12,0,0,2,5,17.825470,82.000000,,,,,,,,,,,,,,,,,,,,,,,,
1732469574519,00006,12,0,0,2,6,25.936193,99.000000,,,,,,,,,,,,,,,,,,,,,,,,
1732469574519,00007,12,0,0,2,7,4.214827,55.000000,,,,,,,,,,,,,,,,,,,,,,,,
1732469574519,00008,12,0,0,2,8,21.287965,89.000000,,,,,,,,,,,,,,,,,,,,,,,,
1732469574519,00009,12,0,0,2,9,29.745857,106.000000,,,,,,,,,,,,,,,,,,,,,,,,
1732469574519,00010,12,0,0,2,10,12.233893,71.000000,,,,,,,,,,,,,,,,,,,,,,,,
1732469574519,00011,12,0,0,2,11,12.794007,72.000000,,,,,,,,,,,,,,,,,,,,,,,,
1732469574519,00012,12,0,0,2,12,36.931605,121.000000,,,,,,,,,,,,,,,,,,,,,,,,
1732469574619,00001,12,0,0,2,1,28.917284,105.000000,,,,,,,,,,,,,,,,,,,,,,,,
1732469574619,00002,12,0,0,2,2,13.687484,74.000000,,,,,,,,,,,,,,,,,,,,,,,,
1732469574619,00003,12,0,0,2,3,7.774774,62.000000,,,,,,,,,,,,,,,,,,,,,,,,
1732469574619,00004,12,0,0,2,4,5.355055,57.000000,,,,,,,,,,,,,,,,,,,,,,,,
1732469574619,00005,12,0,0,2,5,17.681207,82.000000,,,,,,,,,,,,,,,,,,,,,,,,
1732469574619,00006,12,0,0,2,6,27.227386,101.000000,,,,,,,,,,,,,,,,,,,,,,,,
1732469574619,00007,12,0,0,2,7,7.494612,61.000000,,,,,,,,,,,,,,,,,,,,,,,,
1732469574619,00008,12,0,0,2,8,20.189509,87.000000,,,,,,,,,,,,,,,,,,,,,,,,
1732469574619,00009,12,0,0,2,9,28.728482,104.000000,,,,,,,,,,,,,,,,,,,,,,,,
1732469574619,00010,12,0,0,2,10,11.411373,69.000000,,,,,,,,,,,,,,,,,,,,,,,,
1732469574619,00011,12,0,0,2,11,11.732951,70.000000,,,,,,,,,,,,,,,,,,,,,,,,
1732469574619,00012,12,0,0,2,12,36.859021,121.000000,,,,,,,,,,,,,,,,,,,,,,,,
1732469574719,00001,12,0,0,2,1,22.334186,91.000000,,,,,,,,,,,,,,,,,,,,,,,,
1732469574719,00002,12,0,0,2,2,14.494821,76.000000,,,,,,,,,,,,,,,,,,,,,,,,
1732469574719,00003,12,0,0,2,3,11.339809,69.000000,,,,,,,,,,,,,,,,,,,,,,,,
1732469574719,00004,12,0,0,2,4,3.812030,54.000000,,,,,,,,,,,,,,,,,,,,,,,,
1732469574719,00005,12,0,0,2,5,18.335172,83.000000,,,,,,,,,,,,,,,,,,,,,,,,
1732469574719,00006,12,0,0,2,6,25.295318,97.000000,,,,,,,,,,,,,,,,,,,,,,,,
1732469574719,00007,12,0,0,2,7,7.394428,61.000000,,,,,,,,,,,,,,,,,,,,,,,,
1732469574719,00008,12,0,0,2,8,19.940013,87.000000,,,,,,,,,,,,,,,,,,,,,,,,
1732469574719,00009,12,0,0,2,9,29.116185,105.000000,,,,,,,,,,,,,,,,,,,,,,,,
1732469574719,00010,12,0,0,2,10,10.173945,67.000000,,,,,,,,,,,,,,,,,,,,,,,,
1732469574719,00011,12,0,0,2,11,11.722083,70.000000,,,,,,,,,,,,,,,,,,,,,,,,
1732469574719,00012,12,0,0,2,12,36.414809,120.000000,,,,,,,,,,,,,,,,,,,,,,,,
1732469574819,00001,12,0,0,2,1,28.131339,103.000000,,,,,,,,,,,,,,,,,,,,,,,,
1732469574819,00002,12,0,0,2,2,12.422703,71.000000,,,,,,,,,,,,,,,,,,,,,,,,
1732469574819,00003,12,0,0,2,3,10.490981,68.000000,,,,,,,,,,,,,,,,,,,,,,,,
1732469574819,00004,12,0,0,2,4,2.906891,52.000000,,,,,,,,,,,,,,,,,,,,,,,,
1732469574819,00005,12,0,0,2,5,16.172501,79.000000,,,,,,,,,,,,,,,,,,,,,,,,
1732469574819,00006,12,0,0,2,6,26.603954,100.000000,,,,,,,,,,,,,,,,,,,,,,,,
1732469574819,00007,12,0,0,2,7,8.934630,64.000000,,,,,,,,,,,,,,,,,,,,,,,,
1732469574819,00008,12,0,0,2,8,19.862571,86.000000,,,,,,,,,,,,,,,,,,,,,,,,
1732469574819,00009,12,0,0,2,9,29.272103,105.000000,,,,,,,,,,,,,,,,,,,,,,,,
1732469574819,00010,12,0,0,2,10,11.109495,69.000000,,,,,,,,,,,,,,,,,,,,,,,,
1732469574819,00011,12,0,0,2,11,12.921918,72.000000,,,,,,,,,,,,,,,,,,,,,,,,
1732469574819,00012,12,0,0,2,12,37.222533,121.000000,,,,,,,,,,,,,,,,,,,,,,,,
1732469574919,00001,12,0,0,2,1,25.837416,98.000000,,,,,,,,,,,,,,,,,,,,,,,,
1732469574919,00002,12,0,0,2,2,11.854801,70.000000,,,,,,,,,,,,,,,,,,,,,,,,
1732469574919,00003,12,0,0,2,3,12.422506,71.000000,,,,,,,,,,,,,,,,,,,,,,,,
1732469574919,00004,12,0,0,2,4,5.018036,56.000000,,,,,,,,,,,,,,,,,,,,,,,,
1732469574919,00005,12,0,0,2,5,16.717322,80.000000,,,,,,,,,,,,,,,,,,,,,,,,
1732469574919,00006,12,0,0,2,6,26.696811,100.000000,,,,,,,,,,,,,,,,,,,,,,,,
1732469574919,00007,12,0,0,2,7,8.203597,63.000000,,,,,,,,,,,,,,,,,,,,,,,,
1732469574919,00008,12,0,0,2,8,19.392482,85.000000,,,,,,,,,,,,,,,,,,,,,,,,
1732469574919,00009,12,0,0,2,9,28.604658,104.000000,,,,,,,,,,,,,,,,,,,,,,,,
1732469574919,00010,12,0,0,2,10,9.793616,66.000000,,,,,,,,,,,,,,,,,,,,,,,,
1732469574919,00011,12,0,0,2,11,12.142712,71.000000,,,,,,,,,,,,,,,,,,,,,,,,
1732469574919,00012,12,0,0,2,12,37.101539,121.000000,,,,,,,,,,,,,,,,,,,,,,,,
1732469575019,00001,12,0,0,2,1,28.439693,104.000000,,,,,,,,,,,,,,,,,,,,,,,,
1732469575019,00002,12,0,0,2,2,10.627510,68.000000,,,,,,,,,,,,,,,,,,,,,,,,
1732469575019,00003,12,0,0,2,3,12.266665,71.000000,,,,,,,,,,,,,,,,,,,,,,,,
1732469575019,00004,12,0,0,2,4,3.777221,54.000000,,,,,,,,,,,,,,,,,,,,,,,,
1732469575019,00005,12,0,0,2,5,18.199491,83.000000,,,,,,,,,,,,,,,,,,,,,,,,
1732469575019,00006,12,0,0,2,6,24.198790,95.000000,,,,,,,,,,,,,,,,,,,,,,,,
1732469575019,00007,12,0,0,2,7,9.141453,65.000000,,,,,,,,,,,,,,,,,,,,,,,,
1732469575019,00008,12,0,0,2,8,19.762784,86.000000,,,,,,,,,,,,,,,,,,,,,,,,
1732469575019,00009,12,0,0,2,9,28.654243,104.000000,,,,,,,,,,,,,,,,,,,,,,,,
1732469575019,00010,12,0,0,2,10,11.765480,70.000000,,,,,,,,,,,,,,,,,,,,,,,,
1732469575019,00011,12,0,0,2,11,12.512706,72.000000,,,,,,,,,,,,,,,,,,,,,,,,
1732469575019,00012,12,0,0,2,12,38.450879,124.000000,,,,,,,,,,,,,,,,,,,,,,,,
1732469575119,00001,12,0,0,2,1,28.485621,104.000000,,,,,,,,,,,,,,,,,,,,,,,,
1732469575119,00002,12,0,0,2,2,14.995641,77.000000,,,,,,,,,,,,,,,,,,,,,,,,
1732469575119,00003,12,0,0,2,3,13.718351,74.000000,,,,,,,,,,,,,,,,,,,,,,,,
1732469575119,00004,12,0,0,2,4,2.749302,52.000000,,,,,,,,,,,,,,,,,,,,,,,,
1732469575119,00005,12,0,0,2,5,14.020941,75.000000,,,,,,,,,,,,,,,,,,,,,,,,
1732469575119,00006,12,0,0,2,6,26.453106,100.000000,,,,,,,,,,,,,,,,,,,,,,,,
1732469575119,00007,12,0,0,2,7,10.128168,67.000000,,,,,,,,,,,,,,,,,,,,,,,,
1732469575119,00008,12,0,0,2,8,19.329374,85.000000,,,,,,,,,,,,,,,,,,,,,,,,
1732469575119,00009,12,0,0,2,9,28.883755,105.000000,,,,,,,,,,,,,,,,,,,,,,,,
1732469575119,00010,12,0,0,2,10,10.975926,68.000000,,,,,,,,,,,,,,,,,,,,,,,,
1732469575119,00011,12,0,0,2,11,12.426489,71.000000,,,,,,,,,,,,,,,,,,,,,,,,
1732469575119,00012,12,0,0,2,12,37.113377,121.000000,,,,,,,,,,,,,,,,,,,,,,,,
1732469575219,00001,12,0,0,2,1,28.756268,104.000000,,,,,,,,,,,,,,,,,,,,,,,,
1732469575219,00002,12,0,0,2,2,12.324336,71.000000,,,,,,,,,,,,,,,,,,,,,,,,
1732469575219,00003,12,0,0,2,3,10.115763,67.000000,,,,,,,,,,,,,,,,,,,,,,,,
1732469575219,00004,12,0,0,2,4,3.425640,53.000000,,,,,,,,,,,,,,,,,,,,,,,,
1732469575219,00005,12,0,0,2,5,17.470088,82.000000,,,,,,,,,,,,,,,,,,,,,,,,
1732469575219,00006,12,0,0,2,6,23.255199,93.000000,,,,,,,,,,,,,,,,,,,,,,,,
1732469575219,00007,12,0,0,2,7,8.044774,63.000000,,,,,,,,,,,,,,,,,,,,,,,,
1732469575219,00008,12,0,0,2,8,20.159451,87.000000,,,,,,,,,,,,,,,,,,,,,,,,
1732469575219,00009,12,0,0,2,9,29.303303,105.000000,,,,,,,,,,,,,,,,,,,,,,,,
1732469575219,00010,12,0,0,2,10,11.823165,70.000000,,,,,,,,,,,,,,,,,,,,,,,,
1732469575219,00011,12,0,0,2,11,13.790425,74.000000,,,,,,,,,,,,,,,,,,,,,,,,
1732469575219,00012,12,0,0,2,12,37.963899,123.000000,,,,,,,,,,,,,,,,,,,,,,,,
1732469575319,00001,12,0,0,2,1,27.326486,101.000000,,,,,,,,,,,,,,,,,,,,,,,,
1732469575319,00002,12,0,0,2,2,14.249107,75.000000,,,,,,,,,,,,,,,,,,,,,,,,
1732469575319,00003,12,0,0,2,3,9.511156,66.000000,,,,,,,,,,,,,,,,,,,,,,,,
1732469575319,00004,12,0,0,2,4,3.792193,54.000000,,,,,,,,,,,,,,,,,,,,,,,,
1732469575319,00005,12,0,0,2,5,16.779856,80.000000,,,,,,,,,,,,,,,,,,,,,,,,
1732469575319,00006,12,0,0,2,6,26.142503,99.000000,,,,,,,,,,,,,,,,,,,,,,,,
1732469575319,00007,12,0,0,2,7,7.641752,62.000000,,,,,,,,,,,,,,,,,,,,,,,,
1732469575319,00008,12,0,0,2,8,19.434007,86.000000,,,,,,,,,,,,,,,,,,,,,,,,
1732469575319,00009,12,0,0,2,9,29.146216,105.000000,,,,,,,,,,,,,,,,,,,,,,,,
1732469575319,00010,12,0,0,2,10,10.204754,67.000000,,,,,,,,,,,,,,,,,,,,,,,,
1732469575319,00011,12,0,0,2,11,13.362299,73.000000,,,,,,,,,,,,,,,,,,,,,,,,
1732469575319,00012,12,0,0,2,12,35.534921,118.000000,,,,,,,,,,,,,,,,,,,,,,,,
1732469575419,00001,12,0,0,2,1,31.063505,109.000000,,,,,,,,,,,,,,,,,,,,,,,,
1732469575419,00002,12,0,0,2,2,12.359791,71.000000,,,,,,,,,,,,,,,,,,,,,,,,
1732469575419,00003,12,0,0,2,3,11.846503,70.000000,,,,,,,,,,,,,,,,,,,,,,,,
1732469575419,00004,12,0,0,2,4,4.576903,56.000000,,,,,,,,,,,,,,,,,,,,,,,,
1732469575419,00005,12,0,0,2,5,18.890778,84.000000,,,,,,,,,,,,,,,,,,,,,,,,
1732469575419,00006,12,0,0,2,6,24.771536,96.000000,,,,,,,,,,,,,,,,,,,,,,,,
1732469575419,00007,12,0,0,2,7,11.205539,69.000000,,,,,,,,,,,,,,,,,,,,,,,,
1732469575419,00008,12,0,0,2,8,19.538536,86.000000,,,,,,,,,,,,,,,,,,,,,,,,
1732469575419,00009,12,0,0,2,9,25.936936,99.000000,,,,,,,,,,,,,,,,,,,,,,,,
1732469575419,00010,12,0,0,2,10,11.208520,69.000000,,,,,,,,,,,,,,,,,,,,,,,,
1732469575419,00011,12,0,0,2,11,12.077106,71.000000,,,,,,,,,,,,,,,,,,,,,,,,
1732469575419,00012,12,0,0,2,12,38.499520,124.000000,,,,,,,,,,,,,,,,,,,,,,,,
1732469575519,00001,12,0,0,2,1,27.814476,102.000000,,,,,,,,,,,,,,,,,,,,,,,,
1732469575519,00002,12,0,0,2,2,13.732484,74.000000,,,,,,,,,,,,,,,,,,,,,,,,
1732469575519,00003,12,0,0,2,3,12.065267,71.000000,,,,,,,,,,,,,,,,,,,,,,,,
1732469575519,00004,12,0,0,2,4,4.379916,55.000000,,,,,,,,,,,,,,,,,,,,,,,,
1732469575519,00005,12,0,0,2,5,17.734953,82.000000,,,,,,,,,,,,,,,,,,,,,,,,
1732469575519,00006,12,0,0,2,6,25.778833,98.000000,,,,,,,,,,,,,,,,,,,,,,,,
1732469575519,00007,12,0,0,2,7,8.665092,64.000000,,,,,,,,,,,,,,,,,,,,,,,,
1732469575519,00008,12,0,0,2,8,19.269483,85.000000,,,,,,,,,,,,,,,,,,,,,,,,
1732469575519,00009,12,0,0,2,9,29.020929,105.000000,,,,,,,,,,,,,,,,,,,,,,,,
1732469575519,00010,12,0,0,2,10,12.208904,71.000000,,,,,,,,,,,,,,,,,,,,,,,,
1732469575519,00011,12,0,0,2,11,13.110676,73.000000,,,,,,,,,,,,,,,,,,,,,,,,
1732469575519,00012,12,0,0,2,12,31.569162,110.000000,,,,,,,,,,,,,,,,,,,,,,,,
1732469575619,00001,12,0,0,2,1,25.109480,97.000000,,,,,,,,,,,,,,,,,,,,,,,,
1732469575619,00002,12,0,0,2,2,13.309726,73.000000,,,,,,,,,,,,,,,,,,,,,,,,
1732469575619,00003,12,0,0,2,3,12.011149,71.000000,,,,,,,,,,,,,,,,,,,,,,,,
1732469575619,00004,12,0,0,2,4,4.586086,56.000000,,,,,,,,,,,,,,,,,,,,,,,,
1732469575619,00005,12,0,0,2,5,17.455433,82.000000,,,,,,,,,,,,,,,,,,,,,,,,
1732469575619,00006,12,0,0,2,6,24.672683,96.000000,,,,,,,,,,,,,,,,,,,,,,,,
1732469575619,00007,12,0,0,2,7,7.996502,62.000000,,,,,,,,,,,,,,,,,,,,,,,,
1732469575619,00008,12,0,0,2,8,18.327940,83.000000,,,,,,,,,,,,,,,,,,,,,,,,
1732469575619,00009,12,0,0,2,9,29.233563,105.000000,,,,,,,,,,,,,,,,,,,,,,,,
1732469575619,00010,12,0,0,2,10,9.529589,66.000000,,,,,,,,,,,,,,,,,,,,,,,,
1732469575619,00011,12,0,0,2,11,12.509310,72.000000,,,,,,,,,,,,,,,,,,,,,,,,
1732469575619,00012,12,0,0,2,12,37.458087,122.000000,,,,,,,,,,,,,,,,,,,,,,,,
1732469575719,00001,12,0,0,2,1,27.929665,103.000000,,,,,,,,,,,,,,,,,,,,,,,,
1732469575719,00002,12,0,0,2,2,13.178104,73.000000,,,,,,,,,,,,,,,,,,,,,,,,
1732469575719,00003,12,0,0,2,3,13.192963,73.000000,,,,,,,,,,,,,,,,,,,,,,,,
1732469575719,00004,12,0,0,2,4,4.767544,56.000000,,,,,,,,,,,,,,,,,,,,,,,,
1732469575719,00005,12,0,0,2,5,18.621930,84.000000,,,,,,,,,,,,,,,,,,,,,,,,
1732469575719,00006,12,0,0,2,6,27.635274,102.000000,,,,,,,,,,,,,,,,,,,,,,,,
1732469575719,00007,12,0,0,2,7,8.980174,64.000000,,,,,,,,,,,,,,,,,,,,,,,,
1732469575719,00008,12,0,0,2,8,18.735284,84.000000,,,,,,,,,,,,,,,,,,,,,,,,
1732469575719,00009,12,0,0,2,9,29.994806,107.000000,,,,,,,,,,,,,,,,,,,,,,,,
1732469575719,00010,12,0,0,2,10,8.398435,63.000000,,,,,,,,,,,,,,,,,,,,,,,,
1732469575719,00011,12,0,0,2,11,12.552696,72.000000,,,,,,,,,,,,,,,,,,,,,,,,
1732469575719,00012,12,0,0,2,12,35.526937,118.000000,,,,,,,,,,,,,,,,,,,,,,,,
1732469575819,00001,12,0,0,2,1,28.044540,103.000000,,,,,,,,,,,,,,,,,,,,,,,,
1732469575819,00002,12,0,0,2,2,13.302205,73.000000,,,,,,,,,,,,,,,,,,,,,,,,
1732469575819,00003,12,0,0,2,3,11.348583,69.000000,,,,,,,,,,,,,,,,,,,,,,,,
1732469575819,00004,12,0,0,2,4,5.217532,57.000000,,,,,,,,,,,,,,,,,,,,,,,,
1732469575819,00005,12,0,0,2,5,16.950416,81.000000,,,,,,,,,,,,,,,,,,,,,,,,
1732469575819,00006,12,0,0,2,6,26.132633,99.000000,,,,,,,,,,,,,,,,,,,,,,,,
1732469575819,00007,12,0,0,2,7,7.660865,62.000000,,,,,,,,,,,,,,,,,,,,,,,,
1732469575819,00008,12,0,0,2,8,20.209762,87.000000,,,,,,,,,,,,,,,,,,,,,,,,
1732469575819,00009,12,0,0,2,9,28.189825,103.000000,,,,,,,,,,,,,,,,,,,,,,,,
1732469575819,00010,12,0,0,2,10,12.981618,73.000000,,,,,,,,,,,,,,,,,,,,,,,,
1732469575819,00011,12,0,0,2,11,12.945464,72.000000,,,,,,,,,,,,,,,,,,,,,,,,
1732469575819,00012,12,0,0,2,12,36.548666,120.000000,,,,,,,,,,,,,,,,,,,,,,,,
