timestamp,ueImsiComplete,DRB.PdcpSduDelayDl (cellAverageLatency),m_pDCPBytesUL (0),m_pDCPBytesDL (cellDlTxVolume),DRB.PdcpSduVolumeDl_Filter.UEID (txBytes),Tot.PdcpSduNbrDl.UEID (txDlPackets),DRB.PdcpSduBitRateDl.UEID (pdcpThroughput),DRB.PdcpSduDelayDl.UEID (pdcpLatency),QosFlow.PdcpPduVolumeDL_Filter.UEID(txPdcpPduBytesNrRlc),DRB.PdcpPduNbrDl.Qos.UEID (txPdcpPduNrRlc)
1732451190844,00003,0.000000,0,0.000000,0.000000,0,0.000000,0.000000,,
1732451190844,00002,0.000000,0,0.000000,0.000000,0,0.000000,0.000000,,
1732451190844,00001,0.000000,0,0.000000,0.000000,0,0.000000,0.000000,,
1732451190844,00004,0.000000,0,0.000000,0.000000,0,0.000000,0.000000,,
1732451190944,00003,101.568322,0,7503.680000,1875.920000,179,18759.200000,120.316261,,
1732451190944,00002,101.568322,0,7503.680000,1875.920000,179,18759.200000,113.608372,,
1732451190944,00001,101.568322,0,7503.680000,1875.920000,179,18759.200000,86.855067,,
1732451190944,00004,101.568322,0,7503.680000,1875.920000,179,18759.200000,85.493587,,
1732451191044,00003,96.573858,0,8384.000000,2096.000000,200,20960.000000,146.155368,,
1732451191044,00002,96.573858,0,8384.000000,2096.000000,200,20960.000000,80.298186,,
1732451191044,00001,96.573858,0,8384.000000,2096.000000,200,20960.000000,108.282063,,
1732451191044,00004,96.573858,0,8384.000000,2096.000000,200,20960.000000,51.559817,,
1732451191144,00003,70.521308,0,8384.000000,2096.000000,200,20960.000000,144.456839,,
1732451191144,00002,70.521308,0,8384.000000,2096.000000,200,20960.000000,117.217401,,
1732451191144,00001,70.521308,0,8384.000000,2096.000000,200,20960.000000,10.276341,,
1732451191144,00004,70.521308,0,8384.000000,2096.000000,200,20960.000000,10.134650,,
1732451191244,00003,70.835517,0,8384.000000,2096.000000,200,20960.000000,74.885248,,
1732451191244,00002,70.835517,0,8384.000000,2096.000000,200,20960.000000,148.386974,,
1732451191244,00001,70.835517,0,8384.000000,2096.000000,200,20960.000000,27.911656,,
1732451191244,00004,70.835517,0,8384.000000,2096.000000,200,20960.000000,32.158188,,
1732451191344,00003,62.324802,0,8384.000000,2096.000000,200,20960.000000,107.617247,,
1732451191344,00002,62.324802,0,8384.000000,2096.000000,200,20960.000000,121.158109,,
1732451191344,00001,62.324802,0,8384.000000,2096.000000,200,20960.000000,10.278127,,
1732451191344,00004,62.324802,0,8384.000000,2096.000000,200,20960.000000,10.245727,,
1732451191444,00003,62.749208,0,8384.000000,2096.000000,200,20960.000000,97.198038,,
1732451191444,00002,62.749208,0,8384.000000,2096.000000,200,20960.000000,122.093986,,
1732451191444,00001,62.749208,0,8384.000000,2096.000000,200,20960.000000,15.868604,,
1732451191444,00004,62.749208,0,8384.000000,2096.000000,200,20960.000000,15.836204,,
1732451191544,00003,47.820633,0,8384.000000,2096.000000,200,20960.000000,14.793135,,
1732451191544,00002,47.820633,0,8384.000000,2096.000000,200,20960.000000,155.261976,,
1732451191544,00001,47.820633,0,8384.000000,2096.000000,200,20960.000000,10.629910,,
1732451191544,00004,47.820633,0,8384.000000,2096.000000,200,20960.000000,10.597510,,
1732451191644,00003,106.015667,0,8384.000000,2096.000000,200,20960.000000,99.063127,,
1732451191644,00002,106.015667,0,8384.000000,2096.000000,200,20960.000000,121.419000,,
1732451191644,00001,106.015667,0,8384.000000,2096.000000,200,20960.000000,106.214326,,
1732451191644,00004,106.015667,0,8384.000000,2096.000000,200,20960.000000,97.366217,,
1732451191744,00003,5.128285,0,41.920000,10.480000,1,104.800000,0.000000,,
1732451191744,00002,5.128285,0,41.920000,10.480000,1,104.800000,0.000000,,
1732451191744,00001,5.128285,0,41.920000,10.480000,1,104.800000,10.272770,,
1732451191744,00004,5.128285,0,41.920000,10.480000,1,104.800000,10.240370,,
1732451191844,00003,66.314451,0,8384.000000,2096.000000,200,20960.000000,118.894564,,
1732451191844,00002,66.314451,0,8384.000000,2096.000000,200,20960.000000,108.628985,,
1732451191844,00001,66.314451,0,8384.000000,2096.000000,200,20960.000000,15.868604,,
1732451191844,00004,66.314451,0,8384.000000,2096.000000,200,20960.000000,21.865651,,
1732451191944,00003,97.394094,0,8384.000000,2096.000000,200,20960.000000,104.756934,,
1732451191944,00002,97.394094,0,8384.000000,2096.000000,200,20960.000000,129.645615,,
1732451191944,00001,97.394094,0,8384.000000,2096.000000,200,20960.000000,10.279913,,
1732451191944,00004,97.394094,0,8384.000000,2096.000000,200,20960.000000,144.893914,,
1732451192044,00003,64.133727,0,8384.000000,2096.000000,200,20960.000000,115.609770,,
1732451192044,00002,64.133727,0,8384.000000,2096.000000,200,20960.000000,74.386304,,
1732451192044,00001,64.133727,0,8384.000000,2096.000000,200,20960.000000,10.272770,,
1732451192044,00004,64.133727,0,8384.000000,2096.000000,200,20960.000000,56.266062,,
1732451192144,00003,66.942316,0,8384.000000,2096.000000,200,20960.000000,132.822606,,
1732451192144,00002,66.942316,0,8384.000000,2096.000000,200,20960.000000,104.279029,,
1732451192144,00001,66.942316,0,8384.000000,2096.000000,200,20960.000000,10.272770,,
1732451192144,00004,66.942316,0,8384.000000,2096.000000,200,20960.000000,20.394859,,
1732451192244,00003,62.918675,0,8384.000000,2096.000000,200,20960.000000,104.898759,,
1732451192244,00002,62.918675,0,8384.000000,2096.000000,200,20960.000000,114.265175,,
1732451192244,00001,62.918675,0,8384.000000,2096.000000,200,20960.000000,10.097771,,
1732451192244,00004,62.918675,0,8384.000000,2096.000000,200,20960.000000,22.412996,,
1732451192344,00003,108.362351,0,8384.000000,2096.000000,200,20960.000000,117.270220,,
1732451192344,00002,108.362351,0,8384.000000,2096.000000,200,20960.000000,111.181338,,
1732451192344,00001,108.362351,0,8384.000000,2096.000000,200,20960.000000,93.158003,,
1732451192344,00004,108.362351,0,8384.000000,2096.000000,200,20960.000000,111.839842,,
1732451192444,00003,76.038958,0,8384.000000,2096.000000,200,20960.000000,148.071373,,
1732451192444,00002,76.038958,0,8384.000000,2096.000000,200,20960.000000,91.004996,,
1732451192444,00001,76.038958,0,8384.000000,2096.000000,200,20960.000000,27.415627,,
1732451192444,00004,76.038958,0,8384.000000,2096.000000,200,20960.000000,37.663837,,
1732451192544,00003,93.595177,0,8384.000000,2096.000000,200,20960.000000,127.836207,,
1732451192544,00002,93.595177,0,8384.000000,2096.000000,200,20960.000000,109.520825,,
1732451192544,00001,93.595177,0,8384.000000,2096.000000,200,20960.000000,40.783786,,
1732451192544,00004,93.595177,0,8384.000000,2096.000000,200,20960.000000,96.239892,,
1732451192644,00003,76.967512,0,8384.000000,2096.000000,200,20960.000000,107.382435,,
1732451192644,00002,76.967512,0,8384.000000,2096.000000,200,20960.000000,111.358725,,
1732451192644,00001,76.967512,0,8384.000000,2096.000000,200,20960.000000,26.223684,,
1732451192644,00004,76.967512,0,8384.000000,2096.000000,200,20960.000000,62.905202,,
1732451192744,00003,2.523550,0,41.920000,10.480000,1,104.800000,0.000000,,
1732451192744,00002,2.523550,0,41.920000,10.480000,1,104.800000,0.000000,,
1732451192744,00001,2.523550,0,41.920000,10.480000,1,104.800000,10.094200,,
1732451192744,00004,2.523550,0,41.920000,10.480000,1,104.800000,0.000000,,
1732451192844,00003,97.899505,0,8384.000000,2096.000000,200,20960.000000,112.476783,,
1732451192844,00002,97.899505,0,8384.000000,2096.000000,200,20960.000000,106.693499,,
1732451192844,00001,97.899505,0,8384.000000,2096.000000,200,20960.000000,149.059717,,
1732451192844,00004,97.899505,0,8384.000000,2096.000000,200,20960.000000,23.368022,,
1732451192944,00003,80.288630,0,8384.000000,2096.000000,200,20960.000000,61.808820,,
1732451192944,00002,80.288630,0,8384.000000,2096.000000,200,20960.000000,134.901699,,
1732451192944,00001,80.288630,0,8384.000000,2096.000000,200,20960.000000,61.472771,,
1732451192944,00004,80.288630,0,8384.000000,2096.000000,200,20960.000000,62.971229,,
1732451193044,00003,58.580328,0,8384.000000,2096.000000,200,20960.000000,97.934065,,
1732451193044,00002,58.580328,0,8384.000000,2096.000000,200,20960.000000,115.865180,,
1732451193044,00001,58.580328,0,8384.000000,2096.000000,200,20960.000000,10.272770,,
1732451193044,00004,58.580328,0,8384.000000,2096.000000,200,20960.000000,10.249298,,
1732451193144,00003,104.223444,0,8384.000000,2096.000000,200,20960.000000,75.515096,,
1732451193144,00002,104.223444,0,8384.000000,2096.000000,200,20960.000000,123.140306,,
1732451193144,00001,104.223444,0,8384.000000,2096.000000,200,20960.000000,105.100623,,
1732451193144,00004,104.223444,0,8384.000000,2096.000000,200,20960.000000,113.137752,,
1732451193244,00003,89.270023,0,8384.000000,2096.000000,200,20960.000000,109.601016,,
1732451193244,00002,89.270023,0,8384.000000,2096.000000,200,20960.000000,125.363125,,
1732451193244,00001,89.270023,0,8384.000000,2096.000000,200,20960.000000,90.915457,,
1732451193244,00004,89.270023,0,8384.000000,2096.000000,200,20960.000000,31.200492,,
1732451193344,00003,111.572958,0,8384.000000,2096.000000,200,20960.000000,106.452839,,
1732451193344,00002,111.572958,0,8384.000000,2096.000000,200,20960.000000,88.450749,,
1732451193344,00001,111.572958,0,8384.000000,2096.000000,200,20960.000000,137.817410,,
1732451193344,00004,111.572958,0,8384.000000,2096.000000,200,20960.000000,113.570834,,
1732451193444,00003,89.589395,0,8384.000000,2096.000000,200,20960.000000,120.267407,,
1732451193444,00002,89.589395,0,8384.000000,2096.000000,200,20960.000000,123.117902,,
1732451193444,00001,89.589395,0,8384.000000,2096.000000,200,20960.000000,88.619328,,
1732451193444,00004,89.589395,0,8384.000000,2096.000000,200,20960.000000,26.352943,,
1732451193544,00003,71.089989,0,8384.000000,2096.000000,200,20960.000000,89.374368,,
1732451193544,00002,71.089989,0,8384.000000,2096.000000,200,20960.000000,138.294221,,
1732451193544,00001,71.089989,0,8384.000000,2096.000000,200,20960.000000,24.418730,,
1732451193544,00004,71.089989,0,8384.000000,2096.000000,200,20960.000000,32.272638,,
1732451193644,00003,73.659031,0,8384.000000,2096.000000,200,20960.000000,106.677265,,
1732451193644,00002,73.659031,0,8384.000000,2096.000000,200,20960.000000,126.195726,,
1732451193644,00001,73.659031,0,8384.000000,2096.000000,200,20960.000000,27.823788,,
1732451193644,00004,73.659031,0,8384.000000,2096.000000,200,20960.000000,33.939347,,
1732451193744,00003,2.657478,0,41.920000,10.480000,1,104.800000,0.000000,,
1732451193744,00002,2.657478,0,41.920000,10.480000,1,104.800000,0.000000,,
1732451193744,00001,2.657478,0,41.920000,10.480000,1,104.800000,10.629910,,
1732451193744,00004,2.657478,0,41.920000,10.480000,1,104.800000,0.000000,,
1732451193844,00003,88.376303,0,8384.000000,2096.000000,200,20960.000000,139.242850,,
1732451193844,00002,88.376303,0,8384.000000,2096.000000,200,20960.000000,138.166110,,
1732451193844,00001,88.376303,0,8384.000000,2096.000000,200,20960.000000,40.291368,,
1732451193844,00004,88.376303,0,8384.000000,2096.000000,200,20960.000000,35.804883,,
1732451193944,00003,68.500743,0,8384.000000,2096.000000,200,20960.000000,111.117138,,
1732451193944,00002,68.500743,0,8384.000000,2096.000000,200,20960.000000,134.394402,,
1732451193944,00001,68.500743,0,8384.000000,2096.000000,200,20960.000000,10.629910,,
1732451193944,00004,68.500743,0,8384.000000,2096.000000,200,20960.000000,17.861521,,
1732451194044,00003,82.016799,0,8384.000000,2096.000000,200,20960.000000,126.215460,,
1732451194044,00002,82.016799,0,8384.000000,2096.000000,200,20960.000000,128.245997,,
1732451194044,00001,82.016799,0,8384.000000,2096.000000,200,20960.000000,25.937602,,
1732451194044,00004,82.016799,0,8384.000000,2096.000000,200,20960.000000,47.668136,,
1732451194144,00003,74.370614,0,8384.000000,2096.000000,200,20960.000000,119.904614,,
1732451194144,00002,74.370614,0,8384.000000,2096.000000,200,20960.000000,113.671180,,
1732451194144,00001,74.370614,0,8384.000000,2096.000000,200,20960.000000,10.292413,,
1732451194144,00004,74.370614,0,8384.000000,2096.000000,200,20960.000000,53.614249,,
1732451194244,00003,106.724301,0,8384.000000,2096.000000,200,20960.000000,126.326572,,
1732451194244,00002,106.724301,0,8384.000000,2096.000000,200,20960.000000,100.527023,,
1732451194244,00001,106.724301,0,8384.000000,2096.000000,200,20960.000000,107.229457,,
1732451194244,00004,106.724301,0,8384.000000,2096.000000,200,20960.000000,92.814151,,
1732451194344,00003,105.047817,0,8384.000000,2096.000000,200,20960.000000,99.110356,,
1732451194344,00002,105.047817,0,8384.000000,2096.000000,200,20960.000000,134.702896,,
1732451194344,00001,105.047817,0,8384.000000,2096.000000,200,20960.000000,155.808480,,
1732451194344,00004,105.047817,0,8384.000000,2096.000000,200,20960.000000,30.569536,,
1732451194444,00003,91.864050,0,8384.000000,2096.000000,200,20960.000000,70.230452,,
1732451194444,00002,91.864050,0,8384.000000,2096.000000,200,20960.000000,141.838329,,
1732451194444,00001,91.864050,0,8384.000000,2096.000000,200,20960.000000,44.065489,,
1732451194444,00004,91.864050,0,8384.000000,2096.000000,200,20960.000000,111.321928,,
1732451194544,00003,85.558183,0,8384.000000,2096.000000,200,20960.000000,116.976526,,
1732451194544,00002,85.558183,0,8384.000000,2096.000000,200,20960.000000,104.152527,,
1732451194544,00001,85.558183,0,8384.000000,2096.000000,200,20960.000000,86.500697,,
1732451194544,00004,85.558183,0,8384.000000,2096.000000,200,20960.000000,34.602982,,
1732451194644,00003,87.582573,0,8384.000000,2096.000000,200,20960.000000,93.796146,,
1732451194644,00002,87.582573,0,8384.000000,2096.000000,200,20960.000000,94.634268,,
1732451194644,00001,87.582573,0,8384.000000,2096.000000,200,20960.000000,146.535950,,
1732451194644,00004,87.582573,0,8384.000000,2096.000000,200,20960.000000,15.363928,,
1732451194744,00003,2.827952,0,41.920000,10.480000,1,104.800000,0.000000,,
1732451194744,00002,2.827952,0,41.920000,10.480000,1,104.800000,0.000000,,
1732451194744,00001,2.827952,0,41.920000,10.480000,1,104.800000,0.000000,,
1732451194744,00004,2.827952,0,41.920000,10.480000,1,104.800000,11.311810,,
1732451194844,00003,106.941741,0,8384.000000,2096.000000,200,20960.000000,88.127517,,
1732451194844,00002,106.941741,0,8384.000000,2096.000000,200,20960.000000,153.135351,,
1732451194844,00001,106.941741,0,8384.000000,2096.000000,200,20960.000000,100.407499,,
1732451194844,00004,106.941741,0,8384.000000,2096.000000,200,20960.000000,86.096595,,
1732451194944,00003,98.487272,0,8384.000000,2096.000000,200,20960.000000,117.537474,,
1732451194944,00002,98.487272,0,8384.000000,2096.000000,200,20960.000000,109.618372,,
1732451194944,00001,98.487272,0,8384.000000,2096.000000,200,20960.000000,139.057492,,
1732451194944,00004,98.487272,0,8384.000000,2096.000000,200,20960.000000,27.735751,,
1732451195044,00003,107.199231,0,8384.000000,2096.000000,200,20960.000000,94.860998,,
1732451195044,00002,107.199231,0,8384.000000,2096.000000,200,20960.000000,120.658963,,
1732451195044,00001,107.199231,0,8384.000000,2096.000000,200,20960.000000,62.249190,,
1732451195044,00004,107.199231,0,8384.000000,2096.000000,200,20960.000000,151.027772,,
1732451195144,00003,66.502244,0,8384.000000,2096.000000,200,20960.000000,63.706100,,
1732451195144,00002,66.502244,0,8384.000000,2096.000000,200,20960.000000,131.845308,,
1732451195144,00001,66.502244,0,8384.000000,2096.000000,200,20960.000000,10.115628,,
1732451195144,00004,66.502244,0,8384.000000,2096.000000,200,20960.000000,60.341941,,
1732451195244,00003,107.483447,0,8384.000000,2096.000000,200,20960.000000,135.637273,,
1732451195244,00002,107.483447,0,8384.000000,2096.000000,200,20960.000000,137.846073,,
1732451195244,00001,107.483447,0,8384.000000,2096.000000,200,20960.000000,135.246872,,
1732451195244,00004,107.483447,0,8384.000000,2096.000000,200,20960.000000,21.203571,,
1732451195344,00003,69.454919,0,8384.000000,2096.000000,200,20960.000000,107.356828,,
1732451195344,00002,69.454919,0,8384.000000,2096.000000,200,20960.000000,92.481183,,
1732451195344,00001,69.454919,0,8384.000000,2096.000000,200,20960.000000,65.725215,,
1732451195344,00004,69.454919,0,8384.000000,2096.000000,200,20960.000000,12.256452,,
1732451195444,00003,80.723583,0,8384.000000,2096.000000,200,20960.000000,139.670820,,
1732451195444,00002,80.723583,0,8384.000000,2096.000000,200,20960.000000,108.451976,,
1732451195444,00001,80.723583,0,8384.000000,2096.000000,200,20960.000000,10.363842,,
1732451195444,00004,80.723583,0,8384.000000,2096.000000,200,20960.000000,64.407696,,
1732451195544,00003,92.142909,0,8384.000000,2096.000000,200,20960.000000,81.093371,,
1732451195544,00002,92.142909,0,8384.000000,2096.000000,200,20960.000000,120.144980,,
1732451195544,00001,92.142909,0,8384.000000,2096.000000,200,20960.000000,49.392737,,
1732451195544,00004,92.142909,0,8384.000000,2096.000000,200,20960.000000,117.940549,,
1732451195644,00003,106.380705,0,8384.000000,2096.000000,200,20960.000000,132.862645,,
1732451195644,00002,106.380705,0,8384.000000,2096.000000,200,20960.000000,101.543256,,
1732451195644,00001,106.380705,0,8384.000000,2096.000000,200,20960.000000,51.906506,,
1732451195644,00004,106.380705,0,8384.000000,2096.000000,200,20960.000000,139.210413,,
1732451195744,00003,5.083642,0,41.920000,10.480000,1,104.800000,0.000000,,
1732451195744,00002,5.083642,0,41.920000,10.480000,1,104.800000,0.000000,,
1732451195744,00001,5.083642,0,41.920000,10.480000,1,104.800000,10.094200,,
1732451195744,00004,5.083642,0,41.920000,10.480000,1,104.800000,10.240370,,
1732451195844,00003,74.679415,0,8384.000000,2096.000000,200,20960.000000,116.492533,,
1732451195844,00002,74.679415,0,8384.000000,2096.000000,200,20960.000000,128.392927,,
1732451195844,00001,74.679415,0,8384.000000,2096.000000,200,20960.000000,26.448973,,
1732451195844,00004,74.679415,0,8384.000000,2096.000000,200,20960.000000,27.383227,,
1732451195944,00003,76.329081,0,8384.000000,2096.000000,200,20960.000000,156.347691,,
1732451195944,00002,76.329081,0,8384.000000,2096.000000,200,20960.000000,126.628776,,
1732451195944,00001,76.329081,0,8384.000000,2096.000000,200,20960.000000,10.597767,,
1732451195944,00004,76.329081,0,8384.000000,2096.000000,200,20960.000000,11.742089,,
1732451196044,00003,76.417439,0,8384.000000,2096.000000,200,20960.000000,127.247928,,
1732451196044,00002,76.417439,0,8384.000000,2096.000000,200,20960.000000,138.601260,,
1732451196044,00001,76.417439,0,8384.000000,2096.000000,200,20960.000000,10.628124,,
1732451196044,00004,76.417439,0,8384.000000,2096.000000,200,20960.000000,29.192445,,
1732451196144,00003,104.938397,0,8384.000000,2096.000000,200,20960.000000,106.046629,,
1732451196144,00002,104.938397,0,8384.000000,2096.000000,200,20960.000000,114.307304,,
1732451196144,00001,104.938397,0,8384.000000,2096.000000,200,20960.000000,119.956521,,
1732451196144,00004,104.938397,0,8384.000000,2096.000000,200,20960.000000,79.443134,,
1732451196244,00003,97.457053,0,8384.000000,2096.000000,200,20960.000000,80.539547,,
1732451196244,00002,97.457053,0,8384.000000,2096.000000,200,20960.000000,109.411134,,
1732451196244,00001,97.457053,0,8384.000000,2096.000000,200,20960.000000,153.474524,,
1732451196244,00004,97.457053,0,8384.000000,2096.000000,200,20960.000000,46.403006,,
1732451196344,00003,106.037787,0,8384.000000,2096.000000,200,20960.000000,107.743644,,
1732451196344,00002,106.037787,0,8384.000000,2096.000000,200,20960.000000,118.868051,,
1732451196344,00001,106.037787,0,8384.000000,2096.000000,200,20960.000000,62.195568,,
1732451196344,00004,106.037787,0,8384.000000,2096.000000,200,20960.000000,135.343887,,
1732451196444,00003,88.495174,0,8384.000000,2096.000000,200,20960.000000,111.482090,,
1732451196444,00002,88.495174,0,8384.000000,2096.000000,200,20960.000000,118.986823,,
1732451196444,00001,88.495174,0,8384.000000,2096.000000,200,20960.000000,36.735535,,
1732451196444,00004,88.495174,0,8384.000000,2096.000000,200,20960.000000,86.776248,,
1732451196544,00003,114.607792,0,8384.000000,2096.000000,200,20960.000000,150.709351,,
1732451196544,00002,114.607792,0,8384.000000,2096.000000,200,20960.000000,143.950354,,
1732451196544,00001,114.607792,0,8384.000000,2096.000000,200,20960.000000,129.372934,,
1732451196544,00004,114.607792,0,8384.000000,2096.000000,200,20960.000000,34.398530,,
1732451196644,00003,84.509156,0,8384.000000,2096.000000,200,20960.000000,135.751173,,
1732451196644,00002,84.509156,0,8384.000000,2096.000000,200,20960.000000,129.339354,,
1732451196644,00001,84.509156,0,8384.000000,2096.000000,200,20960.000000,45.283675,,
1732451196644,00004,84.509156,0,8384.000000,2096.000000,200,20960.000000,27.662423,,
1732451196744,00003,0.000000,0,41.920000,10.480000,1,104.800000,0.000000,,
1732451196744,00002,0.000000,0,41.920000,10.480000,1,104.800000,0.000000,,
1732451196744,00001,0.000000,0,41.920000,10.480000,1,104.800000,0.000000,,
1732451196744,00004,0.000000,0,41.920000,10.480000,1,104.800000,0.000000,,
1732451196844,00003,89.665280,0,8384.000000,2096.000000,200,20960.000000,100.179311,,
1732451196844,00002,89.665280,0,8384.000000,2096.000000,200,20960.000000,145.546954,,
1732451196844,00001,89.665280,0,8384.000000,2096.000000,200,20960.000000,45.281271,,
1732451196844,00004,89.665280,0,8384.000000,2096.000000,200,20960.000000,67.653585,,
1732451196944,00003,75.287333,0,8384.000000,2096.000000,200,20960.000000,142.142873,,
1732451196944,00002,75.287333,0,8384.000000,2096.000000,200,20960.000000,138.457603,,
1732451196944,00001,75.287333,0,8384.000000,2096.000000,200,20960.000000,10.292413,,
1732451196944,00004,75.287333,0,8384.000000,2096.000000,200,20960.000000,10.256441,,
1732451197044,00003,115.968155,0,8384.000000,2096.000000,200,20960.000000,97.036889,,
1732451197044,00002,115.968155,0,8384.000000,2096.000000,200,20960.000000,123.835883,,
1732451197044,00001,115.968155,0,8384.000000,2096.000000,200,20960.000000,123.307099,,
1732451197044,00004,115.968155,0,8384.000000,2096.000000,200,20960.000000,119.692748,,
1732451197144,00003,74.068495,0,8384.000000,2096.000000,200,20960.000000,76.572853,,
1732451197144,00002,74.068495,0,8384.000000,2096.000000,200,20960.000000,111.857780,,
1732451197144,00001,74.068495,0,8384.000000,2096.000000,200,20960.000000,47.265855,,
1732451197144,00004,74.068495,0,8384.000000,2096.000000,200,20960.000000,60.577490,,
1732451197244,00003,60.783403,0,8384.000000,2096.000000,200,20960.000000,134.294668,,
1732451197244,00002,60.783403,0,8384.000000,2096.000000,200,20960.000000,69.983972,,
1732451197244,00001,60.783403,0,8384.000000,2096.000000,200,20960.000000,10.629910,,
1732451197244,00004,60.783403,0,8384.000000,2096.000000,200,20960.000000,28.225061,,
1732451197344,00003,64.155761,0,8384.000000,2096.000000,200,20960.000000,97.688432,,
1732451197344,00002,64.155761,0,8384.000000,2096.000000,200,20960.000000,85.419988,,
1732451197344,00001,64.155761,0,8384.000000,2096.000000,200,20960.000000,15.576072,,
1732451197344,00004,64.155761,0,8384.000000,2096.000000,200,20960.000000,57.938551,,
1732451197444,00003,89.850353,0,8384.000000,2096.000000,200,20960.000000,116.168980,,
1732451197444,00002,89.850353,0,8384.000000,2096.000000,200,20960.000000,74.338423,,
1732451197444,00001,89.850353,0,8384.000000,2096.000000,200,20960.000000,36.515249,,
1732451197444,00004,89.850353,0,8384.000000,2096.000000,200,20960.000000,132.378760,,
