% start	end	CellId	IMSI	RNTI	LCID	nTxPDUs	TxBytes	nRxPDUs	RxBytes	delay	stdDev	min	max	PduSize	stdDev	min	max
0	0.25	1	1	3	3	278	364180	200	262000	0.0106533	0.00592332	0.00102728	0.0205273	1310	0	1310	1310	
0	0.25	1	2	2	3	278	364180	207	271170	0.0105753	0.00641747	0.00129405	0.0227226	1310	0	1310	1310	
0	0.25	1	3	1	3	278	364180	165	216150	0.0139226	0.00534624	0.00132869	0.0242215	1310	0	1310	1310	
0	0.25	1	4	4	3	278	364180	256	335360	0.00825158	0.00597083	0.00105975	0.0205598	1310	0	1310	1310	
0.25	0.5	1	1	3	3	500	655000	508	665480	0.00344021	0.0051164	0.00100942	0.0210273	1310	0	1310	1310	
0.25	0.5	1	2	2	3	500	655000	292	382520	0.01177	0.00530374	0.00132977	0.0212226	1310	0	1310	1310	
0.25	0.5	1	3	1	3	500	655000	396	518760	0.0108503	0.00617006	0.00118583	0.0237215	1310	0	1310	1310	
0.25	0.5	1	4	4	3	500	655000	496	649760	0.00195578	0.00268309	0.00100618	0.0170598	1310	0	1310	1310	
0.5	0.75	1	1	3	3	500	655000	499	653690	0.00125781	0.00117823	0.00102728	0.0110273	1310	0	1310	1310	
0.5	0.75	1	2	2	3	500	655000	245	320950	0.0125305	0.00433281	0.00172263	0.0207048	1310	0	1310	1310	
0.5	0.75	1	3	1	3	500	655000	426	558060	0.0082249	0.0063569	0.00118583	0.0212037	1310	0	1310	1310	
0.5	0.75	1	4	4	3	500	655000	499	653690	0.00125457	0.00117823	0.00102404	0.011024	1310	0	1310	1310	
0.75	1	1	1	3	3	500	655000	477	624870	0.00529772	0.00616403	0.00102728	0.021063	1310	0	1310	1310	
0.75	1	1	2	2	3	500	655000	311	407410	0.0108494	0.0060618	0.00120477	0.0222226	1310	0	1310	1310	
0.75	1	1	3	1	3	500	655000	347	454570	0.00869298	0.0065862	0.00120369	0.0222215	1310	0	1310	1310	
0.75	1	1	4	4	3	500	655000	477	624870	0.00501865	0.00586607	0.00102404	0.0205598	1310	0	1310	1310	
1	1.25	1	1	3	3	500	655000	499	653690	0.00125072	0.00117949	0.00102728	0.0110273	1310	0	1310	1310	
1	1.25	1	2	2	3	500	655000	371	486010	0.0114319	0.00506306	0.00116906	0.0207226	1310	0	1310	1310	
1	1.25	1	3	1	3	500	655000	367	480770	0.0109661	0.0049857	0.00122155	0.0212215	1310	0	1310	1310	
1	1.25	1	4	4	3	500	655000	435	569850	0.0070779	0.00652206	0.00102404	0.0209883	1310	0	1310	1310	
1.25	1.5	1	1	3	3	500	655000	500	655000	0.00102031	8.71847e-06	0.00100942	0.00102728	1310	0	1310	1310	
1.25	1.5	1	2	2	3	500	655000	337	441470	0.00919057	0.00526575	0.00116906	0.0202048	1310	0	1310	1310	
1.25	1.5	1	3	1	3	500	655000	336	440160	0.0120769	0.00437251	0.00132869	0.0211858	1310	0	1310	1310	
1.25	1.5	1	4	4	3	500	655000	495	648450	0.00216459	0.00239759	0.00105975	0.0110776	1310	0	1310	1310	
1.5	1.75	1	1	3	3	500	655000	470	615700	0.00609456	0.00608232	0.00100942	0.0205094	1310	0	1310	1310	
1.5	1.75	1	2	2	3	500	655000	373	488630	0.00959207	0.00625873	0.00120477	0.0222226	1310	0	1310	1310	
1.5	1.75	1	3	1	3	500	655000	364	476840	0.0134524	0.00578169	0.00132869	0.0282215	1310	0	1310	1310	
1.5	1.75	1	4	4	3	500	655000	422	552820	0.00758865	0.00630915	0.00105975	0.0205598	1310	0	1310	1310	
1.75	2	1	1	3	3	500	655000	495	648450	0.00168114	0.00269911	0.00100942	0.019063	1310	0	1310	1310	
1.75	2	1	2	2	3	500	655000	323	423130	0.0129672	0.00474839	0.00132977	0.0231691	1310	0	1310	1310	
1.75	2	1	3	1	3	500	655000	367	480770	0.0108981	0.005817	0.0012394	0.0252215	1310	0	1310	1310	
1.75	2	1	4	4	3	500	655000	440	576400	0.00830228	0.00657704	0.00105975	0.0210598	1310	0	1310	1310	
2	2.25	1	1	3	3	500	655000	358	468980	0.00613607	0.00699183	0.00100942	0.0210094	1310	0	1310	1310	
2	2.25	1	2	2	3	500	655000	293	383830	0.0123252	0.00504029	0.00132977	0.0227226	1310	0	1310	1310	
2	2.25	1	3	1	3	500	655000	401	525310	0.0084768	0.00618331	0.00120369	0.0237215	1310	0	1310	1310	
2	2.25	1	4	4	3	500	655000	482	631420	0.00355471	0.00513025	0.00102404	0.020024	1310	0	1310	1310	
2.25	2.5	1	1	3	3	500	655000	452	592120	0.0077258	0.0064479	0.00100942	0.0210094	1310	0	1310	1310	
2.25	2.5	1	2	2	3	500	655000	330	432300	0.0119237	0.00449049	0.00132977	0.0221869	1310	0	1310	1310	
2.25	2.5	1	3	1	3	500	655000	411	538410	0.00968748	0.0054935	0.00132869	0.0202215	1310	0	1310	1310	
2.25	2.5	1	4	4	3	500	655000	465	609150	0.0051715	0.00586307	0.00100618	0.0210598	1310	0	1310	1310	
2.5	2.75	1	1	3	3	500	655000	407	533170	0.00888609	0.00586176	0.00106299	0.020563	1310	0	1310	1310	
2.5	2.75	1	2	2	3	500	655000	326	427060	0.0110919	0.00518401	0.00125834	0.0222226	1310	0	1310	1310	
2.5	2.75	1	3	1	3	500	655000	364	476840	0.0105259	0.00590424	0.00118583	0.0227215	1310	0	1310	1310	
2.5	2.75	1	4	4	3	500	655000	481	630110	0.00599363	0.00584784	0.00100618	0.0205062	1310	0	1310	1310	
2.75	3	1	1	3	3	500	655000	495	648450	0.00195455	0.00295909	0.00102728	0.019063	1310	0	1310	1310	
2.75	3	1	2	2	3	500	655000	311	407410	0.0122683	0.00487571	0.00132977	0.0217226	1310	0	1310	1310	
2.75	3	1	3	1	3	500	655000	397	520070	0.0103984	0.00539582	0.00118583	0.0212215	1310	0	1310	1310	
2.75	3	1	4	4	3	500	655000	401	525310	0.00605726	0.00650038	0.00105975	0.0210598	1310	0	1310	1310	
3	3.25	1	1	3	3	500	655000	487	637970	0.00284533	0.00433771	0.00106299	0.020063	1310	0	1310	1310	
3	3.25	1	2	2	3	500	655000	325	425750	0.0131488	0.00411138	0.00172263	0.0232226	1310	0	1310	1310	
3	3.25	1	3	1	3	500	655000	376	492560	0.0122727	0.0050089	0.00132869	0.0227215	1310	0	1310	1310	
3	3.25	1	4	4	3	500	655000	513	672030	0.00303911	0.00416053	0.00105975	0.0210598	1310	0	1310	1310	
3.25	3.5	1	1	3	3	500	655000	442	579020	0.00412929	0.00574315	0.00102728	0.0205808	1310	0	1310	1310	
3.25	3.5	1	2	2	3	500	655000	374	489940	0.0113496	0.00571925	0.00118691	0.0217226	1310	0	1310	1310	
3.25	3.5	1	3	1	3	500	655000	328	429680	0.0125304	0.00456711	0.00132869	0.0217037	1310	0	1310	1310	
3.25	3.5	1	4	4	3	500	655000	455	596050	0.00677286	0.00601451	0.00100618	0.0210776	1310	0	1310	1310	
3.5	3.75	1	1	3	3	500	655000	394	516140	0.00802202	0.00743085	0.00102728	0.0205808	1310	0	1310	1310	
3.5	3.75	1	2	2	3	500	655000	309	404790	0.0128217	0.00400454	0.00322263	0.0217226	1310	0	1310	1310	
3.5	3.75	1	3	1	3	500	655000	432	565920	0.00922324	0.00569814	0.00132869	0.0214715	1310	0	1310	1310	
3.5	3.75	1	4	4	3	500	655000	466	610460	0.00590122	0.00571758	0.000988323	0.0200598	1310	0	1310	1310	
3.75	4	1	1	3	3	500	655000	315	412650	0.015182	0.00298898	0.00856299	0.021063	1310	0	1310	1310	
3.75	4	1	2	2	3	500	655000	401	525310	0.0100633	0.00578671	0.00132977	0.0237226	1310	0	1310	1310	
3.75	4	1	3	1	3	500	655000	344	450640	0.00982796	0.00548168	0.00120369	0.0231323	1310	0	1310	1310	
3.75	4	1	4	4	3	500	655000	495	648450	0.00237707	0.00321521	0.000988323	0.0180776	1310	0	1310	1310	
4	4.25	1	1	3	3	500	655000	416	544960	0.0116688	0.00594455	0.00102728	0.0210273	1310	0	1310	1310	
4	4.25	1	2	2	3	500	655000	323	423130	0.0124579	0.0058606	0.0012762	0.0217226	1310	0	1310	1310	
4	4.25	1	3	1	3	500	655000	418	547580	0.00963619	0.00558741	0.00125726	0.0222215	1310	0	1310	1310	
4	4.25	1	4	4	3	500	655000	444	581640	0.00620953	0.0062737	0.00102404	0.0210598	1310	0	1310	1310	
4.25	4.5	1	1	3	3	500	655000	432	565920	0.00481808	0.00618621	0.00100942	0.0205094	1310	0	1310	1310	
4.25	4.5	1	2	2	3	500	655000	311	407410	0.013533	0.00587367	0.00122263	0.0292941	1310	0	1310	1310	
4.25	4.5	1	3	1	3	500	655000	398	521380	0.00976139	0.00717674	0.00120369	0.0302215	1310	0	1310	1310	
4.25	4.5	1	4	4	3	500	655000	487	637970	0.00591983	0.00644403	0.00105975	0.021024	1310	0	1310	1310	
4.5	4.75	1	1	3	3	500	655000	488	639280	0.00483813	0.00611247	0.00102728	0.0210273	1310	0	1310	1310	
4.5	4.75	1	2	2	3	500	655000	341	446710	0.00998043	0.00532055	0.00132977	0.0237048	1310	0	1310	1310	
4.5	4.75	1	3	1	3	500	655000	361	472910	0.0116921	0.00583534	0.00132869	0.0264894	1310	0	1310	1310	
4.5	4.75	1	4	4	3	500	655000	459	601290	0.00494849	0.0060879	0.00102404	0.0210062	1310	0	1310	1310	
4.75	5	1	1	3	3	500	655000	488	639280	0.0026323	0.00432882	0.00100942	0.020063	1310	0	1310	1310	
4.75	5	1	2	2	3	500	655000	302	395620	0.0118509	0.00584563	0.00122263	0.0257226	1310	0	1310	1310	
4.75	5	1	3	1	3	500	655000	409	535790	0.00811314	0.00685051	0.00120369	0.0272215	1310	0	1310	1310	
4.75	5	1	4	4	3	500	655000	458	599980	0.00855102	0.00663888	0.00102404	0.0210598	1310	0	1310	1310	
5	5.25	1	1	3	3	500	655000	496	649760	0.00168662	0.00257053	0.00100942	0.0179916	1310	0	1310	1310	
5	5.25	1	2	2	3	500	655000	340	445400	0.0128079	0.0041333	0.00322263	0.0212226	1310	0	1310	1310	
5	5.25	1	3	1	3	500	655000	320	419200	0.0133779	0.00494502	0.00120369	0.0212215	1310	0	1310	1310	
5	5.25	1	4	4	3	500	655000	490	641900	0.00261405	0.00382743	0.00102404	0.0190598	1310	0	1310	1310	
5.25	5.5	1	1	3	3	500	655000	346	453260	0.00990868	0.00703622	0.00102728	0.0210273	1310	0	1310	1310	
5.25	5.5	1	2	2	3	500	655000	334	437540	0.0118198	0.00499633	0.00122263	0.0217226	1310	0	1310	1310	
5.25	5.5	1	3	1	3	500	655000	405	530550	0.0100283	0.00549446	0.00132869	0.0247215	1310	0	1310	1310	
5.25	5.5	1	4	4	3	500	655000	488	639280	0.00497702	0.00546412	0.00105975	0.0190776	1310	0	1310	1310	
5.5	5.75	1	1	3	3	500	655000	447	585570	0.00576545	0.00629823	0.00102728	0.0205273	1310	0	1310	1310	
5.5	5.75	1	2	2	3	500	655000	350	458500	0.0119948	0.00436756	0.00222263	0.0217226	1310	0	1310	1310	
5.5	5.75	1	3	1	3	500	655000	352	461120	0.0116851	0.0052611	0.00132869	0.0222215	1310	0	1310	1310	
5.5	5.75	1	4	4	3	500	655000	451	590810	0.00847478	0.00681193	0.00105975	0.0205776	1310	0	1310	1310	
5.75	6	1	1	3	3	500	655000	392	513520	0.00913943	0.00726501	0.00106299	0.0210808	1310	0	1310	1310	
5.75	6	1	2	2	3	500	655000	365	478150	0.0127625	0.00512185	0.00132977	0.0249905	1310	0	1310	1310	
5.75	6	1	3	1	3	500	655000	348	455880	0.0124667	0.00570125	0.0012394	0.0247215	1310	0	1310	1310	
5.75	6	1	4	4	3	500	655000	454	594740	0.00625701	0.00620195	0.00105975	0.0205598	1310	0	1310	1310	
6	6.25	1	1	3	3	500	655000	479	627490	0.003922	0.00552939	0.00102728	0.0200273	1310	0	1310	1310	
6	6.25	1	2	2	3	500	655000	350	458500	0.0139776	0.00499239	0.00132977	0.0282226	1310	0	1310	1310	
6	6.25	1	3	1	3	500	655000	346	453260	0.0116915	0.00503499	0.0012394	0.0242037	1310	0	1310	1310	
6	6.25	1	4	4	3	500	655000	477	624870	0.00464293	0.00546862	0.00102404	0.0190776	1310	0	1310	1310	
6.25	6.5	1	1	3	3	500	655000	476	623560	0.00442434	0.00597615	0.00106299	0.020563	1310	0	1310	1310	
6.25	6.5	1	2	2	3	500	655000	375	491250	0.00936353	0.00578371	0.00120477	0.0227226	1310	0	1310	1310	
6.25	6.5	1	3	1	3	500	655000	360	471600	0.00971554	0.0053839	0.00132869	0.0216858	1310	0	1310	1310	
6.25	6.5	1	4	4	3	500	655000	490	641900	0.00603493	0.00647975	0.00105975	0.0210776	1310	0	1310	1310	
6.5	6.75	1	1	3	3	500	655000	488	639280	0.00248607	0.00357991	0.00102728	0.0180273	1310	0	1310	1310	
6.5	6.75	1	2	2	3	500	655000	348	455880	0.00876809	0.00584477	0.00120477	0.0217226	1310	0	1310	1310	
6.5	6.75	1	3	1	3	500	655000	339	444090	0.0103525	0.00613522	0.0012394	0.0247215	1310	0	1310	1310	
6.5	6.75	1	4	4	3	500	655000	423	554130	0.00850648	0.00634055	0.00102404	0.0210598	1310	0	1310	1310	
