% start	end	CellId	IMSI	RNTI	LCID	nTxPDUs	TxBytes	nRxPDUs	RxBytes	delay	stdDev	min	max	PduSize	stdDev	min	max
0	0.25	4	1	1	3	280	360918	286	352538	0.000866044	0.000232622	0.000635713	0.00176071	1232.65	332.928	68	2344	
0	0.25	2	2	1	3	384	362583	404	371157	0.000972169	0.000295685	0.000635713	0.00245714	918.705	466.361	31	2116	
0	0.25	2	3	2	3	371	345348	403	341883	0.00102507	0.000322197	0.000635713	0.002475	848.345	499.66	31	2116	
0	0.25	5	4	1	3	362	362152	372	369929	0.000868287	0.000221405	0.000635713	0.00199285	994.433	454.805	68	2538	
0.25	0.5	4	1	1	3	501	657322	503	655832	0.000805905	9.96964e-05	0.00065357	0.00156428	1303.84	98.4981	270	1792	
0.25	0.5	2	2	1	3	675	657332	770	692372	0.00102669	0.000304364	0.000635713	0.00245714	899.184	504.413	45	2116	
0.25	0.5	2	3	2	3	703	674539	783	723278	0.00100011	0.000310434	0.000635713	0.002475	923.727	498.446	45	2116	
0.25	0.5	5	4	1	3	595	656438	605	665588	0.000813663	0.000174275	0.00065357	0.00201071	1100.15	396.192	73	1518	
0.5	0.75	4	1	1	3	500	656008	501	657334	0.00080245	4.35215e-05	0.000778569	0.00152857	1312.04	18.5878	1095	1518	
0.5	0.75	2	2	1	3	690	657094	813	722231	0.00102723	0.000300216	0.000635713	0.00158214	888.353	501.579	45	1952	
0.5	0.75	2	3	2	3	730	655064	798	709201	0.000971708	0.00031485	0.000635713	0.00243928	888.723	555.998	45	2116	
0.5	0.75	5	4	1	3	500	656008	501	657334	0.00080245	4.35215e-05	0.000778569	0.00152857	1312.04	18.5878	1095	1518	
0.75	1	4	1	1	3	500	656068	514	671226	0.000839019	0.000164277	0.000635713	0.00156428	1305.89	160.624	76	2070	
0.75	1	2	2	1	3	699	657129	785	708224	0.000985416	0.00029429	0.000635713	0.00245714	902.196	503.209	45	2116	
0.75	1	2	3	2	3	702	659241	791	711587	0.000995248	0.000308414	0.000635713	0.00245714	899.604	526.695	45	2116	
0.75	1	5	4	1	3	500	656072	512	669164	0.000835837	0.000154399	0.000635713	0.00156428	1306.96	106.253	76	1792	
1	1.25	4	1	1	3	500	656008	501	657334	0.000795392	4.3925e-05	0.000778569	0.00152857	1312.04	18.5878	1095	1518	
1	1.25	2	2	1	3	694	656709	782	696834	0.00101585	0.000310805	0.000635713	0.00243928	891.092	469.288	45	2325	
1	1.25	2	3	2	3	679	657264	776	705938	0.00103895	0.000330528	0.000635713	0.00245714	909.714	493.422	45	2116	
1	1.25	5	4	1	3	788	656645	802	659592	0.000807181	0.00020299	0.000635713	0.00152857	822.434	599.293	73	2344	
1.25	1.5	4	1	1	3	500	656000	500	656000	0.000771605	8.71847e-06	0.000760712	0.000778569	1312	0	1312	1312	
1.25	1.5	2	2	1	3	709	655638	809	708915	0.00102753	0.000321576	0.000635713	0.00170714	876.286	483.619	45	1903	
1.25	1.5	2	3	2	3	700	656069	807	705539	0.0010491	0.00034972	0.000635713	0.002475	874.274	509.519	28	2116	
1.25	1.5	5	4	1	3	895	656800	896	656731	0.000762207	0.000121258	0.000635713	0.00140357	732.959	581.956	50	1385	
1.5	1.75	4	1	1	3	500	656088	509	664061	0.000824422	0.000160755	0.00065357	0.00156428	1304.64	193.513	269	2344	
1.5	1.75	2	2	1	3	699	658734	765	686253	0.000979363	0.000288566	0.000635713	0.00213571	897.063	484.75	45	1760	
1.5	1.75	2	3	2	3	673	656562	760	703015	0.00100538	0.000305972	0.000635713	0.00245714	925.02	506.129	45	2116	
1.5	1.75	5	4	1	3	503	656241	535	686324	0.000885044	0.000201849	0.000635713	0.00156428	1282.85	193.146	73	1792	
1.75	2	4	1	1	3	500	656012	502	657410	0.000786039	7.51293e-05	0.000635713	0.00156428	1309.58	90.9765	76	2344	
1.75	2	2	2	1	3	684	655340	775	718465	0.00102412	0.000317504	0.000635713	0.002225	927.052	455.089	45	2116	
1.75	2	2	3	2	3	694	658732	757	700467	0.000991038	0.000307416	0.000635713	0.00258214	925.32	501.779	45	2116	
1.75	2	5	4	1	3	499	654880	531	678960	0.000891832	0.000211521	0.000635713	0.00156428	1278.64	232.914	76	2538	
2	2.25	4	1	1	3	501	656294	572	682234	0.00087285	0.000178314	0.000635713	0.00152857	1192.72	340.71	119	2344	
2	2.25	2	2	1	3	718	659319	810	678946	0.000967502	0.000276239	0.000635713	0.00179643	838.205	482.387	45	1760	
2	2.25	2	3	2	3	717	656964	789	702528	0.000958996	0.00028482	0.000635713	0.00179643	890.403	518.858	45	2116	
2	2.25	5	4	1	3	501	657368	511	665838	0.00081935	0.000132257	0.000635713	0.00156428	1303.01	121.932	76	1792	
2.25	2.5	4	1	1	3	500	654780	508	651391	0.000831789	0.000173044	0.000635713	0.00156428	1282.27	224	76	2344	
2.25	2.5	2	2	1	3	680	656585	777	704461	0.0010404	0.000321426	0.000635713	0.002475	906.642	464.068	45	2116	
2.25	2.5	2	3	2	3	681	657558	759	692400	0.00100572	0.00031138	0.000635713	0.00245714	912.253	496.047	45	2116	
2.25	2.5	5	4	1	3	500	656102	511	664970	0.00082917	0.000172376	0.000635713	0.00156428	1301.31	146.378	75	2070	
2.5	2.75	4	1	1	3	547	657612	567	670774	0.000903033	0.00027209	0.000635713	0.00206428	1183.02	366.728	73	2207	
2.5	2.75	2	2	1	3	692	657876	772	678936	0.0010112	0.000307698	0.000635713	0.002475	879.451	490.502	45	2116	
2.5	2.75	2	3	2	3	693	655266	763	679498	0.000992761	0.000301398	0.000635713	0.00245714	890.561	486.932	45	2116	
2.5	2.75	5	4	1	3	500	656060	510	668847	0.000831055	0.000144789	0.000635713	0.00156428	1311.46	81.0284	76	1792	
2.75	3	4	1	1	3	500	656016	503	659472	0.000820851	7.34756e-05	0.000742855	0.00156428	1311.08	50.3088	822	1792	
2.75	3	2	2	1	3	680	656132	787	724704	0.00101198	0.000299741	0.000635713	0.00158214	920.844	463.815	45	1760	
2.75	3	2	3	2	3	688	656080	779	721100	0.00100237	0.000315986	0.000635713	0.002225	925.674	499.961	45	2116	
2.75	3	5	4	1	3	500	656172	512	653796	0.000876225	0.000194122	0.000635713	0.00156428	1276.95	187.179	76	1792	
3	3.25	4	1	1	3	500	656032	505	660128	0.000831433	0.000107859	0.000635713	0.00156428	1307.18	95.8571	76	2070	
3	3.25	2	2	1	3	684	658210	780	737786	0.00105151	0.00033838	0.000635713	0.00245714	945.879	467.363	45	1269	
3	3.25	2	3	2	3	696	660180	753	698000	0.000985764	0.000301541	0.000635713	0.002225	926.959	494.833	45	2116	
3	3.25	5	4	1	3	698	656418	707	660990	0.000810343	0.000162502	0.000635713	0.00156428	934.922	534.265	73	1792	
3.25	3.5	4	1	1	3	604	655149	611	661324	0.000820245	0.000174694	0.000635713	0.00183214	1082.36	449.746	50	1518	
3.25	3.5	2	2	1	3	710	655733	804	711169	0.000990745	0.00030351	0.000635713	0.00245714	884.539	482.946	45	1876	
3.25	3.5	2	3	2	3	691	647472	772	692270	0.00101934	0.000323183	0.000635713	0.002225	896.723	512.588	45	2116	
3.25	3.5	5	4	1	3	640	656271	649	662509	0.000798215	0.000164686	0.000635713	0.00156428	1020.82	505.136	50	2070	
3.5	3.75	4	1	1	3	504	656542	532	657128	0.000880509	0.000232095	0.000635713	0.00201071	1235.2	285.572	76	2070	
3.5	3.75	2	2	1	3	686	654044	791	718376	0.00104067	0.000322546	0.000635713	0.002225	908.187	428.029	45	1903	
3.5	3.75	2	3	2	3	672	657872	746	700954	0.000990102	0.000307352	0.000635713	0.00258214	939.617	486.545	45	2325	
3.5	3.75	5	4	1	3	627	656467	650	671421	0.000835272	0.000205873	0.000635713	0.00156428	1032.96	501.985	50	2344	
3.75	4	4	1	1	3	502	657312	578	698396	0.000943578	0.000261411	0.000635713	0.00176071	1208.3	428.646	75	2070	
3.75	4	2	2	1	3	689	655744	750	678537	0.000969045	0.000299031	0.000635713	0.002475	904.716	454.514	45	2325	
3.75	4	2	3	2	3	698	666515	754	656304	0.000966353	0.00027211	0.000635713	0.002225	870.43	479.376	45	1691	
3.75	4	5	4	1	3	601	656220	604	660014	0.000778421	0.000120217	0.000635713	0.00151071	1092.74	460.54	50	2344	
4	4.25	4	1	1	3	500	656204	523	658968	0.000892302	0.00025142	0.00065357	0.00156428	1259.98	312.13	270	2344	
4	4.25	2	2	1	3	680	655582	763	688171	0.00101064	0.000315642	0.000635713	0.00258214	901.928	445.95	45	1691	
4	4.25	2	3	2	3	672	654152	739	678478	0.000991284	0.000304954	0.000635713	0.002475	918.103	488.369	45	2116	
4	4.25	5	4	1	3	527	656167	544	670571	0.000845566	0.000184659	0.000635713	0.00174286	1232.67	301.717	15	2538	
4.25	4.5	4	1	1	3	610	654799	608	650265	0.000879397	0.000294875	0.000635713	0.00204643	1069.51	429.218	8	2021	
4.25	4.5	2	2	1	3	702	639201	775	650846	0.000970643	0.000285536	0.000635713	0.002475	839.801	479.152	45	1691	
4.25	4.5	2	3	2	3	695	651655	754	667528	0.000973908	0.000300314	0.000635713	0.00245714	885.316	528.816	45	2116	
4.25	4.5	5	4	1	3	523	656142	534	669239	0.000854746	0.000171922	0.000635713	0.00156428	1253.26	256.081	73	1792	
4.5	4.75	4	1	1	3	655	657995	666	664883	0.000801172	0.00017071	0.000635713	0.00156428	998.323	516.436	73	1792	
4.5	4.75	2	2	1	3	696	676527	779	721367	0.00100312	0.000301243	0.000635713	0.00213571	926.017	478.748	45	2116	
4.5	4.75	2	3	2	3	701	662107	772	689877	0.000980387	0.000284408	0.000635713	0.00176071	893.623	496.027	45	2116	
4.5	4.75	5	4	1	3	704	656512	723	668915	0.000812209	0.000190683	0.000635713	0.00156428	925.194	556.88	73	2070	
4.75	5	4	1	1	3	500	656036	506	662468	0.000811107	0.000110816	0.000742855	0.00156428	1309.23	68.8943	822	1792	
4.75	5	2	2	1	3	681	663894	767	694496	0.000992645	0.000280568	0.000635713	0.00245714	905.471	486.239	45	2116	
4.75	5	2	3	2	3	707	661008	762	687637	0.000972935	0.000305099	0.000635713	0.002475	902.411	515.675	45	2116	
4.75	5	5	4	1	3	547	656266	571	680472	0.000867636	0.000230747	0.000635713	0.00206428	1191.72	349.238	15	1518	
5	5.25	4	1	1	3	500	656008	499	653678	0.000800327	4.26977e-05	0.00065357	0.00149286	1309.98	55.6492	269	1792	
5	5.25	2	2	1	3	702	655565	792	716118	0.00101121	0.000312783	0.000635713	0.00177857	904.189	490.707	45	1952	
5	5.25	2	3	2	3	678	655957	792	728353	0.00105116	0.00033867	0.000635713	0.00245714	919.638	513.203	45	2116	
5	5.25	5	4	1	3	587	656127	588	655817	0.000793025	0.000113798	0.000635713	0.00156428	1115.34	434.846	73	1792	
5.25	5.5	4	1	1	3	499	654946	525	647430	0.000908161	0.000241552	0.000635713	0.00156428	1233.2	307.299	76	2070	
5.25	5.5	2	2	1	3	715	653554	807	681270	0.000992766	0.000303007	0.000635713	0.002225	844.201	460.793	45	1903	
5.25	5.5	2	3	2	3	679	658425	745	681934	0.000990577	0.000314056	0.000635713	0.00245714	915.348	497.616	45	2140	
5.25	5.5	5	4	1	3	901	656840	916	662439	0.000798805	0.00019469	0.000635713	0.00174286	723.187	571.89	50	1518	
5.5	5.75	4	1	1	3	526	656126	533	654965	0.000844536	0.000190318	0.000635713	0.00202857	1228.83	283.429	73	1518	
5.5	5.75	2	2	1	3	699	656495	764	667137	0.000999165	0.000301862	0.000635713	0.00245714	873.216	470.098	45	2116	
5.5	5.75	2	3	2	3	674	657110	758	676820	0.00102885	0.00032856	0.000635713	0.002475	892.902	497.617	45	2116	
5.5	5.75	5	4	1	3	574	656358	595	678186	0.000864583	0.000210062	0.000635713	0.00156428	1139.81	414.255	50	1518	
5.75	6	4	1	1	3	763	658057	783	657014	0.000847124	0.000262608	0.000635713	0.00206428	839.098	561.486	73	1792	
5.75	6	2	2	1	3	692	659365	761	681070	0.0009719	0.000291854	0.00065357	0.002225	894.967	439.641	45	2116	
5.75	6	2	3	2	3	685	642630	763	693850	0.00101738	0.000303619	0.000635713	0.002475	909.371	480.658	45	1691	
5.75	6	5	4	1	3	692	655164	711	674912	0.000813882	0.000185956	0.000635713	0.00177857	949.243	541.273	73	1518	
6	6.25	4	1	1	3	500	654749	506	653322	0.000837434	0.000176139	0.000635713	0.00201071	1291.15	182.834	50	2538	
6	6.25	2	2	1	3	699	658975	793	721794	0.00101285	0.000313735	0.000635713	0.00245714	910.207	467.252	45	2116	
6	6.25	2	3	2	3	702	667556	774	711381	0.000986787	0.000307122	0.000635713	0.00245714	919.097	483.11	45	1749	
6	6.25	5	4	1	3	534	656120	540	659806	0.000819144	0.000138438	0.000635713	0.00156428	1221.86	311.127	50	1518	
6.25	6.5	4	1	1	3	503	657368	504	651418	0.000839722	0.000134814	0.000635713	0.00156428	1292.5	137.314	73	1518	
6.25	6.5	2	2	1	3	702	659285	789	724773	0.00100082	0.000308322	0.000635713	0.00170714	918.597	450.801	45	2116	
6.25	6.5	2	3	2	3	676	660490	768	717175	0.00101966	0.000308991	0.000635713	0.002225	933.822	501.697	45	2116	
6.25	6.5	5	4	1	3	540	657470	551	668643	0.000849965	0.000171423	0.000635713	0.00174286	1213.51	321.673	50	1518	
6.5	6.75	4	1	1	3	502	656036	507	661170	0.000813438	0.000105043	0.000635713	0.00156428	1304.08	109.334	73	2070	
6.5	6.75	2	2	1	3	676	655436	752	684088	0.00102187	0.000313805	0.000635713	0.00245714	909.691	458.564	45	1888	
6.5	6.75	2	3	2	3	676	657719	767	693121	0.0010255	0.000310261	0.000635713	0.002225	903.678	503.09	45	2116	
6.5	6.75	5	4	1	3	502	656196	540	684606	0.000890441	0.000208105	0.000635713	0.00156428	1267.79	226.782	73	2070	
