timestamp,ueImsiComplete,plmId,nrCellId,dlAvailablePrbs,ulAvailablePrbs,qci,dlPrbUsage,ulPrbUsage,TB.TotNbrDl.1,TB.TotNbrDlInitial,TB.TotNbrDlInitial.Qpsk,TB.TotNbrDlInitial.16Qam,TB.TotNbrDlInitial.64Qam,RRU.PrbUsedDl,TB.ErrTotalNbrDl.1,QosFlow.PdcpPduVolumeDL_Filter,CARR.PDSCHMCSDist.Bin1,CARR.PDSCHMCSDist.Bin2,CARR.PDSCHMCSDist.Bin3,CARR.PDSCHMCSDist.Bin4,CARR.PDSCHMCSDist.Bin5,CARR.PDSCHMCSDist.Bin6,L1M.RS-SINR.Bin34,L1M.RS-SINR.Bin46, L1M.RS-SINR.Bin58,L1M.RS-SINR.Bin70,L1M.RS-SINR.Bin82,L1M.RS-SINR.Bin94,L1M.RS-SINR.Bin127,DRB.BufferSize.Qos,DRB.MeanActiveUeDl,TB.TotNbrDl.1.UEID,TB.TotNbrDlInitial.UEID,TB.TotNbrDlInitial.Qpsk.UEID,TB.TotNbrDlInitial.16Qam.UEID,TB.TotNbrDlInitial.64Qam.UEID,TB.ErrTotalNbrDl.1.UEID,QosFlow.PdcpPduVolumeDL_Filter.UEID,RRU.PrbUsedDl.UEID,CARR.PDSCHMCSDist.Bin1.UEID,CARR.PDSCHMCSDist.Bin2.UEID,CARR.PDSCHMCSDist.Bin3.UEID,CARR.PDSCHMCSDist.Bin4.UEID,CARR.PDSCHMCSDist.Bin5.UEID,CARR.PDSCHMCSDist.Bin6.UEID,L1M.RS-SINR.Bin34.UEID, L1M.RS-SINR.Bin46.UEID,L1M.RS-SINR.Bin58.UEID,L1M.RS-SINR.Bin70.UEID,L1M.RS-SINR.Bin82.UEID,L1M.RS-SINR.Bin94.UEID,L1M.RS-SINR.Bin127.UEID,DRB.BufferSize.Qos.UEID,DRB.UEThpDl.UEID, DRB.UEThpDlPdcpBased.UEID
1732451190844,00001,111,4,139,139,1,0,0,0,0,0,0,0,0,0,0,0,0,0,0,0,0,0,0,0,0,0,0,0,0,1,0,0,0,0,0,0,0,0.000000,0,0,0,0,0,0,0,0,0,0,0,0,0,0,0.000000,0.000000
1732451190944,00001,111,4,139,139,1,32,0,216,180,3,0,213,45,36,280075,3,0,0,0,192,21,0,0,0,0,194,18,4,820,1,216,180,3,0,213,36,280075,45.770714,3,0,0,0,192,21,0,0,0,0,194,18,4,820,11632.000000,12052.000000
1732451191044,00001,111,4,139,139,1,36,0,242,201,0,0,242,51,41,326252,0,0,0,0,216,26,0,0,0,0,215,27,0,0,1,242,201,0,0,242,41,326252,51.827143,0,0,0,0,216,26,0,0,0,0,215,27,0,0,11636.000000,20540.000000
1732451191144,00001,111,4,139,139,1,31,0,200,200,0,0,200,44,0,269692,0,0,0,0,200,0,0,0,0,0,200,0,0,0,1,200,200,0,0,200,0,269692,44.777857,0,0,0,0,200,0,0,0,0,0,200,0,0,0,12224.000000,20960.000000
1732451191244,00001,111,4,139,139,1,39,0,204,200,0,0,204,55,4,283706,0,0,0,0,204,0,0,0,0,0,202,1,1,0,1,204,200,0,0,204,4,283706,55.004286,0,0,0,0,204,0,0,0,0,0,202,1,1,0,12353.000000,20750.000000
1732451191344,00001,111,4,139,139,1,31,0,200,200,0,0,200,44,0,269692,0,0,0,0,200,0,0,0,0,0,200,0,0,0,1,200,200,0,0,200,0,269692,44.777857,0,0,0,0,200,0,0,0,0,0,200,0,0,0,12568.000000,20960.000000
1732451191444,00001,111,4,139,139,1,39,0,204,200,0,0,204,55,4,283938,0,0,0,0,204,0,0,0,0,0,204,0,0,0,1,204,200,0,0,204,4,283938,55.451071,0,0,0,0,204,0,0,0,0,0,204,0,0,0,12608.000000,20855.000000
1732451191544,00001,111,4,139,139,1,38,0,200,200,0,0,200,54,0,278800,0,0,0,0,200,0,0,0,0,0,200,0,0,0,1,200,200,0,0,200,0,278800,54.607143,0,0,0,0,200,0,0,0,0,0,200,0,0,0,12648.000000,20960.000000
1732451191644,00001,111,4,139,139,1,43,0,237,200,0,0,237,61,37,328300,0,0,0,0,232,5,0,0,0,0,198,26,13,0,1,237,200,0,0,237,37,328300,61.433036,0,0,0,0,232,5,0,0,0,0,198,26,13,0,12474.000000,16139.000000
1732451191744,00001,111,4,139,139,1,31,0,200,200,0,0,200,44,0,269692,0,0,0,0,200,0,0,0,0,0,200,0,0,0,1,200,200,0,0,200,0,269692,44.777857,0,0,0,0,200,0,0,0,0,0,200,0,0,0,13481.000000,104.000000
1732451191844,00001,111,4,139,139,1,39,0,204,200,0,0,204,55,4,283938,0,0,0,0,204,0,0,0,0,0,204,0,0,0,1,204,200,0,0,204,4,283938,55.451071,0,0,0,0,204,0,0,0,0,0,204,0,0,0,12807.000000,20855.000000
1732451191944,00001,111,4,139,139,1,31,0,200,200,0,0,200,44,0,269738,0,0,0,0,200,0,0,0,0,0,200,0,0,0,1,200,200,0,0,200,0,269738,44.827500,0,0,0,0,200,0,0,0,0,0,200,0,0,0,13128.000000,20960.000000
1732451192044,00001,111,4,139,139,1,31,0,200,200,0,0,200,44,0,269600,0,0,0,0,200,0,0,0,0,0,200,0,0,0,1,200,200,0,0,200,0,269600,44.678571,0,0,0,0,200,0,0,0,0,0,200,0,0,0,13243.000000,20960.000000
1732451192144,00001,111,4,139,139,1,31,0,200,200,0,0,200,44,0,269600,0,0,0,0,200,0,0,0,0,0,200,0,0,0,1,200,200,0,0,200,0,269600,44.678571,0,0,0,0,200,0,0,0,0,0,200,0,0,0,13301.000000,20960.000000
1732451192244,00001,111,4,139,139,1,28,0,200,200,0,0,200,39,0,276495,0,0,0,0,200,0,0,0,0,0,1,199,0,0,1,200,200,0,0,200,0,276495,39.788750,0,0,0,0,200,0,0,0,0,0,1,199,0,0,13396.000000,20960.000000
1732451192344,00001,111,4,139,139,1,35,0,236,200,0,0,236,50,36,318547,0,0,0,0,212,24,0,0,0,0,205,26,5,0,1,236,200,0,0,236,36,318547,50.710179,0,0,0,0,212,24,0,0,0,0,205,26,5,0,13190.000000,18654.000000
1732451192444,00001,111,4,139,139,1,32,0,205,200,0,0,205,45,5,276358,0,0,0,0,205,0,0,0,0,0,197,4,4,0,1,205,200,0,0,205,5,276358,45.646607,0,0,0,0,205,0,0,0,0,0,197,4,4,0,13198.000000,20540.000000
1732451192544,00001,111,4,139,139,1,40,0,211,200,0,0,211,56,11,293309,0,0,0,0,208,3,0,0,0,0,206,0,5,0,1,211,200,0,0,211,11,293309,56.543214,0,0,0,0,208,3,0,0,0,0,206,0,5,0,13105.000000,19702.000000
1732451192644,00001,111,4,139,139,1,32,0,204,200,0,0,204,45,4,275213,0,0,0,0,202,2,0,0,0,0,199,2,3,0,1,204,200,0,0,204,4,275213,45.572143,0,0,0,0,202,2,0,0,0,0,199,2,3,0,13123.000000,21274.000000
1732451192744,00001,111,4,139,139,1,28,0,200,200,0,0,200,39,0,276460,0,0,0,0,200,0,0,0,0,0,200,0,0,0,1,200,200,0,0,200,0,276460,39.813571,0,0,0,0,200,0,0,0,0,0,200,0,0,0,13797.000000,104.000000
1732451192844,00001,111,4,139,139,1,49,0,330,199,0,0,330,69,131,387466,0,0,0,0,329,1,0,0,0,0,316,0,14,1310,1,330,199,0,0,330,131,387466,69.351071,0,0,0,0,329,1,0,0,0,0,316,0,14,1310,9049.000000,6078.000000
1732451192944,00001,111,4,139,139,1,33,0,221,202,0,0,221,47,19,292084,0,0,0,0,211,10,0,0,0,0,206,11,4,0,1,221,202,0,0,221,19,292084,47.806071,0,0,0,0,211,10,0,0,0,0,206,11,4,0,10466.000000,20960.000000
1732451193044,00001,111,4,139,139,1,31,0,200,200,0,0,200,44,0,269600,0,0,0,0,200,0,0,0,0,0,200,0,0,0,1,200,200,0,0,200,0,269600,44.678571,0,0,0,0,200,0,0,0,0,0,200,0,0,0,11278.000000,20960.000000
1732451193144,00001,111,4,139,139,1,33,0,242,199,0,0,242,47,43,332392,0,0,0,0,219,23,0,0,0,0,208,32,2,0,1,242,199,0,0,242,43,332392,47.111071,0,0,0,0,219,23,0,0,0,0,208,32,2,0,11442.000000,14567.000000
1732451193244,00001,111,4,139,139,1,41,0,219,201,0,0,219,57,18,302242,0,0,0,4,205,10,0,0,0,0,205,1,13,1298,1,219,201,0,0,219,18,302242,57.734643,0,0,0,4,205,10,0,0,0,0,205,1,13,1298,11575.000000,22217.000000
1732451193344,00001,111,4,139,139,1,53,0,334,243,0,0,334,75,91,391997,0,0,0,166,151,17,0,0,0,0,321,0,13,2606,1,334,243,0,0,334,91,391997,75.556429,0,0,0,166,151,17,0,0,0,0,321,0,13,2606,10973.000000,11737.000000
1732451193444,00001,111,4,139,139,1,42,0,226,204,0,1,225,59,22,310085,0,0,0,8,208,10,0,0,0,1,206,0,19,0,1,226,204,0,1,225,22,310085,59.745179,0,0,0,8,208,10,0,0,0,1,206,0,19,0,11090.000000,19807.000000
1732451193544,00001,111,4,139,139,1,38,0,202,200,0,0,202,54,2,281277,0,0,0,0,202,0,0,0,0,0,202,0,0,0,1,202,200,0,0,202,2,281277,54.929821,0,0,0,0,202,0,0,0,0,0,202,0,0,0,11276.000000,21693.000000
1732451193644,00001,111,4,139,139,1,39,0,206,200,0,0,206,55,6,286731,0,0,0,0,206,0,0,0,0,0,204,0,2,0,1,206,200,0,0,206,6,286731,55.972321,0,0,0,0,206,0,0,0,0,0,204,0,2,0,11412.000000,20540.000000
1732451193744,00001,111,4,139,139,1,38,0,202,200,0,0,202,54,2,280697,0,0,0,0,201,1,0,0,0,0,200,0,2,0,1,202,200,0,0,202,2,280697,54.036250,0,0,0,0,201,1,0,0,0,0,200,0,2,0,12889.000000,104.000000
1732451193844,00001,111,4,139,139,1,40,0,210,200,0,0,210,56,10,292245,0,0,0,0,209,1,0,0,0,0,208,0,2,0,1,210,200,0,0,210,10,292245,56.568036,0,0,0,0,209,1,0,0,0,0,208,0,2,0,12447.000000,20121.000000
1732451193944,00001,111,4,139,139,1,38,0,200,200,0,0,200,54,0,278800,0,0,0,0,200,0,0,0,0,0,200,0,0,0,1,200,200,0,0,200,0,278800,54.607143,0,0,0,0,200,0,0,0,0,0,200,0,0,0,12664.000000,20960.000000
1732451194044,00001,111,4,139,139,1,40,0,208,200,0,0,208,56,8,289412,0,0,0,0,208,0,0,0,0,0,207,0,1,0,1,208,200,0,0,208,8,289412,56.443929,0,0,0,0,208,0,0,0,0,0,207,0,1,0,12628.000000,20435.000000
1732451194144,00001,111,4,139,139,1,32,0,200,200,0,0,200,45,0,270060,0,0,0,0,200,0,0,0,0,0,200,0,0,0,1,200,200,0,0,200,0,270060,45.175000,0,0,0,0,200,0,0,0,0,0,200,0,0,0,12822.000000,20960.000000
1732451194244,00001,111,4,139,139,1,53,0,367,306,0,0,367,75,61,336657,0,0,0,275,85,7,0,0,0,280,83,0,4,0,1,367,306,0,0,367,61,336657,75.432321,0,0,0,275,85,7,0,0,0,280,83,0,4,0,11472.000000,14776.000000
1732451194344,00001,111,4,139,139,1,43,0,290,205,0,0,290,61,85,382101,0,0,0,4,280,6,0,0,0,2,236,49,3,1310,1,290,205,0,0,290,85,382101,61.259286,0,0,0,4,280,6,0,0,0,2,236,49,3,1310,11255.000000,13519.000000
1732451194444,00001,111,4,139,139,1,33,0,211,200,0,0,211,46,11,284585,0,0,0,0,210,1,0,0,0,0,208,1,2,0,1,211,200,0,0,211,11,284585,46.937321,0,0,0,0,210,1,0,0,0,0,208,1,2,0,11469.000000,21903.000000
1732451194544,00001,111,4,139,139,1,47,0,300,199,0,0,300,66,101,365512,0,0,0,0,296,4,0,0,0,0,283,0,17,1310,1,300,199,0,0,300,101,365512,66.173929,0,0,0,0,296,4,0,0,0,0,283,0,17,1310,11195.000000,9327.000000
1732451194644,00001,111,4,139,139,1,47,0,320,201,0,0,320,66,119,430822,0,0,0,0,310,10,0,0,0,0,150,158,12,0,1,320,201,0,0,320,119,430822,66.273214,0,0,0,0,310,10,0,0,0,0,150,158,12,0,11174.000000,15615.000000
1732451194744,00001,111,4,139,139,1,50,0,297,201,0,0,297,70,96,401313,0,0,0,0,293,4,0,0,0,0,205,83,9,0,1,297,201,0,0,297,96,401313,70.269464,0,0,0,0,293,4,0,0,0,0,205,83,9,0,12889.000000,0.000000
1732451194844,00001,111,4,139,139,1,35,0,229,200,0,0,229,50,29,309155,0,0,0,0,215,14,0,0,0,0,208,18,3,0,1,229,200,0,0,229,29,309155,50.238571,0,0,0,0,215,14,0,0,0,0,208,18,3,0,12188.000000,17501.000000
1732451194944,00001,111,4,139,139,1,41,0,273,200,0,0,273,57,73,367281,0,0,0,0,221,52,0,0,0,0,194,72,7,0,1,273,200,0,0,273,73,367281,57.089286,0,0,0,0,221,52,0,0,0,0,194,72,7,0,11313.000000,15091.000000
1732451195044,00001,111,4,139,139,1,42,0,225,200,0,0,225,59,25,311140,0,0,0,0,223,2,0,0,0,0,224,1,0,0,1,225,200,0,0,225,25,311140,59.720357,0,0,0,0,223,2,0,0,0,0,224,1,0,0,11535.000000,21588.000000
1732451195144,00001,111,4,139,139,1,28,0,200,200,0,0,200,40,0,276677,0,0,0,0,200,0,0,0,0,0,4,196,0,0,1,200,200,0,0,200,0,276677,40.235536,0,0,0,0,200,0,0,0,0,0,4,196,0,0,12018.000000,20960.000000
1732451195244,00001,111,4,139,139,1,63,0,432,310,0,161,271,88,122,388758,0,0,0,355,11,66,0,0,0,200,191,4,37,1791,1,432,310,0,161,271,122,388758,88.116071,0,0,0,355,11,66,0,0,0,200,191,4,37,1791,10459.000000,13728.000000
1732451195344,00001,111,4,139,139,1,51,0,377,349,0,7,370,71,28,308264,0,0,0,329,47,1,0,0,0,4,372,0,1,71,1,377,349,0,7,370,28,308264,71.262321,0,0,0,329,47,1,0,0,0,4,372,0,1,71,9892.000000,21798.000000
1732451195444,00001,111,4,139,139,1,32,0,209,207,0,0,209,45,2,270018,0,0,0,11,198,0,0,0,0,0,209,0,0,0,1,209,207,0,0,209,2,270018,45.398393,0,0,0,11,198,0,0,0,0,0,209,0,0,0,10231.000000,20960.000000
1732451195544,00001,111,4,139,139,1,42,0,225,200,0,0,225,59,25,311739,0,0,0,0,221,4,0,0,0,0,218,0,7,0,1,225,200,0,0,225,25,311739,59.372857,0,0,0,0,221,4,0,0,0,0,218,0,7,0,10421.000000,18968.000000
1732451195644,00001,111,4,139,139,1,41,0,218,200,0,0,218,58,18,302729,0,0,0,0,217,1,0,0,0,0,216,0,2,0,1,218,200,0,0,218,18,302729,58.653036,0,0,0,0,217,1,0,0,0,0,216,0,2,0,10596.000000,19702.000000
1732451195744,00001,111,4,139,139,1,28,0,200,200,0,0,200,40,0,276688,0,0,0,0,200,0,0,0,0,0,200,0,0,0,1,200,200,0,0,200,0,276688,40.310000,0,0,0,0,200,0,0,0,0,0,200,0,0,0,13797.000000,104.000000
1732451195844,00001,111,4,139,139,1,32,0,205,200,0,0,205,45,5,276737,0,0,0,0,200,5,0,0,0,0,198,7,0,0,1,205,200,0,0,205,5,276737,45.274286,0,0,0,0,200,5,0,0,0,0,198,7,0,0,13355.000000,20540.000000
1732451195944,00001,111,4,139,139,1,38,0,200,200,0,0,200,53,0,278018,0,0,0,0,200,0,0,0,0,0,200,0,0,0,1,200,200,0,0,200,0,278018,53.763214,0,0,0,0,200,0,0,0,0,0,200,0,0,0,13144.000000,20960.000000
1732451196044,00001,111,4,139,139,1,38,0,200,200,0,0,200,54,0,278754,0,0,0,0,200,0,0,0,0,0,200,0,0,0,1,200,200,0,0,200,0,278754,54.557500,0,0,0,0,200,0,0,0,0,0,200,0,0,0,13059.000000,20960.000000
1732451196144,00001,111,4,139,139,1,41,0,262,200,0,0,262,57,62,354194,0,0,0,0,260,2,0,0,0,0,209,51,2,1310,1,262,200,0,0,262,62,354194,57.163750,0,0,0,0,260,2,0,0,0,0,209,51,2,1310,12476.000000,13728.000000
1732451196244,00001,111,4,139,139,1,51,0,315,199,0,0,315,72,116,419115,0,0,0,0,310,5,0,0,0,0,210,102,3,542,1,315,199,0,0,315,116,419115,72.826071,0,0,0,0,310,5,0,0,0,0,210,102,3,542,11865.000000,11947.000000
1732451196344,00001,111,4,139,139,1,41,0,217,201,0,0,217,57,16,301321,0,0,0,0,216,1,0,0,0,0,203,13,1,0,1,217,201,0,0,217,16,301321,57.387143,0,0,0,0,216,1,0,0,0,0,203,13,1,0,11932.000000,20750.000000
1732451196444,00001,111,4,139,139,1,33,0,212,200,0,0,212,47,12,286191,0,0,0,0,212,0,0,0,0,0,203,9,0,0,1,212,200,0,0,212,12,286191,47.533036,0,0,0,0,212,0,0,0,0,0,203,9,0,0,12062.000000,19702.000000
1732451196544,00001,111,4,139,139,1,53,0,329,251,0,0,329,74,78,365756,0,0,0,172,138,19,0,0,0,0,316,0,13,0,1,329,251,0,0,329,78,365756,74.911071,0,0,0,172,138,19,0,0,0,0,316,0,13,0,11524.000000,13414.000000
1732451196644,00001,111,4,139,139,1,47,0,404,384,0,0,404,66,20,281144,0,0,0,367,32,5,0,0,0,0,402,0,2,71,1,404,384,0,0,404,20,281144,66.149107,0,0,0,367,32,5,0,0,0,0,402,0,2,71,10782.000000,22322.000000
1732451196744,00001,111,4,139,139,1,52,0,343,253,0,0,343,73,90,380927,0,0,0,150,173,20,0,0,0,0,333,0,10,0,1,343,253,0,0,343,90,380927,73.893393,0,0,0,150,173,20,0,0,0,0,333,0,10,0,8522.000000,0.000000
1732451196844,00001,111,4,139,139,1,40,0,214,200,0,0,214,56,14,297379,0,0,0,6,200,8,0,0,0,0,206,7,1,0,1,214,200,0,0,214,14,297379,56.940357,0,0,0,6,200,8,0,0,0,0,206,7,1,0,12090.000000,22008.000000
1732451196944,00001,111,4,139,139,1,32,0,200,200,0,0,200,45,0,270060,0,0,0,0,200,0,0,0,0,0,200,0,0,0,1,200,200,0,0,200,0,270060,45.175000,0,0,0,0,200,0,0,0,0,0,200,0,0,0,12725.000000,20960.000000
1732451197044,00001,111,4,139,139,1,46,0,260,201,0,0,260,65,59,355515,0,0,0,0,254,6,0,0,0,0,216,40,4,0,1,260,201,0,0,260,59,355515,65.379643,0,0,0,0,254,6,0,0,0,0,216,40,4,0,12042.000000,13519.000000
1732451197144,00001,111,4,139,139,1,39,0,207,202,0,0,207,55,5,285260,0,0,0,3,203,1,0,0,0,0,205,0,2,0,1,207,202,0,0,207,5,285260,55.624821,0,0,0,3,203,1,0,0,0,0,205,0,2,0,12190.000000,22741.000000
1732451197244,00001,111,4,139,139,1,38,0,200,200,0,0,200,54,0,278800,0,0,0,0,200,0,0,0,0,0,200,0,0,0,1,200,200,0,0,200,0,278800,54.607143,0,0,0,0,200,0,0,0,0,0,200,0,0,0,12324.000000,20960.000000
1732451197344,00001,111,4,139,139,1,32,0,204,202,0,0,204,45,2,272677,0,0,0,3,201,0,0,0,0,0,203,0,1,0,1,204,202,0,0,204,2,272677,45.671429,0,0,0,3,201,0,0,0,0,0,203,0,1,0,12468.000000,20855.000000
1732451197444,00001,111,4,139,139,1,41,0,217,200,0,0,217,57,17,301019,0,0,0,0,212,5,0,0,0,0,213,0,4,0,1,217,200,0,0,217,17,301019,57.610536,0,0,0,0,212,5,0,0,0,0,213,0,4,0,12461.000000,19912.000000
