0.0542144 1 2 1 
0.0542145 2 4 1 
0.0542146 3 2 2 
0.0542147 4 4 2 
0.0542148 5 4 3 
0.0542149 7 4 4 
0.054215 8 2 4 
0.054215 9 2 5 
0.0542151 11 3 1 
0.0542152 12 2 6 
0.0592144 6 2 3 
0.0592145 10 4 5 
0.2569 4 3 2 
0.257518 4 3 2 
0.6559 4 4 6 
0.656518 4 4 6 
0.656518 4 4 6 
2.9577 2 2 7 
2.95827 2 2 7 
3.1577 2 4 7 
3.15827 2 4 7 
3.15827 2 4 7 
4.0601 4 3 3 
4.06077 4 3 3 
4.06077 4 3 3 
4.06077 4 3 3 
4.6585 2 2 8 
4.6587 4 4 8 
4.65927 4 4 8 
4.65927 4 4 8 
4.65927 4 4 8 
4.65927 4 4 8 
4.65927 2 2 8 
4.65927 2 2 8 
4.65927 2 2 8 
