timestamp,ueImsiComplete,numActiveUes,DRB.EstabSucc.5QI.UEID (numDrb),DRB.RelActNbr.5QI.UEID (0),L3 serving Id(m_cellId),UE (imsi),L3 serving SINR,L3 serving SINR 3gpp,L3 neigh Id 1 (cellId),L3 neigh SINR 1,L3 neigh SINR 3gpp 1 (convertedSinr),L3 neigh Id 2 (cellId),L3 neigh SINR 2,L3 neigh SINR 3gpp 2 (convertedSinr),L3 neigh Id 3 (cellId),L3 neigh SINR 3,L3 neigh SINR 3gpp 3 (convertedSinr),L3 neigh Id 4 (cellId),L3 neigh SINR 4,L3 neigh SINR 3gpp 4 (convertedSinr),L3 neigh Id 5 (cellId),L3 neigh SINR 5,L3 neigh SINR 3gpp 5 (convertedSinr),L3 neigh Id 6 (cellId),L3 neigh SINR 6,L3 neigh SINR 3gpp 6 (convertedSinr),L3 neigh Id 7 (cellId),L3 neigh SINR 7,L3 neigh SINR 3gpp 7 (convertedSinr),L3 neigh Id 8 (cellId),L3 neigh SINR 8,L3 neigh SINR 3gpp 8 (convertedSinr)
1732477770366,00002,5,0,0,4,2,17.356432,81.000000,2,14.962860,77.000000,3,12.069842,71.000000,,,,,,,,,,,,,,,,,,
1732477770366,00004,5,0,0,4,4,16.856178,80.000000,2,13.965250,75.000000,3,11.913984,70.000000,,,,,,,,,,,,,,,,,,
1732477770366,00005,5,0,0,4,5,26.510354,100.000000,2,7.955206,62.000000,3,5.216658,57.000000,,,,,,,,,,,,,,,,,,
1732477770366,00007,5,0,0,4,7,37.888202,123.000000,3,20.198302,87.000000,2,14.601348,76.000000,,,,,,,,,,,,,,,,,,
1732477770366,00010,5,0,0,4,10,24.169807,95.000000,3,17.268753,81.000000,2,14.899267,76.000000,,,,,,,,,,,,,,,,,,
1732477770466,00002,5,0,0,4,2,14.242562,75.000000,2,16.194285,79.000000,3,10.969236,68.000000,,,,,,,,,,,,,,,,,,
1732477770466,00004,5,0,0,4,4,14.775031,76.000000,3,16.782620,80.000000,2,13.746339,74.000000,,,,,,,,,,,,,,,,,,
1732477770466,00005,5,0,0,4,5,26.468756,100.000000,2,9.099722,65.000000,3,6.155432,59.000000,,,,,,,,,,,,,,,,,,
1732477770466,00007,5,0,0,4,7,37.373580,122.000000,3,22.776604,92.000000,2,15.406467,77.000000,,,,,,,,,,,,,,,,,,
1732477770466,00010,5,0,0,4,10,23.952340,95.000000,2,16.173070,79.000000,3,13.435415,73.000000,,,,,,,,,,,,,,,,,,
1732477770566,00002,4,0,0,4,2,16.910385,80.000000,2,16.551924,80.000000,3,11.488811,70.000000,,,,,,,,,,,,,,,,,,
1732477770566,00005,4,0,0,4,5,26.849441,100.000000,2,10.601746,68.000000,3,7.436824,61.000000,,,,,,,,,,,,,,,,,,
1732477770566,00007,4,0,0,4,7,36.793708,121.000000,3,23.377582,93.000000,2,17.939432,83.000000,,,,,,,,,,,,,,,,,,
1732477770566,00010,4,0,0,4,10,22.754620,92.000000,2,15.136293,77.000000,3,14.265634,75.000000,,,,,,,,,,,,,,,,,,
1732477770666,00002,4,0,0,4,2,18.054955,83.000000,2,14.555564,76.000000,3,9.026188,65.000000,,,,,,,,,,,,,,,,,,
1732477770666,00005,4,0,0,4,5,26.865575,101.000000,2,8.776430,64.000000,3,5.830806,58.000000,,,,,,,,,,,,,,,,,,
1732477770666,00007,4,0,0,4,7,37.348834,122.000000,3,23.497989,94.000000,2,16.523993,80.000000,,,,,,,,,,,,,,,,,,
1732477770666,00010,4,0,0,4,10,24.249360,95.000000,3,17.382306,81.000000,2,15.659009,78.000000,,,,,,,,,,,,,,,,,,
1732477770766,00002,4,0,0,4,2,18.439534,84.000000,2,15.532741,78.000000,3,12.396274,71.000000,,,,,,,,,,,,,,,,,,
1732477770766,00005,4,0,0,4,5,26.089247,99.000000,2,7.968793,62.000000,3,6.384322,59.000000,,,,,,,,,,,,,,,,,,
1732477770766,00007,4,0,0,4,7,38.326728,124.000000,3,21.202398,89.000000,2,15.301133,77.000000,,,,,,,,,,,,,,,,,,
1732477770766,00010,4,0,0,4,10,24.202944,95.000000,2,14.298362,75.000000,3,13.569151,74.000000,,,,,,,,,,,,,,,,,,
1732477770866,00002,4,0,0,4,2,16.927137,80.000000,2,15.476046,78.000000,3,10.582904,68.000000,,,,,,,,,,,,,,,,,,
1732477770866,00005,4,0,0,4,5,28.552232,104.000000,2,7.643657,62.000000,3,7.472309,61.000000,,,,,,,,,,,,,,,,,,
1732477770866,00007,4,0,0,4,7,37.337809,122.000000,3,22.606766,92.000000,2,14.459840,76.000000,,,,,,,,,,,,,,,,,,
1732477770866,00010,4,0,0,4,10,20.519352,88.000000,2,16.144254,79.000000,3,14.576819,76.000000,,,,,,,,,,,,,,,,,,
1732477770966,00002,5,0,0,4,2,15.713571,78.000000,2,15.136581,77.000000,3,8.888645,64.000000,,,,,,,,,,,,,,,,,,
1732477770966,00005,5,0,0,4,5,25.960840,99.000000,2,8.760416,64.000000,3,6.793713,60.000000,,,,,,,,,,,,,,,,,,
1732477770966,00007,5,0,0,4,7,36.764567,120.000000,3,23.388472,94.000000,2,12.230338,71.000000,,,,,,,,,,,,,,,,,,
1732477770966,00010,5,0,0,4,10,24.803749,96.000000,2,16.649665,80.000000,3,14.810270,76.000000,,,,,,,,,,,,,,,,,,
1732477770966,00004,5,0,0,4,4,16.331307,79.000000,2,12.785675,72.000000,3,11.387538,69.000000,,,,,,,,,,,,,,,,,,
1732477771066,00002,5,0,0,4,2,18.313364,83.000000,2,16.741640,80.000000,3,10.307022,67.000000,,,,,,,,,,,,,,,,,,
1732477771066,00005,5,0,0,4,5,28.115012,103.000000,2,9.318163,65.000000,3,6.252741,59.000000,,,,,,,,,,,,,,,,,,
1732477771066,00007,5,0,0,4,7,37.466519,122.000000,3,24.502838,96.000000,2,15.645001,78.000000,,,,,,,,,,,,,,,,,,
1732477771066,00010,5,0,0,4,10,24.947017,97.000000,3,15.873340,78.000000,2,15.410005,77.000000,,,,,,,,,,,,,,,,,,
1732477771066,00004,5,0,0,4,4,14.478035,76.000000,3,15.434168,77.000000,2,14.603508,76.000000,,,,,,,,,,,,,,,,,,
1732477771166,00002,5,0,0,4,2,17.803862,82.000000,2,16.708220,80.000000,3,11.454343,69.000000,,,,,,,,,,,,,,,,,,
1732477771166,00005,5,0,0,4,5,26.568979,100.000000,2,10.189636,67.000000,3,5.476047,57.000000,,,,,,,,,,,,,,,,,,
1732477771166,00007,5,0,0,4,7,37.489617,122.000000,3,21.622176,90.000000,2,15.833636,78.000000,,,,,,,,,,,,,,,,,,
1732477771166,00010,5,0,0,4,10,24.844840,96.000000,2,15.476671,78.000000,3,15.118370,77.000000,,,,,,,,,,,,,,,,,,
1732477771166,00004,5,0,0,4,4,16.153611,79.000000,3,15.242819,77.000000,2,13.017798,73.000000,,,,,,,,,,,,,,,,,,
1732477771266,00002,5,0,0,4,2,18.536999,84.000000,2,16.782271,80.000000,3,10.678810,68.000000,,,,,,,,,,,,,,,,,,
1732477771266,00005,5,0,0,4,5,24.552356,96.000000,2,7.961718,62.000000,3,6.621276,60.000000,,,,,,,,,,,,,,,,,,
1732477771266,00007,5,0,0,4,7,35.063558,117.000000,3,22.794722,92.000000,2,16.227792,79.000000,,,,,,,,,,,,,,,,,,
1732477771266,00010,5,0,0,4,10,24.911631,97.000000,3,15.881095,78.000000,2,15.022249,77.000000,,,,,,,,,,,,,,,,,,
1732477771266,00004,5,0,0,4,4,16.061272,79.000000,3,14.639734,76.000000,2,11.995780,71.000000,,,,,,,,,,,,,,,,,,
1732477771366,00002,5,0,0,4,2,20.237476,87.000000,2,15.806787,78.000000,3,11.204762,69.000000,,,,,,,,,,,,,,,,,,
1732477771366,00005,5,0,0,4,5,26.281543,99.000000,2,9.446726,65.000000,3,5.404865,57.000000,,,,,,,,,,,,,,,,,,
1732477771366,00007,5,0,0,4,7,38.002420,123.000000,3,21.534409,90.000000,2,16.493547,80.000000,,,,,,,,,,,,,,,,,,
1732477771366,00010,5,0,0,4,10,22.531724,92.000000,2,16.825249,80.000000,3,15.363975,77.000000,,,,,,,,,,,,,,,,,,
1732477771366,00004,5,0,0,4,4,15.707626,78.000000,3,15.317435,77.000000,2,14.526796,76.000000,,,,,,,,,,,,,,,,,,
1732477771466,00002,5,0,0,4,2,17.285749,81.000000,2,15.520647,78.000000,3,10.881787,68.000000,,,,,,,,,,,,,,,,,,
1732477771466,00005,5,0,0,4,5,26.818492,100.000000,2,9.121023,65.000000,3,8.518619,64.000000,,,,,,,,,,,,,,,,,,
1732477771466,00007,5,0,0,4,7,36.498677,120.000000,3,22.681908,92.000000,2,16.044592,79.000000,,,,,,,,,,,,,,,,,,
1732477771466,00010,5,0,0,4,10,26.132408,99.000000,2,17.482691,82.000000,3,16.043122,79.000000,,,,,,,,,,,,,,,,,,
1732477771466,00004,5,0,0,4,4,15.937120,78.000000,3,15.459608,78.000000,2,14.243801,75.000000,,,,,,,,,,,,,,,,,,
1732477771566,00002,5,0,0,4,2,16.967751,81.000000,2,16.140026,79.000000,3,10.546983,68.000000,,,,,,,,,,,,,,,,,,
1732477771566,00005,5,0,0,4,5,26.396469,100.000000,2,8.831006,64.000000,3,8.073575,63.000000,,,,,,,,,,,,,,,,,,
1732477771566,00007,5,0,0,4,7,37.862246,123.000000,3,23.595013,94.000000,2,16.685152,80.000000,,,,,,,,,,,,,,,,,,
1732477771566,00010,5,0,0,4,10,23.275820,93.000000,3,15.375348,77.000000,2,13.643972,74.000000,,,,,,,,,,,,,,,,,,
1732477771566,00004,5,0,0,4,4,18.712927,84.000000,3,13.720671,74.000000,2,13.549054,74.000000,,,,,,,,,,,,,,,,,,
1732477771666,00002,5,0,0,4,2,17.361969,81.000000,2,17.862845,82.000000,3,11.685121,70.000000,,,,,,,,,,,,,,,,,,
1732477771666,00005,5,0,0,4,5,28.130849,103.000000,2,9.551999,66.000000,3,8.340718,63.000000,,,,,,,,,,,,,,,,,,
1732477771666,00007,5,0,0,4,7,36.355456,120.000000,3,22.398926,92.000000,2,18.150841,83.000000,,,,,,,,,,,,,,,,,,
1732477771666,00010,5,0,0,4,10,24.720391,96.000000,2,15.462096,78.000000,3,13.422374,73.000000,,,,,,,,,,,,,,,,,,
1732477771666,00004,5,0,0,4,4,15.149180,77.000000,3,14.552488,76.000000,2,14.049940,75.000000,,,,,,,,,,,,,,,,,,
1732477771766,00002,5,0,0,4,2,19.051450,85.000000,2,15.945698,79.000000,3,8.392809,63.000000,,,,,,,,,,,,,,,,,,
1732477771766,00005,5,0,0,4,5,24.274184,95.000000,2,9.967844,66.000000,3,4.214657,55.000000,,,,,,,,,,,,,,,,,,
1732477771766,00007,5,0,0,4,7,37.999775,123.000000,3,24.534439,96.000000,2,14.641036,76.000000,,,,,,,,,,,,,,,,,,
1732477771766,00010,5,0,0,4,10,21.523549,90.000000,3,15.300666,77.000000,2,14.928471,76.000000,,,,,,,,,,,,,,,,,,
1732477771766,00004,5,0,0,4,4,16.283873,79.000000,2,14.059021,75.000000,3,10.605268,68.000000,,,,,,,,,,,,,,,,,,
1732477771866,00002,5,0,0,4,2,16.890669,80.000000,2,17.147160,81.000000,3,12.549240,72.000000,,,,,,,,,,,,,,,,,,
1732477771866,00005,5,0,0,4,5,27.414940,102.000000,2,9.969723,66.000000,3,5.569046,58.000000,,,,,,,,,,,,,,,,,,
1732477771866,00007,5,0,0,4,7,37.119887,121.000000,3,20.641241,88.000000,2,15.696609,78.000000,,,,,,,,,,,,,,,,,,
1732477771866,00010,5,0,0,4,10,23.900887,95.000000,3,15.716362,78.000000,2,15.025737,77.000000,,,,,,,,,,,,,,,,,,
1732477771866,00004,5,0,0,4,4,12.781771,72.000000,2,15.439802,77.000000,3,14.246480,75.000000,,,,,,,,,,,,,,,,,,
1732477771966,00002,5,0,0,4,2,16.842356,80.000000,2,15.065934,77.000000,3,13.064386,73.000000,,,,,,,,,,,,,,,,,,
1732477771966,00005,5,0,0,4,5,26.941408,101.000000,2,9.295931,65.000000,3,6.746073,60.000000,,,,,,,,,,,,,,,,,,
1732477771966,00007,5,0,0,4,7,33.447414,114.000000,3,22.748463,92.000000,2,16.785386,80.000000,,,,,,,,,,,,,,,,,,
1732477771966,00010,5,0,0,4,10,24.417620,96.000000,2,16.034216,79.000000,3,15.774503,78.000000,,,,,,,,,,,,,,,,,,
1732477771966,00004,5,0,0,4,4,18.154513,83.000000,3,14.399252,75.000000,2,13.503556,74.000000,,,,,,,,,,,,,,,,,,
1732477772066,00002,5,0,0,4,2,18.063681,83.000000,2,15.874436,78.000000,3,11.586244,70.000000,,,,,,,,,,,,,,,,,,
1732477772066,00005,5,0,0,4,5,26.691531,100.000000,2,10.549525,68.000000,3,6.447532,59.000000,,,,,,,,,,,,,,,,,,
1732477772066,00007,5,0,0,4,7,37.373712,122.000000,3,20.101871,87.000000,2,15.067733,77.000000,,,,,,,,,,,,,,,,,,
1732477772066,00010,5,0,0,4,10,25.051219,97.000000,3,17.530582,82.000000,2,17.056475,81.000000,,,,,,,,,,,,,,,,,,
1732477772066,00004,5,0,0,4,4,16.038189,79.000000,2,12.680811,72.000000,3,12.476021,72.000000,,,,,,,,,,,,,,,,,,
1732477772166,00002,5,0,0,4,2,16.994557,81.000000,2,15.829292,78.000000,3,11.039624,69.000000,,,,,,,,,,,,,,,,,,
1732477772166,00005,5,0,0,4,5,26.796094,100.000000,2,9.418866,65.000000,3,7.056682,61.000000,,,,,,,,,,,,,,,,,,
1732477772166,00007,5,0,0,4,7,36.920308,121.000000,3,20.713045,88.000000,2,15.764314,78.000000,,,,,,,,,,,,,,,,,,
1732477772166,00010,5,0,0,4,10,25.693720,98.000000,2,15.479396,78.000000,3,10.626685,68.000000,,,,,,,,,,,,,,,,,,
1732477772166,00004,5,0,0,4,4,15.866174,78.000000,3,14.663135,76.000000,2,9.322696,65.000000,,,,,,,,,,,,,,,,,,
1732477772266,00002,5,0,0,4,2,18.389097,83.000000,2,17.179493,81.000000,3,12.799660,72.000000,,,,,,,,,,,,,,,,,,
1732477772266,00005,5,0,0,4,5,24.801937,96.000000,2,9.057399,65.000000,3,4.989322,56.000000,,,,,,,,,,,,,,,,,,
1732477772266,00007,5,0,0,4,7,37.578551,122.000000,3,24.027344,95.000000,2,16.322851,79.000000,,,,,,,,,,,,,,,,,,
1732477772266,00010,5,0,0,4,10,24.743546,96.000000,2,16.650112,80.000000,3,15.045961,77.000000,,,,,,,,,,,,,,,,,,
1732477772266,00004,5,0,0,4,4,15.790658,78.000000,3,14.949074,77.000000,2,11.354296,69.000000,,,,,,,,,,,,,,,,,,
1732477772366,00002,5,0,0,4,2,18.116803,83.000000,2,18.286301,83.000000,3,11.463522,69.000000,,,,,,,,,,,,,,,,,,
1732477772366,00005,5,0,0,4,5,25.995351,99.000000,2,11.692670,70.000000,3,5.559605,58.000000,,,,,,,,,,,,,,,,,,
1732477772366,00007,5,0,0,4,7,38.085252,123.000000,3,21.580413,90.000000,2,15.536479,78.000000,,,,,,,,,,,,,,,,,,
1732477772366,00010,5,0,0,4,10,23.909138,95.000000,2,14.673983,76.000000,3,14.332198,75.000000,,,,,,,,,,,,,,,,,,
1732477772366,00004,5,0,0,4,4,15.987817,79.000000,3,15.373931,77.000000,2,12.868720,72.000000,,,,,,,,,,,,,,,,,,
1732477772466,00002,5,0,0,4,2,16.873148,80.000000,2,14.598610,76.000000,3,12.243512,71.000000,,,,,,,,,,,,,,,,,,
1732477772466,00005,5,0,0,4,5,25.666559,98.000000,2,8.530342,64.000000,3,7.767795,62.000000,,,,,,,,,,,,,,,,,,
1732477772466,00007,5,0,0,4,7,38.255218,123.000000,3,23.734751,94.000000,2,19.137365,85.000000,,,,,,,,,,,,,,,,,,
1732477772466,00010,5,0,0,4,10,24.764534,96.000000,3,15.916218,78.000000,2,12.192865,71.000000,,,,,,,,,,,,,,,,,,
1732477772466,00004,5,0,0,4,4,15.628397,78.000000,3,15.232146,77.000000,2,13.981427,75.000000,,,,,,,,,,,,,,,,,,
1732477772566,00002,5,0,0,4,2,19.342571,85.000000,2,16.453218,80.000000,3,9.089600,65.000000,,,,,,,,,,,,,,,,,,
1732477772566,00005,5,0,0,4,5,26.487928,100.000000,2,7.278059,61.000000,3,5.625758,58.000000,,,,,,,,,,,,,,,,,,
1732477772566,00007,5,0,0,4,7,36.684338,120.000000,3,25.532989,98.000000,2,14.334126,75.000000,,,,,,,,,,,,,,,,,,
1732477772566,00010,5,0,0,4,10,23.007711,93.000000,2,15.327498,77.000000,3,15.184008,77.000000,,,,,,,,,,,,,,,,,,
1732477772566,00004,5,0,0,4,4,16.684191,80.000000,3,14.741198,76.000000,2,13.501050,74.000000,,,,,,,,,,,,,,,,,,
1732477772666,00002,5,0,0,4,2,14.953695,77.000000,2,13.380492,73.000000,3,10.479778,67.000000,,,,,,,,,,,,,,,,,,
1732477772666,00005,5,0,0,4,5,25.631046,98.000000,2,8.810250,64.000000,3,6.938379,60.000000,,,,,,,,,,,,,,,,,,
1732477772666,00007,5,0,0,4,7,38.038409,123.000000,3,23.083022,93.000000,2,16.678898,80.000000,,,,,,,,,,,,,,,,,,
1732477772666,00010,5,0,0,4,10,23.033809,93.000000,3,14.980612,77.000000,2,14.443617,75.000000,,,,,,,,,,,,,,,,,,
1732477772666,00004,5,0,0,4,4,18.177681,83.000000,3,15.576593,78.000000,2,9.824448,66.000000,,,,,,,,,,,,,,,,,,
1732477772766,00002,5,0,0,4,2,16.936957,81.000000,2,16.750611,80.000000,3,10.909661,68.000000,,,,,,,,,,,,,,,,,,
1732477772766,00005,5,0,0,4,5,25.889410,99.000000,2,8.759496,64.000000,3,6.921373,60.000000,,,,,,,,,,,,,,,,,,
1732477772766,00007,5,0,0,4,7,41.973552,127.000000,3,23.378246,93.000000,2,15.651038,78.000000,,,,,,,,,,,,,,,,,,
1732477772766,00010,5,0,0,4,10,25.538387,98.000000,2,14.879732,76.000000,3,13.853285,74.000000,,,,,,,,,,,,,,,,,,
1732477772766,00004,5,0,0,4,4,15.773873,78.000000,3,13.650826,74.000000,2,12.942573,72.000000,,,,,,,,,,,,,,,,,,
1732477772866,00002,5,0,0,4,2,16.740981,80.000000,2,16.349277,79.000000,3,11.939970,70.000000,,,,,,,,,,,,,,,,,,
1732477772866,00005,5,0,0,4,5,26.194899,99.000000,2,10.254110,67.000000,3,6.390186,59.000000,,,,,,,,,,,,,,,,,,
1732477772866,00007,5,0,0,4,7,36.809897,121.000000,3,22.617429,92.000000,2,15.438355,77.000000,,,,,,,,,,,,,,,,,,
1732477772866,00010,5,0,0,4,10,23.140109,93.000000,2,15.379049,77.000000,3,15.195897,77.000000,,,,,,,,,,,,,,,,,,
1732477772866,00004,5,0,0,4,4,16.663270,80.000000,3,16.026721,79.000000,2,14.054917,75.000000,,,,,,,,,,,,,,,,,,
1732477772966,00002,5,0,0,4,2,17.722344,82.000000,2,16.740778,80.000000,3,12.044595,71.000000,,,,,,,,,,,,,,,,,,
1732477772966,00005,5,0,0,4,5,26.733524,100.000000,2,9.349361,65.000000,3,4.188230,55.000000,,,,,,,,,,,,,,,,,,
1732477772966,00007,5,0,0,4,7,37.656063,122.000000,3,23.545222,94.000000,2,17.669013,82.000000,,,,,,,,,,,,,,,,,,
1732477772966,00010,5,0,0,4,10,23.819785,94.000000,2,15.296309,77.000000,3,12.689526,72.000000,,,,,,,,,,,,,,,,,,
1732477772966,00004,5,0,0,4,4,16.187510,79.000000,3,15.813283,78.000000,2,11.803238,70.000000,,,,,,,,,,,,,,,,,,
1732477773066,00002,5,0,0,4,2,18.064503,83.000000,2,16.863087,80.000000,3,10.961159,68.000000,,,,,,,,,,,,,,,,,,
1732477773066,00005,5,0,0,4,5,26.450736,100.000000,2,7.833648,62.000000,3,6.976555,60.000000,,,,,,,,,,,,,,,,,,
1732477773066,00007,5,0,0,4,7,37.977862,123.000000,3,23.589154,94.000000,2,17.080796,81.000000,,,,,,,,,,,,,,,,,,
1732477773066,00010,5,0,0,4,10,23.155125,93.000000,2,15.874814,78.000000,3,14.568242,76.000000,,,,,,,,,,,,,,,,,,
1732477773066,00004,5,0,0,4,4,16.289193,79.000000,3,15.665391,78.000000,2,11.971504,70.000000,,,,,,,,,,,,,,,,,,
1732477773166,00002,5,0,0,4,2,15.786297,78.000000,2,16.106151,79.000000,3,11.320376,69.000000,,,,,,,,,,,,,,,,,,
1732477773166,00005,5,0,0,4,5,25.921019,99.000000,2,9.799899,66.000000,3,6.094796,59.000000,,,,,,,,,,,,,,,,,,
1732477773166,00007,5,0,0,4,7,36.711358,120.000000,3,23.469055,94.000000,2,15.750191,78.000000,,,,,,,,,,,,,,,,,,
1732477773166,00010,5,0,0,4,10,24.177496,95.000000,2,14.760847,76.000000,3,13.626130,74.000000,,,,,,,,,,,,,,,,,,
1732477773166,00004,5,0,0,4,4,16.141369,79.000000,2,16.273132,79.000000,3,14.535798,76.000000,,,,,,,,,,,,,,,,,,
1732477773266,00005,4,0,0,4,5,24.508551,96.000000,3,7.280308,61.000000,2,5.854967,58.000000,,,,,,,,,,,,,,,,,,
1732477773266,00007,4,0,0,4,7,37.125310,121.000000,3,23.769261,94.000000,2,15.775541,78.000000,,,,,,,,,,,,,,,,,,
1732477773266,00010,4,0,0,4,10,24.917044,97.000000,2,17.118399,81.000000,3,12.472915,72.000000,,,,,,,,,,,,,,,,,,
1732477773266,00004,4,0,0,4,4,17.814559,82.000000,3,14.522734,76.000000,2,12.177212,71.000000,,,,,,,,,,,,,,,,,,
1732477773366,00005,4,0,0,4,5,26.048888,99.000000,2,10.361363,67.000000,3,6.774758,60.000000,,,,,,,,,,,,,,,,,,
1732477773366,00007,4,0,0,4,7,37.809758,123.000000,3,24.755846,96.000000,2,16.994939,81.000000,,,,,,,,,,,,,,,,,,
1732477773366,00010,4,0,0,4,10,25.194171,97.000000,2,15.539806,78.000000,3,15.356311,77.000000,,,,,,,,,,,,,,,,,,
1732477773366,00004,4,0,0,4,4,16.972820,81.000000,3,13.153064,73.000000,2,12.832476,72.000000,,,,,,,,,,,,,,,,,,
1732477773466,00005,5,0,0,4,5,27.588633,102.000000,2,8.890088,64.000000,3,5.364943,57.000000,,,,,,,,,,,,,,,,,,
1732477773466,00007,5,0,0,4,7,35.359650,118.000000,3,23.374236,93.000000,2,16.383028,79.000000,,,,,,,,,,,,,,,,,,
1732477773466,00010,5,0,0,4,10,26.150655,99.000000,2,18.043873,83.000000,3,15.075316,77.000000,,,,,,,,,,,,,,,,,,
1732477773466,00004,5,0,0,4,4,16.633322,80.000000,2,16.107185,79.000000,3,15.783445,78.000000,,,,,,,,,,,,,,,,,,
1732477773466,00002,5,0,0,4,2,18.798911,84.000000,2,16.320596,79.000000,3,13.175908,73.000000,,,,,,,,,,,,,,,,,,
1732477773566,00005,5,0,0,4,5,27.515742,102.000000,2,9.186237,65.000000,3,8.267904,63.000000,,,,,,,,,,,,,,,,,,
1732477773566,00007,5,0,0,4,7,37.486049,122.000000,3,23.408300,94.000000,2,17.300456,81.000000,,,,,,,,,,,,,,,,,,
1732477773566,00010,5,0,0,4,10,23.238402,93.000000,2,18.728836,84.000000,3,12.539735,72.000000,,,,,,,,,,,,,,,,,,
1732477773566,00004,5,0,0,4,4,15.740003,78.000000,3,15.681658,78.000000,2,12.762357,72.000000,,,,,,,,,,,,,,,,,,
1732477773566,00002,5,0,0,4,2,16.838852,80.000000,2,15.928825,78.000000,3,12.712171,72.000000,,,,,,,,,,,,,,,,,,
1732477773666,00005,5,0,0,4,5,28.984930,105.000000,3,6.519260,60.000000,2,4.589162,56.000000,,,,,,,,,,,,,,,,,,
1732477773666,00007,5,0,0,4,7,37.497518,122.000000,3,24.431327,96.000000,2,10.062012,67.000000,,,,,,,,,,,,,,,,,,
1732477773666,00010,5,0,0,4,10,23.389614,94.000000,3,16.995283,81.000000,2,15.389340,77.000000,,,,,,,,,,,,,,,,,,
1732477773666,00004,5,0,0,4,4,15.988162,79.000000,3,14.471575,76.000000,2,14.129273,75.000000,,,,,,,,,,,,,,,,,,
1732477773666,00002,5,0,0,4,2,18.118172,83.000000,2,17.375436,81.000000,3,11.995191,71.000000,,,,,,,,,,,,,,,,,,
1732477773766,00005,5,0,0,4,5,26.730476,100.000000,2,8.573797,64.000000,3,6.164389,59.000000,,,,,,,,,,,,,,,,,,
1732477773766,00007,5,0,0,4,7,38.250488,123.000000,3,23.004836,93.000000,2,15.115184,77.000000,,,,,,,,,,,,,,,,,,
1732477773766,00010,5,0,0,4,10,24.024863,95.000000,2,17.102832,81.000000,3,15.201657,77.000000,,,,,,,,,,,,,,,,,,
1732477773766,00004,5,0,0,4,4,14.436083,75.000000,3,15.728462,78.000000,2,12.878489,72.000000,,,,,,,,,,,,,,,,,,
1732477773766,00002,5,0,0,4,2,16.715232,80.000000,2,15.838702,78.000000,3,13.941107,74.000000,,,,,,,,,,,,,,,,,,
1732477773866,00005,5,0,0,4,5,27.359075,102.000000,2,9.175284,65.000000,3,5.262632,57.000000,,,,,,,,,,,,,,,,,,
1732477773866,00007,5,0,0,4,7,36.645297,120.000000,3,23.053724,93.000000,2,16.077180,79.000000,,,,,,,,,,,,,,,,,,
1732477773866,00010,5,0,0,4,10,24.256149,95.000000,2,16.127369,79.000000,3,14.600440,76.000000,,,,,,,,,,,,,,,,,,
1732477773866,00004,5,0,0,4,4,17.249448,81.000000,3,15.096613,77.000000,2,12.704842,72.000000,,,,,,,,,,,,,,,,,,
1732477773866,00002,5,0,0,4,2,15.469769,78.000000,2,19.843746,86.000000,3,11.690791,70.000000,,,,,,,,,,,,,,,,,,
1732477773966,00005,5,0,0,4,5,25.114803,97.000000,2,8.921733,64.000000,3,7.554545,62.000000,,,,,,,,,,,,,,,,,,
1732477773966,00007,5,0,0,4,7,38.061759,123.000000,3,22.891140,93.000000,2,15.334915,77.000000,,,,,,,,,,,,,,,,,,
1732477773966,00010,5,0,0,4,10,21.107628,89.000000,3,14.634535,76.000000,2,14.041044,75.000000,,,,,,,,,,,,,,,,,,
1732477773966,00004,5,0,0,4,4,16.015500,79.000000,3,15.299231,77.000000,2,13.995910,75.000000,,,,,,,,,,,,,,,,,,
1732477773966,00002,5,0,0,4,2,16.728127,80.000000,2,14.137450,75.000000,3,10.764030,68.000000,,,,,,,,,,,,,,,,,,
1732477774066,00005,5,0,0,4,5,25.625060,98.000000,2,9.201229,65.000000,3,6.940381,60.000000,,,,,,,,,,,,,,,,,,
1732477774066,00007,5,0,0,4,7,37.200912,121.000000,3,22.435507,92.000000,2,13.846297,74.000000,,,,,,,,,,,,,,,,,,
1732477774066,00010,5,0,0,4,10,24.397236,96.000000,3,15.498184,78.000000,2,14.835591,76.000000,,,,,,,,,,,,,,,,,,
1732477774066,00004,5,0,0,4,4,15.743044,78.000000,3,17.865391,82.000000,2,12.049327,71.000000,,,,,,,,,,,,,,,,,,
1732477774066,00002,5,0,0,4,2,15.534603,78.000000,2,14.947737,76.000000,3,13.320943,73.000000,,,,,,,,,,,,,,,,,,
1732477774166,00005,5,0,0,4,5,26.871526,101.000000,2,9.256593,65.000000,3,6.247624,59.000000,,,,,,,,,,,,,,,,,,
1732477774166,00007,5,0,0,4,7,35.780666,118.000000,3,23.978491,95.000000,2,16.080577,79.000000,,,,,,,,,,,,,,,,,,
1732477774166,00010,5,0,0,4,10,23.149486,93.000000,2,14.616950,76.000000,3,12.506666,72.000000,,,,,,,,,,,,,,,,,,
1732477774166,00004,5,0,0,4,4,16.531494,80.000000,2,14.882020,76.000000,3,14.170143,75.000000,,,,,,,,,,,,,,,,,,
1732477774166,00002,5,0,0,4,2,17.476967,82.000000,2,15.244959,77.000000,3,11.145889,69.000000,,,,,,,,,,,,,,,,,,
1732477774266,00005,5,0,0,4,5,26.966406,101.000000,2,9.137836,65.000000,3,6.176606,59.000000,,,,,,,,,,,,,,,,,,
1732477774266,00007,5,0,0,4,7,38.744647,124.000000,3,21.110367,89.000000,2,17.918468,82.000000,,,,,,,,,,,,,,,,,,
1732477774266,00010,5,0,0,4,10,23.606200,94.000000,2,16.262208,79.000000,3,13.598353,74.000000,,,,,,,,,,,,,,,,,,
1732477774266,00004,5,0,0,4,4,16.151307,79.000000,3,16.393720,79.000000,2,13.293243,73.000000,,,,,,,,,,,,,,,,,,
1732477774266,00002,5,0,0,4,2,16.846941,80.000000,2,15.542353,78.000000,3,11.678474,70.000000,,,,,,,,,,,,,,,,,,
1732477774366,00005,4,0,0,4,5,23.629010,94.000000,2,8.684659,64.000000,3,7.199400,61.000000,,,,,,,,,,,,,,,,,,
1732477774366,00007,4,0,0,4,7,37.196092,121.000000,3,23.479465,94.000000,2,17.538271,82.000000,,,,,,,,,,,,,,,,,,
1732477774366,00010,4,0,0,4,10,24.262870,95.000000,2,16.477686,80.000000,3,15.769534,78.000000,,,,,,,,,,,,,,,,,,
1732477774366,00002,4,0,0,4,2,17.928594,83.000000,2,16.301656,79.000000,3,11.441333,69.000000,,,,,,,,,,,,,,,,,,
1732477774466,00005,4,0,0,4,5,26.737160,100.000000,2,8.703282,64.000000,3,5.802128,58.000000,,,,,,,,,,,,,,,,,,
1732477774466,00007,4,0,0,4,7,37.247933,121.000000,3,23.615796,94.000000,2,16.704446,80.000000,,,,,,,,,,,,,,,,,,
1732477774466,00010,4,0,0,4,10,23.609366,94.000000,2,16.814924,80.000000,3,13.538799,74.000000,,,,,,,,,,,,,,,,,,
1732477774466,00002,4,0,0,4,2,17.738621,82.000000,2,15.991194,79.000000,3,10.328336,67.000000,,,,,,,,,,,,,,,,,,
1732477774566,00005,4,0,0,4,5,26.539166,100.000000,2,9.920642,66.000000,3,8.190341,63.000000,,,,,,,,,,,,,,,,,,
1732477774566,00007,4,0,0,4,7,36.908214,121.000000,3,21.003934,89.000000,2,16.951774,81.000000,,,,,,,,,,,,,,,,,,
1732477774566,00010,4,0,0,4,10,24.525323,96.000000,2,15.967294,79.000000,3,15.297614,77.000000,,,,,,,,,,,,,,,,,,
1732477774566,00002,4,0,0,4,2,18.160522,83.000000,2,15.780643,78.000000,3,10.452763,67.000000,,,,,,,,,,,,,,,,,,
1732477774666,00005,4,0,0,4,5,26.769069,100.000000,2,9.782913,66.000000,3,6.391638,59.000000,,,,,,,,,,,,,,,,,,
1732477774666,00007,4,0,0,4,7,36.275250,119.000000,3,24.018517,95.000000,2,17.591590,82.000000,,,,,,,,,,,,,,,,,,
1732477774666,00010,4,0,0,4,10,24.753044,96.000000,2,16.316439,79.000000,3,14.663820,76.000000,,,,,,,,,,,,,,,,,,
1732477774666,00002,4,0,0,4,2,16.792735,80.000000,2,14.882643,76.000000,3,11.086784,69.000000,,,,,,,,,,,,,,,,,,
1732477774766,00005,4,0,0,4,5,26.335249,99.000000,2,8.212569,63.000000,3,7.303964,61.000000,,,,,,,,,,,,,,,,,,
1732477774766,00007,4,0,0,4,7,35.153938,117.000000,3,24.422658,96.000000,2,14.247028,75.000000,,,,,,,,,,,,,,,,,,
1732477774766,00010,4,0,0,4,10,25.139096,97.000000,3,14.730234,76.000000,2,12.874916,72.000000,,,,,,,,,,,,,,,,,,
1732477774766,00002,4,0,0,4,2,18.229480,83.000000,2,16.302811,79.000000,3,11.525266,70.000000,,,,,,,,,,,,,,,,,,
1732477774866,00005,4,0,0,4,5,25.825238,98.000000,2,9.056800,65.000000,3,7.673101,62.000000,,,,,,,,,,,,,,,,,,
1732477774866,00007,4,0,0,4,7,39.414552,126.000000,3,22.472226,92.000000,2,17.050145,81.000000,,,,,,,,,,,,,,,,,,
1732477774866,00010,4,0,0,4,10,23.354275,93.000000,2,15.587381,78.000000,3,15.042940,77.000000,,,,,,,,,,,,,,,,,,
1732477774866,00002,4,0,0,4,2,17.377096,81.000000,2,17.405534,81.000000,3,13.832680,74.000000,,,,,,,,,,,,,,,,,,
1732477774966,00005,4,0,0,4,5,26.620245,100.000000,2,6.491780,59.000000,3,6.391061,59.000000,,,,,,,,,,,,,,,,,,
1732477774966,00007,4,0,0,4,7,37.748573,122.000000,3,23.078101,93.000000,2,16.383375,79.000000,,,,,,,,,,,,,,,,,,
1732477774966,00010,4,0,0,4,10,23.192784,93.000000,3,14.709407,76.000000,2,14.396002,75.000000,,,,,,,,,,,,,,,,,,
1732477774966,00004,4,0,0,4,4,17.181443,81.000000,3,16.182367,79.000000,2,13.625558,74.000000,,,,,,,,,,,,,,,,,,
1732477775066,00005,4,0,0,4,5,27.420261,102.000000,2,9.132567,65.000000,3,5.671453,58.000000,,,,,,,,,,,,,,,,,,
1732477775066,00007,4,0,0,4,7,38.145076,123.000000,3,22.552429,92.000000,2,15.640903,78.000000,,,,,,,,,,,,,,,,,,
1732477775066,00010,4,0,0,4,10,23.486852,94.000000,2,15.829117,78.000000,3,13.261709,73.000000,,,,,,,,,,,,,,,,,,
1732477775066,00004,4,0,0,4,4,10.811030,68.000000,3,15.904265,78.000000,2,12.514422,72.000000,,,,,,,,,,,,,,,,,,
1732477775166,00005,4,0,0,4,5,26.686036,100.000000,2,9.316335,65.000000,3,6.702273,60.000000,,,,,,,,,,,,,,,,,,
1732477775166,00007,4,0,0,4,7,37.848711,123.000000,3,23.052777,93.000000,2,15.169487,77.000000,,,,,,,,,,,,,,,,,,
1732477775166,00010,4,0,0,4,10,24.458600,96.000000,2,15.337622,77.000000,3,13.541089,74.000000,,,,,,,,,,,,,,,,,,
1732477775166,00004,4,0,0,4,4,16.468825,80.000000,3,15.094361,77.000000,2,12.290842,71.000000,,,,,,,,,,,,,,,,,,
