timestamp,ueImsiComplete,DRB.PdcpSduDelayDl (cellAverageLatency),m_pDCPBytesUL (0),m_pDCPBytesDL (cellDlTxVolume),DRB.PdcpSduVolumeDl_Filter.UEID (txBytes),Tot.PdcpSduNbrDl.UEID (txDlPackets),DRB.PdcpSduBitRateDl.UEID (pdcpThroughput),DRB.PdcpSduDelayDl.UEID (pdcpLatency),QosFlow.PdcpPduVolumeDL_Filter.UEID(txPdcpPduBytesNrRlc),DRB.PdcpPduNbrDl.Qos.UEID (txPdcpPduNrRlc)
1732477770366,00003,0.000000,0,0.000000,0.000000,0,0.000000,0.000000,,
1732477770366,00001,0.000000,0,0.000000,0.000000,0,0.000000,0.000000,,
1732477770366,00004,0.000000,0,0.000000,0.000000,0,0.000000,0.000000,,
1732477770366,00009,0.000000,0,0.000000,0.000000,0,0.000000,0.000000,,
1732477770366,00002,0.000000,0,0.000000,0.000000,0,0.000000,0.000000,,
1732477770366,00007,0.000000,0,0.000000,0.000000,0,0.000000,0.000000,,
1732477770366,00008,0.000000,0,0.000000,0.000000,0,0.000000,0.000000,,
1732477770366,00005,0.000000,0,0.000000,0.000000,0,0.000000,0.000000,,
1732477770366,00011,0.000000,0,0.000000,0.000000,0,0.000000,0.000000,,
1732477770366,00012,0.000000,0,0.000000,0.000000,0,0.000000,0.000000,,
1732477770366,00010,0.000000,0,0.000000,0.000000,0,0.000000,0.000000,,
1732477770366,00006,0.000000,0,0.000000,0.000000,0,0.000000,0.000000,,
1732477770466,00003,214.390195,0,22511.040000,1875.920000,179,18759.200000,40.429750,,
1732477770466,00001,214.390195,0,22511.040000,1875.920000,179,18759.200000,288.745985,,
1732477770466,00004,214.390195,0,22511.040000,1875.920000,179,18759.200000,0.000000,,
1732477770466,00009,214.390195,0,22511.040000,1875.920000,179,18759.200000,319.858032,,
1732477770466,00002,214.390195,0,22511.040000,1875.920000,179,18759.200000,0.000000,,
1732477770466,00007,214.390195,0,22511.040000,1875.920000,179,18759.200000,205.532647,,
1732477770466,00008,214.390195,0,22511.040000,1875.920000,179,18759.200000,330.166850,,
1732477770466,00005,214.390195,0,22511.040000,1875.920000,179,18759.200000,279.125679,,
1732477770466,00011,214.390195,0,22511.040000,1875.920000,179,18759.200000,9.874594,,
1732477770466,00012,214.390195,0,22511.040000,1875.920000,179,18759.200000,355.064685,,
1732477770466,00010,214.390195,0,22511.040000,1875.920000,179,18759.200000,417.491242,,
1732477770466,00006,214.390195,0,22511.040000,1875.920000,179,18759.200000,326.392880,,
1732477770566,00003,881.362958,0,25152.000000,2096.000000,200,20960.000000,1407.572600,,
1732477770566,00001,881.362958,0,25152.000000,2096.000000,200,20960.000000,1042.699015,,
1732477770566,00004,881.362958,0,25152.000000,2096.000000,200,20960.000000,1557.740367,,
1732477770566,00009,881.362958,0,25152.000000,2096.000000,200,20960.000000,876.277643,,
1732477770566,00002,881.362958,0,25152.000000,2096.000000,200,20960.000000,0.000000,,
1732477770566,00007,881.362958,0,25152.000000,2096.000000,200,20960.000000,672.053210,,
1732477770566,00008,881.362958,0,25152.000000,2096.000000,200,20960.000000,913.787075,,
1732477770566,00005,881.362958,0,25152.000000,2096.000000,200,20960.000000,803.962566,,
1732477770566,00011,881.362958,0,25152.000000,2096.000000,200,20960.000000,11.131213,,
1732477770566,00012,881.362958,0,25152.000000,2096.000000,200,20960.000000,1203.288892,,
1732477770566,00010,881.362958,0,25152.000000,2096.000000,200,20960.000000,1115.453812,,
1732477770566,00006,881.362958,0,25152.000000,2096.000000,200,20960.000000,972.389105,,
1732477770666,00003,1444.833593,0,25152.000000,2096.000000,200,20960.000000,0.000000,,
1732477770666,00001,1444.833593,0,25152.000000,2096.000000,200,20960.000000,1855.344196,,
1732477770666,00004,1444.833593,0,25152.000000,2096.000000,200,20960.000000,2092.267394,,
1732477770666,00009,1444.833593,0,25152.000000,2096.000000,200,20960.000000,1540.748872,,
1732477770666,00002,1444.833593,0,25152.000000,2096.000000,200,20960.000000,2304.955851,,
1732477770666,00007,1444.833593,0,25152.000000,2096.000000,200,20960.000000,1121.613502,,
1732477770666,00008,1444.833593,0,25152.000000,2096.000000,200,20960.000000,1600.597419,,
1732477770666,00005,1444.833593,0,25152.000000,2096.000000,200,20960.000000,1297.110525,,
1732477770666,00011,1444.833593,0,25152.000000,2096.000000,200,20960.000000,12.739775,,
1732477770666,00012,1444.833593,0,25152.000000,2096.000000,200,20960.000000,1939.618263,,
1732477770666,00010,1444.833593,0,25152.000000,2096.000000,200,20960.000000,1906.200705,,
1732477770666,00006,1444.833593,0,25152.000000,2096.000000,200,20960.000000,1666.806612,,
1732477770766,00003,2014.685506,0,25152.000000,2096.000000,200,20960.000000,0.000000,,
1732477770766,00001,2014.685506,0,25152.000000,2096.000000,200,20960.000000,2594.794048,,
1732477770766,00004,2014.685506,0,25152.000000,2096.000000,200,20960.000000,2909.609413,,
1732477770766,00009,2014.685506,0,25152.000000,2096.000000,200,20960.000000,2168.085259,,
1732477770766,00002,2014.685506,0,25152.000000,2096.000000,200,20960.000000,3065.833402,,
1732477770766,00007,2014.685506,0,25152.000000,2096.000000,200,20960.000000,1510.877615,,
1732477770766,00008,2014.685506,0,25152.000000,2096.000000,200,20960.000000,2317.800861,,
1732477770766,00005,2014.685506,0,25152.000000,2096.000000,200,20960.000000,1756.875831,,
1732477770766,00011,2014.685506,0,25152.000000,2096.000000,200,20960.000000,12.949596,,
1732477770766,00012,2014.685506,0,25152.000000,2096.000000,200,20960.000000,2804.142067,,
1732477770766,00010,2014.685506,0,25152.000000,2096.000000,200,20960.000000,2541.739513,,
1732477770766,00006,2014.685506,0,25152.000000,2096.000000,200,20960.000000,2493.518461,,
1732477770866,00003,2894.397471,0,25152.000000,2096.000000,200,20960.000000,4008.644029,,
1732477770866,00001,2894.397471,0,25152.000000,2096.000000,200,20960.000000,3292.457157,,
1732477770866,00004,2894.397471,0,25152.000000,2096.000000,200,20960.000000,3598.276080,,
1732477770866,00009,2894.397471,0,25152.000000,2096.000000,200,20960.000000,2803.301757,,
1732477770866,00002,2894.397471,0,25152.000000,2096.000000,200,20960.000000,3826.409929,,
1732477770866,00007,2894.397471,0,25152.000000,2096.000000,200,20960.000000,1897.858032,,
1732477770866,00008,2894.397471,0,25152.000000,2096.000000,200,20960.000000,2936.487758,,
1732477770866,00005,2894.397471,0,25152.000000,2096.000000,200,20960.000000,2170.490897,,
1732477770866,00011,2894.397471,0,25152.000000,2096.000000,200,20960.000000,13.436490,,
1732477770866,00012,2894.397471,0,25152.000000,2096.000000,200,20960.000000,3488.986391,,
1732477770866,00010,2894.397471,0,25152.000000,2096.000000,200,20960.000000,3444.639860,,
1732477770866,00006,2894.397471,0,25152.000000,2096.000000,200,20960.000000,3251.781270,,
1732477770966,00003,3174.656064,0,25152.000000,2096.000000,200,20960.000000,0.000000,,
1732477770966,00001,3174.656064,0,25152.000000,2096.000000,200,20960.000000,3995.875872,,
1732477770966,00004,3174.656064,0,25152.000000,2096.000000,200,20960.000000,4980.061800,,
1732477770966,00009,3174.656064,0,25152.000000,2096.000000,200,20960.000000,3442.902540,,
1732477770966,00002,3174.656064,0,25152.000000,2096.000000,200,20960.000000,4745.261970,,
1732477770966,00007,3174.656064,0,25152.000000,2096.000000,200,20960.000000,2264.451167,,
1732477770966,00008,3174.656064,0,25152.000000,2096.000000,200,20960.000000,3667.169575,,
1732477770966,00005,3174.656064,0,25152.000000,2096.000000,200,20960.000000,2535.386052,,
1732477770966,00011,3174.656064,0,25152.000000,2096.000000,200,20960.000000,9.942000,,
1732477770966,00012,3174.656064,0,25152.000000,2096.000000,200,20960.000000,4435.511120,,
1732477770966,00010,3174.656064,0,25152.000000,2096.000000,200,20960.000000,4068.742044,,
1732477770966,00006,3174.656064,0,25152.000000,2096.000000,200,20960.000000,3950.568626,,
1732477771066,00003,4159.395722,0,25152.000000,2096.000000,200,20960.000000,5532.453547,,
1732477771066,00001,4159.395722,0,25152.000000,2096.000000,200,20960.000000,4715.504915,,
1732477771066,00004,4159.395722,0,25152.000000,2096.000000,200,20960.000000,5110.061800,,
1732477771066,00009,4159.395722,0,25152.000000,2096.000000,200,20960.000000,4051.216779,,
1732477771066,00002,4159.395722,0,25152.000000,2096.000000,200,20960.000000,5664.428637,,
1732477771066,00007,4159.395722,0,25152.000000,2096.000000,200,20960.000000,2699.067984,,
1732477771066,00008,4159.395722,0,25152.000000,2096.000000,200,20960.000000,4311.060758,,
1732477771066,00005,4159.395722,0,25152.000000,2096.000000,200,20960.000000,3116.403872,,
1732477771066,00011,4159.395722,0,25152.000000,2096.000000,200,20960.000000,9.807630,,
1732477771066,00012,4159.395722,0,25152.000000,2096.000000,200,20960.000000,5234.912375,,
1732477771066,00010,4159.395722,0,25152.000000,2096.000000,200,20960.000000,4914.939397,,
1732477771066,00006,4159.395722,0,25152.000000,2096.000000,200,20960.000000,4552.890970,,
1732477771166,00003,4861.490431,0,25152.000000,2096.000000,200,20960.000000,6536.620213,,
1732477771166,00001,4861.490431,0,25152.000000,2096.000000,200,20960.000000,5379.077251,,
1732477771166,00004,4861.490431,0,25152.000000,2096.000000,200,20960.000000,6496.061800,,
1732477771166,00009,4861.490431,0,25152.000000,2096.000000,200,20960.000000,4681.109379,,
1732477771166,00002,4861.490431,0,25152.000000,2096.000000,200,20960.000000,6478.967333,,
1732477771166,00007,4861.490431,0,25152.000000,2096.000000,200,20960.000000,3180.444815,,
1732477771166,00008,4861.490431,0,25152.000000,2096.000000,200,20960.000000,4968.924131,,
1732477771166,00005,4861.490431,0,25152.000000,2096.000000,200,20960.000000,3684.592171,,
1732477771166,00011,4861.490431,0,25152.000000,2096.000000,200,20960.000000,9.807630,,
1732477771166,00012,4861.490431,0,25152.000000,2096.000000,200,20960.000000,5961.671825,,
1732477771166,00010,4861.490431,0,25152.000000,2096.000000,200,20960.000000,5691.675568,,
1732477771166,00006,4861.490431,0,25152.000000,2096.000000,200,20960.000000,5268.933059,,
1732477771266,00003,0.000000,0,125.760000,10.480000,1,104.800000,0.000000,,
1732477771266,00001,0.000000,0,125.760000,10.480000,1,104.800000,0.000000,,
1732477771266,00004,0.000000,0,125.760000,10.480000,1,104.800000,0.000000,,
1732477771266,00009,0.000000,0,125.760000,10.480000,1,104.800000,0.000000,,
1732477771266,00002,0.000000,0,125.760000,10.480000,1,104.800000,0.000000,,
1732477771266,00007,0.000000,0,125.760000,10.480000,1,104.800000,0.000000,,
1732477771266,00008,0.000000,0,125.760000,10.480000,1,104.800000,0.000000,,
1732477771266,00005,0.000000,0,125.760000,10.480000,1,104.800000,0.000000,,
1732477771266,00011,0.000000,0,125.760000,10.480000,1,104.800000,0.000000,,
1732477771266,00012,0.000000,0,125.760000,10.480000,1,104.800000,0.000000,,
1732477771266,00010,0.000000,0,125.760000,10.480000,1,104.800000,0.000000,,
1732477771266,00006,0.000000,0,125.760000,10.480000,1,104.800000,0.000000,,
1732477771366,00003,6144.850347,0,25152.000000,2096.000000,200,20960.000000,8249.120213,,
1732477771366,00001,6144.850347,0,25152.000000,2096.000000,200,20960.000000,6716.752856,,
1732477771366,00004,6144.850347,0,25152.000000,2096.000000,200,20960.000000,7804.704660,,
1732477771366,00009,6144.850347,0,25152.000000,2096.000000,200,20960.000000,5931.470512,,
1732477771366,00002,6144.850347,0,25152.000000,2096.000000,200,20960.000000,8278.547684,,
1732477771366,00007,6144.850347,0,25152.000000,2096.000000,200,20960.000000,4292.938328,,
1732477771366,00008,6144.850347,0,25152.000000,2096.000000,200,20960.000000,6171.773527,,
1732477771366,00005,6144.850347,0,25152.000000,2096.000000,200,20960.000000,4841.220642,,
1732477771366,00011,6144.850347,0,25152.000000,2096.000000,200,20960.000000,14.922921,,
1732477771366,00012,6144.850347,0,25152.000000,2096.000000,200,20960.000000,7654.660554,,
1732477771366,00010,6144.850347,0,25152.000000,2096.000000,200,20960.000000,7140.307557,,
1732477771366,00006,6144.850347,0,25152.000000,2096.000000,200,20960.000000,6641.784709,,
1732477771466,00003,6843.619096,0,25152.000000,2096.000000,200,20960.000000,8985.786880,,
1732477771466,00001,6843.619096,0,25152.000000,2096.000000,200,20960.000000,7510.153725,,
1732477771466,00004,6843.619096,0,25152.000000,2096.000000,200,20960.000000,9259.704660,,
1732477771466,00009,6843.619096,0,25152.000000,2096.000000,200,20960.000000,6540.622883,,
1732477771466,00002,6843.619096,0,25152.000000,2096.000000,200,20960.000000,9070.226260,,
1732477771466,00007,6843.619096,0,25152.000000,2096.000000,200,20960.000000,4775.769198,,
1732477771466,00008,6843.619096,0,25152.000000,2096.000000,200,20960.000000,6819.191536,,
1732477771466,00005,6843.619096,0,25152.000000,2096.000000,200,20960.000000,5333.838596,,
1732477771466,00011,6843.619096,0,25152.000000,2096.000000,200,20960.000000,9.807630,,
1732477771466,00012,6843.619096,0,25152.000000,2096.000000,200,20960.000000,8493.903980,,
1732477771466,00010,6843.619096,0,25152.000000,2096.000000,200,20960.000000,7992.648105,,
1732477771466,00006,6843.619096,0,25152.000000,2096.000000,200,20960.000000,7331.775694,,
1732477771566,00003,7535.792075,0,25152.000000,2096.000000,200,20960.000000,10060.072594,,
1732477771566,00001,7535.792075,0,25152.000000,2096.000000,200,20960.000000,8150.866403,,
1732477771566,00004,7535.792075,0,25152.000000,2096.000000,200,20960.000000,10062.522122,,
1732477771566,00009,7535.792075,0,25152.000000,2096.000000,200,20960.000000,7172.498151,,
1732477771566,00002,7535.792075,0,25152.000000,2096.000000,200,20960.000000,10148.892927,,
1732477771566,00007,7535.792075,0,25152.000000,2096.000000,200,20960.000000,5268.757079,,
1732477771566,00008,7535.792075,0,25152.000000,2096.000000,200,20960.000000,7473.669988,,
1732477771566,00005,7535.792075,0,25152.000000,2096.000000,200,20960.000000,5951.779247,,
1732477771566,00011,7535.792075,0,25152.000000,2096.000000,200,20960.000000,9.807630,,
1732477771566,00012,7535.792075,0,25152.000000,2096.000000,200,20960.000000,9428.626202,,
1732477771566,00010,7535.792075,0,25152.000000,2096.000000,200,20960.000000,8714.727457,,
1732477771566,00006,7535.792075,0,25152.000000,2096.000000,200,20960.000000,7987.285098,,
1732477771666,00003,7221.316333,0,25152.000000,2096.000000,200,20960.000000,10485.786880,,
1732477771666,00001,7221.316333,0,25152.000000,2096.000000,200,20960.000000,8864.569311,,
1732477771666,00004,7221.316333,0,25152.000000,2096.000000,200,20960.000000,10704.971975,,
1732477771666,00009,7221.316333,0,25152.000000,2096.000000,200,20960.000000,7783.159210,,
1732477771666,00002,7221.316333,0,25152.000000,2096.000000,200,20960.000000,0.000000,,
1732477771666,00007,7221.316333,0,25152.000000,2096.000000,200,20960.000000,5797.080847,,
1732477771666,00008,7221.316333,0,25152.000000,2096.000000,200,20960.000000,8072.302655,,
1732477771666,00005,7221.316333,0,25152.000000,2096.000000,200,20960.000000,6545.901842,,
1732477771666,00011,7221.316333,0,25152.000000,2096.000000,200,20960.000000,9.807630,,
1732477771666,00012,7221.316333,0,25152.000000,2096.000000,200,20960.000000,10206.526747,,
1732477771666,00010,7221.316333,0,25152.000000,2096.000000,200,20960.000000,9435.151443,,
1732477771666,00006,7221.316333,0,25152.000000,2096.000000,200,20960.000000,8750.537454,,
1732477771766,00003,8812.573467,0,25152.000000,2096.000000,200,20960.000000,11280.786880,,
1732477771766,00001,8812.573467,0,25152.000000,2096.000000,200,20960.000000,9677.585123,,
1732477771766,00004,8812.573467,0,25152.000000,2096.000000,200,20960.000000,11698.276080,,
1732477771766,00009,8812.573467,0,25152.000000,2096.000000,200,20960.000000,8415.697286,,
1732477771766,00002,8812.573467,0,25152.000000,2096.000000,200,20960.000000,11970.164566,,
1732477771766,00007,8812.573467,0,25152.000000,2096.000000,200,20960.000000,6231.313862,,
1732477771766,00008,8812.573467,0,25152.000000,2096.000000,200,20960.000000,8776.002003,,
1732477771766,00005,8812.573467,0,25152.000000,2096.000000,200,20960.000000,7140.146575,,
1732477771766,00011,8812.573467,0,25152.000000,2096.000000,200,20960.000000,9.807630,,
1732477771766,00012,8812.573467,0,25152.000000,2096.000000,200,20960.000000,10987.737675,,
1732477771766,00010,8812.573467,0,25152.000000,2096.000000,200,20960.000000,10148.859435,,
1732477771766,00006,8812.573467,0,25152.000000,2096.000000,200,20960.000000,9414.504488,,
1732477771866,00003,8402.520148,0,25152.000000,2096.000000,200,20960.000000,12430.786880,,
1732477771866,00001,8402.520148,0,25152.000000,2096.000000,200,20960.000000,10309.979402,,
1732477771866,00004,8402.520148,0,25152.000000,2096.000000,200,20960.000000,0.000000,,
1732477771866,00009,8402.520148,0,25152.000000,2096.000000,200,20960.000000,8961.540539,,
1732477771866,00002,8402.520148,0,25152.000000,2096.000000,200,20960.000000,12400.440540,,
1732477771866,00007,8402.520148,0,25152.000000,2096.000000,200,20960.000000,6666.971562,,
1732477771866,00008,8402.520148,0,25152.000000,2096.000000,200,20960.000000,9441.516222,,
1732477771866,00005,8402.520148,0,25152.000000,2096.000000,200,20960.000000,7709.894256,,
1732477771866,00011,8402.520148,0,25152.000000,2096.000000,200,20960.000000,9.807630,,
1732477771866,00012,8402.520148,0,25152.000000,2096.000000,200,20960.000000,11883.427778,,
1732477771866,00010,8402.520148,0,25152.000000,2096.000000,200,20960.000000,10927.588837,,
1732477771866,00006,8402.520148,0,25152.000000,2096.000000,200,20960.000000,10088.288132,,
1732477771966,00003,10183.420498,0,25152.000000,2096.000000,200,20960.000000,13324.179743,,
1732477771966,00001,10183.420498,0,25152.000000,2096.000000,200,20960.000000,11036.165631,,
1732477771966,00004,10183.420498,0,25152.000000,2096.000000,200,20960.000000,13695.061797,,
1732477771966,00009,10183.420498,0,25152.000000,2096.000000,200,20960.000000,9530.661470,,
1732477771966,00002,10183.420498,0,25152.000000,2096.000000,200,20960.000000,13995.857210,,
1732477771966,00007,10183.420498,0,25152.000000,2096.000000,200,20960.000000,7189.089212,,
1732477771966,00008,10183.420498,0,25152.000000,2096.000000,200,20960.000000,10111.779966,,
1732477771966,00005,10183.420498,0,25152.000000,2096.000000,200,20960.000000,8245.966436,,
1732477771966,00011,10183.420498,0,25152.000000,2096.000000,200,20960.000000,9.807630,,
1732477771966,00012,10183.420498,0,25152.000000,2096.000000,200,20960.000000,12542.862303,,
1732477771966,00010,10183.420498,0,25152.000000,2096.000000,200,20960.000000,11694.008901,,
1732477771966,00006,10183.420498,0,25152.000000,2096.000000,200,20960.000000,10825.605677,,
1732477772066,00003,9623.559805,0,25152.000000,2096.000000,200,20960.000000,0.000000,,
1732477772066,00001,9623.559805,0,25152.000000,2096.000000,200,20960.000000,11749.256291,,
1732477772066,00004,9623.559805,0,25152.000000,2096.000000,200,20960.000000,14428.490368,,
1732477772066,00009,9623.559805,0,25152.000000,2096.000000,200,20960.000000,10112.722541,,
1732477772066,00002,9623.559805,0,25152.000000,2096.000000,200,20960.000000,14668.042586,,
1732477772066,00007,9623.559805,0,25152.000000,2096.000000,200,20960.000000,7671.179150,,
1732477772066,00008,9623.559805,0,25152.000000,2096.000000,200,20960.000000,10774.149956,,
1732477772066,00005,9623.559805,0,25152.000000,2096.000000,200,20960.000000,8852.334001,,
1732477772066,00011,9623.559805,0,25152.000000,2096.000000,200,20960.000000,9.807630,,
1732477772066,00012,9623.559805,0,25152.000000,2096.000000,200,20960.000000,13220.689683,,
1732477772066,00010,9623.559805,0,25152.000000,2096.000000,200,20960.000000,12502.517409,,
1732477772066,00006,9623.559805,0,25152.000000,2096.000000,200,20960.000000,11493.528043,,
1732477772166,00003,10231.337495,0,25152.000000,2096.000000,200,20960.000000,0.000000,,
1732477772166,00001,10231.337495,0,25152.000000,2096.000000,200,20960.000000,12493.939439,,
1732477772166,00004,10231.337495,0,25152.000000,2096.000000,200,20960.000000,15449.232719,,
1732477772166,00009,10231.337495,0,25152.000000,2096.000000,200,20960.000000,10752.466594,,
1732477772166,00002,10231.337495,0,25152.000000,2096.000000,200,20960.000000,15534.250067,,
1732477772166,00007,10231.337495,0,25152.000000,2096.000000,200,20960.000000,8077.117198,,
1732477772166,00008,10231.337495,0,25152.000000,2096.000000,200,20960.000000,11385.088860,,
1732477772166,00005,10231.337495,0,25152.000000,2096.000000,200,20960.000000,9399.610951,,
1732477772166,00011,10231.337495,0,25152.000000,2096.000000,200,20960.000000,9.807630,,
1732477772166,00012,10231.337495,0,25152.000000,2096.000000,200,20960.000000,14099.171825,,
1732477772166,00010,10231.337495,0,25152.000000,2096.000000,200,20960.000000,13217.476709,,
1732477772166,00006,10231.337495,0,25152.000000,2096.000000,200,20960.000000,12357.887943,,
1732477772266,00003,0.817302,0,125.760000,10.480000,1,104.800000,0.000000,,
1732477772266,00001,0.817302,0,125.760000,10.480000,1,104.800000,0.000000,,
1732477772266,00004,0.817302,0,125.760000,10.480000,1,104.800000,0.000000,,
1732477772266,00009,0.817302,0,125.760000,10.480000,1,104.800000,0.000000,,
1732477772266,00002,0.817302,0,125.760000,10.480000,1,104.800000,0.000000,,
1732477772266,00007,0.817302,0,125.760000,10.480000,1,104.800000,0.000000,,
1732477772266,00008,0.817302,0,125.760000,10.480000,1,104.800000,0.000000,,
1732477772266,00005,0.817302,0,125.760000,10.480000,1,104.800000,0.000000,,
1732477772266,00011,0.817302,0,125.760000,10.480000,1,104.800000,9.807630,,
1732477772266,00012,0.817302,0,125.760000,10.480000,1,104.800000,0.000000,,
1732477772266,00010,0.817302,0,125.760000,10.480000,1,104.800000,0.000000,,
1732477772266,00006,0.817302,0,125.760000,10.480000,1,104.800000,0.000000,,
1732477772366,00003,9951.441145,0,25152.000000,2096.000000,200,20960.000000,0.000000,,
1732477772366,00001,9951.441145,0,25152.000000,2096.000000,200,20960.000000,13871.024257,,
1732477772366,00004,9951.441145,0,25152.000000,2096.000000,200,20960.000000,17071.470532,,
1732477772366,00009,9951.441145,0,25152.000000,2096.000000,200,20960.000000,11984.240753,,
1732477772366,00002,9951.441145,0,25152.000000,2096.000000,200,20960.000000,0.000000,,
1732477772366,00007,9951.441145,0,25152.000000,2096.000000,200,20960.000000,8937.345959,,
1732477772366,00008,9951.441145,0,25152.000000,2096.000000,200,20960.000000,12733.570798,,
1732477772366,00005,9951.441145,0,25152.000000,2096.000000,200,20960.000000,10565.119683,,
1732477772366,00011,9951.441145,0,25152.000000,2096.000000,200,20960.000000,9.807630,,
1732477772366,00012,9951.441145,0,25152.000000,2096.000000,200,20960.000000,15841.608054,,
1732477772366,00010,9951.441145,0,25152.000000,2096.000000,200,20960.000000,14725.976589,,
1732477772366,00006,9951.441145,0,25152.000000,2096.000000,200,20960.000000,13677.129485,,
1732477772466,00003,11997.581025,0,25152.000000,2096.000000,200,20960.000000,0.000000,,
1732477772466,00001,11997.581025,0,25152.000000,2096.000000,200,20960.000000,14699.518803,,
1732477772466,00004,11997.581025,0,25152.000000,2096.000000,200,20960.000000,17944.168940,,
1732477772466,00009,11997.581025,0,25152.000000,2096.000000,200,20960.000000,12606.148154,,
1732477772466,00002,11997.581025,0,25152.000000,2096.000000,200,20960.000000,18034.011968,,
1732477772466,00007,11997.581025,0,25152.000000,2096.000000,200,20960.000000,9419.112363,,
1732477772466,00008,11997.581025,0,25152.000000,2096.000000,200,20960.000000,13342.055432,,
1732477772466,00005,11997.581025,0,25152.000000,2096.000000,200,20960.000000,11222.206612,,
1732477772466,00011,11997.581025,0,25152.000000,2096.000000,200,20960.000000,9.807630,,
1732477772466,00012,11997.581025,0,25152.000000,2096.000000,200,20960.000000,16930.332540,,
1732477772466,00010,11997.581025,0,25152.000000,2096.000000,200,20960.000000,15441.150570,,
1732477772466,00006,11997.581025,0,25152.000000,2096.000000,200,20960.000000,14322.459287,,
1732477772566,00003,14134.007327,0,25152.000000,2096.000000,200,20960.000000,18809.358320,,
1732477772566,00001,14134.007327,0,25152.000000,2096.000000,200,20960.000000,15408.013458,,
1732477772566,00004,14134.007327,0,25152.000000,2096.000000,200,20960.000000,18910.776083,,
1732477772566,00009,14134.007327,0,25152.000000,2096.000000,200,20960.000000,13208.893616,,
1732477772566,00002,14134.007327,0,25152.000000,2096.000000,200,20960.000000,18989.177786,,
1732477772566,00007,14134.007327,0,25152.000000,2096.000000,200,20960.000000,9894.818502,,
1732477772566,00008,14134.007327,0,25152.000000,2096.000000,200,20960.000000,14049.161460,,
1732477772566,00005,14134.007327,0,25152.000000,2096.000000,200,20960.000000,11742.237150,,
1732477772566,00011,14134.007327,0,25152.000000,2096.000000,200,20960.000000,9.807630,,
1732477772566,00012,14134.007327,0,25152.000000,2096.000000,200,20960.000000,17420.740706,,
1732477772566,00010,14134.007327,0,25152.000000,2096.000000,200,20960.000000,16176.182064,,
1732477772566,00006,14134.007327,0,25152.000000,2096.000000,200,20960.000000,14988.921150,,
1732477772666,00003,13174.284430,0,25152.000000,2096.000000,200,20960.000000,0.000000,,
1732477772666,00001,13174.284430,0,25152.000000,2096.000000,200,20960.000000,16250.222234,,
1732477772666,00004,13174.284430,0,25152.000000,2096.000000,200,20960.000000,19787.623026,,
1732477772666,00009,13174.284430,0,25152.000000,2096.000000,200,20960.000000,13808.692325,,
1732477772666,00002,13174.284430,0,25152.000000,2096.000000,200,20960.000000,19776.588504,,
1732477772666,00007,13174.284430,0,25152.000000,2096.000000,200,20960.000000,10329.956708,,
1732477772666,00008,13174.284430,0,25152.000000,2096.000000,200,20960.000000,14652.932008,,
1732477772666,00005,13174.284430,0,25152.000000,2096.000000,200,20960.000000,12327.908143,,
1732477772666,00011,13174.284430,0,25152.000000,2096.000000,200,20960.000000,9.807630,,
1732477772666,00012,13174.284430,0,25152.000000,2096.000000,200,20960.000000,18360.520049,,
1732477772666,00010,13174.284430,0,25152.000000,2096.000000,200,20960.000000,16978.816687,,
1732477772666,00006,13174.284430,0,25152.000000,2096.000000,200,20960.000000,15808.345845,,
1732477772766,00003,13693.127779,0,25152.000000,2096.000000,200,20960.000000,20659.358320,,
1732477772766,00001,13693.127779,0,25152.000000,2096.000000,200,20960.000000,16878.117811,,
1732477772766,00004,13693.127779,0,25152.000000,2096.000000,200,20960.000000,20327.668942,,
1732477772766,00009,13693.127779,0,25152.000000,2096.000000,200,20960.000000,14518.345327,,
1732477772766,00002,13693.127779,0,25152.000000,2096.000000,200,20960.000000,0.000000,,
1732477772766,00007,13693.127779,0,25152.000000,2096.000000,200,20960.000000,10760.866947,,
1732477772766,00008,13693.127779,0,25152.000000,2096.000000,200,20960.000000,15247.350332,,
1732477772766,00005,13693.127779,0,25152.000000,2096.000000,200,20960.000000,12804.700392,,
1732477772766,00011,13693.127779,0,25152.000000,2096.000000,200,20960.000000,9.807630,,
1732477772766,00012,13693.127779,0,25152.000000,2096.000000,200,20960.000000,18885.903980,,
1732477772766,00010,13693.127779,0,25152.000000,2096.000000,200,20960.000000,17741.881404,,
1732477772766,00006,13693.127779,0,25152.000000,2096.000000,200,20960.000000,16483.532264,,
1732477772866,00003,14275.844942,0,25152.000000,2096.000000,200,20960.000000,21125.822606,,
1732477772866,00001,14275.844942,0,25152.000000,2096.000000,200,20960.000000,17603.340375,,
1732477772866,00004,14275.844942,0,25152.000000,2096.000000,200,20960.000000,21580.776080,,
1732477772866,00009,14275.844942,0,25152.000000,2096.000000,200,20960.000000,15052.375311,,
1732477772866,00002,14275.844942,0,25152.000000,2096.000000,200,20960.000000,0.000000,,
1732477772866,00007,14275.844942,0,25152.000000,2096.000000,200,20960.000000,11197.859195,,
1732477772866,00008,14275.844942,0,25152.000000,2096.000000,200,20960.000000,15906.543813,,
1732477772866,00005,14275.844942,0,25152.000000,2096.000000,200,20960.000000,13399.039096,,
1732477772866,00011,14275.844942,0,25152.000000,2096.000000,200,20960.000000,9.807630,,
1732477772866,00012,14275.844942,0,25152.000000,2096.000000,200,20960.000000,19923.063640,,
1732477772866,00010,14275.844942,0,25152.000000,2096.000000,200,20960.000000,18394.317560,,
1732477772866,00006,14275.844942,0,25152.000000,2096.000000,200,20960.000000,17117.193993,,
1732477772966,00003,14934.392750,0,25152.000000,2096.000000,200,20960.000000,0.000000,,
1732477772966,00001,14934.392750,0,25152.000000,2096.000000,200,20960.000000,18361.289636,,
1732477772966,00004,14934.392750,0,25152.000000,2096.000000,200,20960.000000,22333.531183,,
1732477772966,00009,14934.392750,0,25152.000000,2096.000000,200,20960.000000,15653.830739,,
1732477772966,00002,14934.392750,0,25152.000000,2096.000000,200,20960.000000,22824.726260,,
1732477772966,00007,14934.392750,0,25152.000000,2096.000000,200,20960.000000,11691.536097,,
1732477772966,00008,14934.392750,0,25152.000000,2096.000000,200,20960.000000,16592.867627,,
1732477772966,00005,14934.392750,0,25152.000000,2096.000000,200,20960.000000,13969.343093,,
1732477772966,00011,14934.392750,0,25152.000000,2096.000000,200,20960.000000,9.807630,,
1732477772966,00012,14934.392750,0,25152.000000,2096.000000,200,20960.000000,20727.199425,,
1732477772966,00010,14934.392750,0,25152.000000,2096.000000,200,20960.000000,19217.093941,,
1732477772966,00006,14934.392750,0,25152.000000,2096.000000,200,20960.000000,17831.487374,,
1732477773066,00003,17433.258852,0,25152.000000,2096.000000,200,20960.000000,23169.536890,,
1732477773066,00001,17433.258852,0,25152.000000,2096.000000,200,20960.000000,19046.007276,,
1732477773066,00004,17433.258852,0,25152.000000,2096.000000,200,20960.000000,23355.617353,,
1732477773066,00009,17433.258852,0,25152.000000,2096.000000,200,20960.000000,16230.333889,,
1732477773066,00002,17433.258852,0,25152.000000,2096.000000,200,20960.000000,23272.226260,,
1732477773066,00007,17433.258852,0,25152.000000,2096.000000,200,20960.000000,12165.325270,,
1732477773066,00008,17433.258852,0,25152.000000,2096.000000,200,20960.000000,17227.114982,,
1732477773066,00005,17433.258852,0,25152.000000,2096.000000,200,20960.000000,14512.575352,,
1732477773066,00011,17433.258852,0,25152.000000,2096.000000,200,20960.000000,9.807630,,
1732477773066,00012,17433.258852,0,25152.000000,2096.000000,200,20960.000000,21698.368256,,
1732477773066,00010,17433.258852,0,25152.000000,2096.000000,200,20960.000000,19987.971741,,
1732477773066,00006,17433.258852,0,25152.000000,2096.000000,200,20960.000000,18524.221324,,
1732477773166,00003,14000.245778,0,25152.000000,2096.000000,200,20960.000000,0.000000,,
1732477773166,00001,14000.245778,0,25152.000000,2096.000000,200,20960.000000,19734.572016,,
1732477773166,00004,14000.245778,0,25152.000000,2096.000000,200,20960.000000,23737.561800,,
1732477773166,00009,14000.245778,0,25152.000000,2096.000000,200,20960.000000,16872.054675,,
1732477773166,00002,14000.245778,0,25152.000000,2096.000000,200,20960.000000,0.000000,,
1732477773166,00007,14000.245778,0,25152.000000,2096.000000,200,20960.000000,12599.315115,,
1732477773166,00008,14000.245778,0,25152.000000,2096.000000,200,20960.000000,17917.481656,,
1732477773166,00005,14000.245778,0,25152.000000,2096.000000,200,20960.000000,15089.310260,,
1732477773166,00011,14000.245778,0,25152.000000,2096.000000,200,20960.000000,9.807630,,
1732477773166,00012,14000.245778,0,25152.000000,2096.000000,200,20960.000000,22052.653970,,
1732477773166,00010,14000.245778,0,25152.000000,2096.000000,200,20960.000000,20716.696135,,
1732477773166,00006,14000.245778,0,25152.000000,2096.000000,200,20960.000000,19273.496083,,
1732477773266,00003,1102.307847,0,125.760000,10.480000,1,104.800000,0.000000,,
1732477773266,00001,1102.307847,0,125.760000,10.480000,1,104.800000,0.000000,,
1732477773266,00004,1102.307847,0,125.760000,10.480000,1,104.800000,0.000000,,
1732477773266,00009,1102.307847,0,125.760000,10.480000,1,104.800000,0.000000,,
1732477773266,00002,1102.307847,0,125.760000,10.480000,1,104.800000,0.000000,,
1732477773266,00007,1102.307847,0,125.760000,10.480000,1,104.800000,13217.886540,,
1732477773266,00008,1102.307847,0,125.760000,10.480000,1,104.800000,0.000000,,
1732477773266,00005,1102.307847,0,125.760000,10.480000,1,104.800000,0.000000,,
1732477773266,00011,1102.307847,0,125.760000,10.480000,1,104.800000,9.807630,,
1732477773266,00012,1102.307847,0,125.760000,10.480000,1,104.800000,0.000000,,
1732477773266,00010,1102.307847,0,125.760000,10.480000,1,104.800000,0.000000,,
1732477773266,00006,1102.307847,0,125.760000,10.480000,1,104.800000,0.000000,,
1732477773366,00003,17188.276744,0,25152.000000,2096.000000,200,20960.000000,25558.068630,,
1732477773366,00001,17188.276744,0,25152.000000,2096.000000,200,20960.000000,21083.563216,,
1732477773366,00004,17188.276744,0,25152.000000,2096.000000,200,20960.000000,25753.438422,,
1732477773366,00009,17188.276744,0,25152.000000,2096.000000,200,20960.000000,18066.970165,,
1732477773366,00002,17188.276744,0,25152.000000,2096.000000,200,20960.000000,0.000000,,
1732477773366,00007,17188.276744,0,25152.000000,2096.000000,200,20960.000000,13388.747416,,
1732477773366,00008,17188.276744,0,25152.000000,2096.000000,200,20960.000000,19189.426626,,
1732477773366,00005,17188.276744,0,25152.000000,2096.000000,200,20960.000000,16198.283887,,
1732477773366,00011,17188.276744,0,25152.000000,2096.000000,200,20960.000000,9.807630,,
1732477773366,00012,17188.276744,0,25152.000000,2096.000000,200,20960.000000,24142.653970,,
1732477773366,00010,17188.276744,0,25152.000000,2096.000000,200,20960.000000,22209.260400,,
1732477773366,00006,17188.276744,0,25152.000000,2096.000000,200,20960.000000,20659.100573,,
1732477773466,00003,17791.235821,0,25152.000000,2096.000000,200,20960.000000,0.000000,,
1732477773466,00001,17791.235821,0,25152.000000,2096.000000,200,20960.000000,21715.629917,,
1732477773466,00004,17791.235821,0,25152.000000,2096.000000,200,20960.000000,26280.061800,,
1732477773466,00009,17791.235821,0,25152.000000,2096.000000,200,20960.000000,18655.496395,,
1732477773466,00002,17791.235821,0,25152.000000,2096.000000,200,20960.000000,27637.717333,,
1732477773466,00007,17791.235821,0,25152.000000,2096.000000,200,20960.000000,13784.313329,,
1732477773466,00008,17791.235821,0,25152.000000,2096.000000,200,20960.000000,19818.358201,,
1732477773466,00005,17791.235821,0,25152.000000,2096.000000,200,20960.000000,16644.776275,,
1732477773466,00011,17791.235821,0,25152.000000,2096.000000,200,20960.000000,9.807630,,
1732477773466,00012,17791.235821,0,25152.000000,2096.000000,200,20960.000000,24870.730893,,
1732477773466,00010,17791.235821,0,25152.000000,2096.000000,200,20960.000000,22774.818436,,
1732477773466,00006,17791.235821,0,25152.000000,2096.000000,200,20960.000000,21303.119643,,
1732477773566,00003,18371.733462,0,25152.000000,2096.000000,200,20960.000000,0.000000,,
1732477773566,00001,18371.733462,0,25152.000000,2096.000000,200,20960.000000,22394.088254,,
1732477773566,00004,18371.733462,0,25152.000000,2096.000000,200,20960.000000,27610.061800,,
1732477773566,00009,18371.733462,0,25152.000000,2096.000000,200,20960.000000,19307.966987,,
1732477773566,00002,18371.733462,0,25152.000000,2096.000000,200,20960.000000,27993.476260,,
1732477773566,00007,18371.733462,0,25152.000000,2096.000000,200,20960.000000,14229.509350,,
1732477773566,00008,18371.733462,0,25152.000000,2096.000000,200,20960.000000,20515.209927,,
1732477773566,00005,18371.733462,0,25152.000000,2096.000000,200,20960.000000,17154.158144,,
1732477773566,00011,18371.733462,0,25152.000000,2096.000000,200,20960.000000,9.807630,,
1732477773566,00012,18371.733462,0,25152.000000,2096.000000,200,20960.000000,25685.227025,,
1732477773566,00010,18371.733462,0,25152.000000,2096.000000,200,20960.000000,23438.484395,,
1732477773566,00006,18371.733462,0,25152.000000,2096.000000,200,20960.000000,22122.811776,,
1732477773666,00003,16545.354650,0,25152.000000,2096.000000,200,20960.000000,0.000000,,
1732477773666,00001,16545.354650,0,25152.000000,2096.000000,200,20960.000000,23232.366027,,
1732477773666,00004,16545.354650,0,25152.000000,2096.000000,200,20960.000000,28413.883230,,
1732477773666,00009,16545.354650,0,25152.000000,2096.000000,200,20960.000000,19901.650075,,
1732477773666,00002,16545.354650,0,25152.000000,2096.000000,200,20960.000000,0.000000,,
1732477773666,00007,16545.354650,0,25152.000000,2096.000000,200,20960.000000,14632.499389,,
1732477773666,00008,16545.354650,0,25152.000000,2096.000000,200,20960.000000,21075.495681,,
1732477773666,00005,16545.354650,0,25152.000000,2096.000000,200,20960.000000,17591.391022,,
1732477773666,00011,16545.354650,0,25152.000000,2096.000000,200,20960.000000,9.807630,,
1732477773666,00012,16545.354650,0,25152.000000,2096.000000,200,20960.000000,26552.252186,,
1732477773666,00010,16545.354650,0,25152.000000,2096.000000,200,20960.000000,24428.876309,,
1732477773666,00006,16545.354650,0,25152.000000,2096.000000,200,20960.000000,22706.034250,,
1732477773766,00003,19482.107015,0,25152.000000,2096.000000,200,20960.000000,29036.215456,,
1732477773766,00001,19482.107015,0,25152.000000,2096.000000,200,20960.000000,24113.628423,,
1732477773766,00004,19482.107015,0,25152.000000,2096.000000,200,20960.000000,29255.537993,,
1732477773766,00009,19482.107015,0,25152.000000,2096.000000,200,20960.000000,20596.489187,,
1732477773766,00002,19482.107015,0,25152.000000,2096.000000,200,20960.000000,0.000000,,
1732477773766,00007,19482.107015,0,25152.000000,2096.000000,200,20960.000000,15059.006960,,
1732477773766,00008,19482.107015,0,25152.000000,2096.000000,200,20960.000000,21773.340030,,
1732477773766,00005,19482.107015,0,25152.000000,2096.000000,200,20960.000000,18053.774009,,
1732477773766,00011,19482.107015,0,25152.000000,2096.000000,200,20960.000000,9.807630,,
1732477773766,00012,19482.107015,0,25152.000000,2096.000000,200,20960.000000,27216.743259,,
1732477773766,00010,19482.107015,0,25152.000000,2096.000000,200,20960.000000,25234.937477,,
1732477773766,00006,19482.107015,0,25152.000000,2096.000000,200,20960.000000,23435.803750,,
1732477773866,00003,20109.595626,0,25152.000000,2096.000000,200,20960.000000,29950.251170,,
1732477773866,00001,20109.595626,0,25152.000000,2096.000000,200,20960.000000,24800.510868,,
1732477773866,00004,20109.595626,0,25152.000000,2096.000000,200,20960.000000,30342.624307,,
1732477773866,00009,20109.595626,0,25152.000000,2096.000000,200,20960.000000,21223.504178,,
1732477773866,00002,20109.595626,0,25152.000000,2096.000000,200,20960.000000,0.000000,,
1732477773866,00007,20109.595626,0,25152.000000,2096.000000,200,20960.000000,15501.006844,,
1732477773866,00008,20109.595626,0,25152.000000,2096.000000,200,20960.000000,22455.865276,,
1732477773866,00005,20109.595626,0,25152.000000,2096.000000,200,20960.000000,18606.189850,,
1732477773866,00011,20109.595626,0,25152.000000,2096.000000,200,20960.000000,9.807630,,
1732477773866,00012,20109.595626,0,25152.000000,2096.000000,200,20960.000000,28127.281076,,
1732477773866,00010,20109.595626,0,25152.000000,2096.000000,200,20960.000000,26093.445978,,
1732477773866,00006,20109.595626,0,25152.000000,2096.000000,200,20960.000000,24204.660333,,
1732477773966,00003,20802.711566,0,25152.000000,2096.000000,200,20960.000000,0.000000,,
1732477773966,00001,20802.711566,0,25152.000000,2096.000000,200,20960.000000,25495.140630,,
1732477773966,00004,20802.711566,0,25152.000000,2096.000000,200,20960.000000,31146.252273,,
1732477773966,00009,20802.711566,0,25152.000000,2096.000000,200,20960.000000,21793.035113,,
1732477773966,00002,20802.711566,0,25152.000000,2096.000000,200,20960.000000,32202.166737,,
1732477773966,00007,20802.711566,0,25152.000000,2096.000000,200,20960.000000,15935.304497,,
1732477773966,00008,20802.711566,0,25152.000000,2096.000000,200,20960.000000,23109.893287,,
1732477773966,00005,20802.711566,0,25152.000000,2096.000000,200,20960.000000,19185.153384,,
1732477773966,00011,20802.711566,0,25152.000000,2096.000000,200,20960.000000,9.807630,,
1732477773966,00012,20802.711566,0,25152.000000,2096.000000,200,20960.000000,28933.952672,,
1732477773966,00010,20802.711566,0,25152.000000,2096.000000,200,20960.000000,26810.201834,,
1732477773966,00006,20802.711566,0,25152.000000,2096.000000,200,20960.000000,25011.630733,,
1732477774066,00003,24029.061301,0,25152.000000,2096.000000,200,20960.000000,31939.417837,,
1732477774066,00001,24029.061301,0,25152.000000,2096.000000,200,20960.000000,26204.609084,,
1732477774066,00004,24029.061301,0,25152.000000,2096.000000,200,20960.000000,32022.918940,,
1732477774066,00009,24029.061301,0,25152.000000,2096.000000,200,20960.000000,22377.352649,,
1732477774066,00002,24029.061301,0,25152.000000,2096.000000,200,20960.000000,32580.083400,,
1732477774066,00007,24029.061301,0,25152.000000,2096.000000,200,20960.000000,16385.126058,,
1732477774066,00008,24029.061301,0,25152.000000,2096.000000,200,20960.000000,23813.105768,,
1732477774066,00005,24029.061301,0,25152.000000,2096.000000,200,20960.000000,19791.263408,,
1732477774066,00011,24029.061301,0,25152.000000,2096.000000,200,20960.000000,9.807630,,
1732477774066,00012,24029.061301,0,25152.000000,2096.000000,200,20960.000000,29807.207540,,
1732477774066,00010,24029.061301,0,25152.000000,2096.000000,200,20960.000000,27615.373449,,
1732477774066,00006,24029.061301,0,25152.000000,2096.000000,200,20960.000000,25802.469849,,
1732477774166,00003,24735.650364,0,25152.000000,2096.000000,200,20960.000000,33137.751170,,
1732477774166,00001,24735.650364,0,25152.000000,2096.000000,200,20960.000000,26915.266033,,
1732477774166,00004,24735.650364,0,25152.000000,2096.000000,200,20960.000000,32832.204660,,
1732477774166,00009,24735.650364,0,25152.000000,2096.000000,200,20960.000000,22990.267325,,
1732477774166,00002,24735.650364,0,25152.000000,2096.000000,200,20960.000000,33798.416733,,
1732477774166,00007,24735.650364,0,25152.000000,2096.000000,200,20960.000000,16876.372487,,
1732477774166,00008,24735.650364,0,25152.000000,2096.000000,200,20960.000000,24474.853355,,
1732477774166,00005,24735.650364,0,25152.000000,2096.000000,200,20960.000000,20394.460015,,
1732477774166,00011,24735.650364,0,25152.000000,2096.000000,200,20960.000000,9.807630,,
1732477774166,00012,24735.650364,0,25152.000000,2096.000000,200,20960.000000,30665.656203,,
1732477774166,00010,24735.650364,0,25152.000000,2096.000000,200,20960.000000,28367.910166,,
1732477774166,00006,24735.650364,0,25152.000000,2096.000000,200,20960.000000,26364.838586,,
1732477774266,00003,3767.265655,0,125.760000,10.480000,1,104.800000,0.000000,,
1732477774266,00001,3767.265655,0,125.760000,10.480000,1,104.800000,0.000000,,
1732477774266,00004,3767.265655,0,125.760000,10.480000,1,104.800000,0.000000,,
1732477774266,00009,3767.265655,0,125.760000,10.480000,1,104.800000,23980.722080,,
1732477774266,00002,3767.265655,0,125.760000,10.480000,1,104.800000,0.000000,,
1732477774266,00007,3767.265655,0,125.760000,10.480000,1,104.800000,0.000000,,
1732477774266,00008,3767.265655,0,125.760000,10.480000,1,104.800000,0.000000,,
1732477774266,00005,3767.265655,0,125.760000,10.480000,1,104.800000,21216.658150,,
1732477774266,00011,3767.265655,0,125.760000,10.480000,1,104.800000,9.807630,,
1732477774266,00012,3767.265655,0,125.760000,10.480000,1,104.800000,0.000000,,
1732477774266,00010,3767.265655,0,125.760000,10.480000,1,104.800000,0.000000,,
1732477774266,00006,3767.265655,0,125.760000,10.480000,1,104.800000,0.000000,,
1732477774366,00003,23164.900607,0,25152.000000,2096.000000,200,20960.000000,0.000000,,
1732477774366,00001,23164.900607,0,25152.000000,2096.000000,200,20960.000000,28390.200381,,
1732477774366,00004,23164.900607,0,25152.000000,2096.000000,200,20960.000000,34878.133224,,
1732477774366,00009,23164.900607,0,25152.000000,2096.000000,200,20960.000000,24269.044964,,
1732477774366,00002,23164.900607,0,25152.000000,2096.000000,200,20960.000000,35549.011980,,
1732477774366,00007,23164.900607,0,25152.000000,2096.000000,200,20960.000000,17898.534757,,
1732477774366,00008,23164.900607,0,25152.000000,2096.000000,200,20960.000000,25691.133132,,
1732477774366,00005,23164.900607,0,25152.000000,2096.000000,200,20960.000000,21528.759626,,
1732477774366,00011,23164.900607,0,25152.000000,2096.000000,200,20960.000000,11.010733,,
1732477774366,00012,23164.900607,0,25152.000000,2096.000000,200,20960.000000,32062.218701,,
1732477774366,00010,23164.900607,0,25152.000000,2096.000000,200,20960.000000,29923.558506,,
1732477774366,00006,23164.900607,0,25152.000000,2096.000000,200,20960.000000,27777.201280,,
1732477774466,00003,23737.192864,0,25152.000000,2096.000000,200,20960.000000,0.000000,,
1732477774466,00001,23737.192864,0,25152.000000,2096.000000,200,20960.000000,29177.522769,,
1732477774466,00004,23737.192864,0,25152.000000,2096.000000,200,20960.000000,35408.056928,,
1732477774466,00009,23737.192864,0,25152.000000,2096.000000,200,20960.000000,24870.261562,,
1732477774466,00002,23737.192864,0,25152.000000,2096.000000,200,20960.000000,36416.677794,,
1732477774466,00007,23737.192864,0,25152.000000,2096.000000,200,20960.000000,18354.675476,,
1732477774466,00008,23737.192864,0,25152.000000,2096.000000,200,20960.000000,26324.783812,,
1732477774466,00005,23737.192864,0,25152.000000,2096.000000,200,20960.000000,22085.873982,,
1732477774466,00011,23737.192864,0,25152.000000,2096.000000,200,20960.000000,12.864668,,
1732477774466,00012,23737.192864,0,25152.000000,2096.000000,200,20960.000000,33084.332540,,
1732477774466,00010,23737.192864,0,25152.000000,2096.000000,200,20960.000000,30666.623984,,
1732477774466,00006,23737.192864,0,25152.000000,2096.000000,200,20960.000000,28444.640851,,
1732477774566,00003,24308.814226,0,25152.000000,2096.000000,200,20960.000000,0.000000,,
1732477774566,00001,24308.814226,0,25152.000000,2096.000000,200,20960.000000,29901.476685,,
1732477774566,00004,24308.814226,0,25152.000000,2096.000000,200,20960.000000,36228.233226,,
1732477774566,00009,24308.814226,0,25152.000000,2096.000000,200,20960.000000,25453.813739,,
1732477774566,00002,24308.814226,0,25152.000000,2096.000000,200,20960.000000,37269.646900,,
1732477774566,00007,24308.814226,0,25152.000000,2096.000000,200,20960.000000,18814.632941,,
1732477774566,00008,24308.814226,0,25152.000000,2096.000000,200,20960.000000,27039.887298,,
1732477774566,00005,24308.814226,0,25152.000000,2096.000000,200,20960.000000,22592.479187,,
1732477774566,00011,24308.814226,0,25152.000000,2096.000000,200,20960.000000,12.741947,,
1732477774566,00012,24308.814226,0,25152.000000,2096.000000,200,20960.000000,33774.261120,,
1732477774566,00010,24308.814226,0,25152.000000,2096.000000,200,20960.000000,31477.824382,,
1732477774566,00006,24308.814226,0,25152.000000,2096.000000,200,20960.000000,29140.773283,,
1732477774666,00003,24913.769004,0,25152.000000,2096.000000,200,20960.000000,0.000000,,
1732477774666,00001,24913.769004,0,25152.000000,2096.000000,200,20960.000000,30568.273359,,
1732477774666,00004,24913.769004,0,25152.000000,2096.000000,200,20960.000000,37281.864519,,
1732477774666,00009,24913.769004,0,25152.000000,2096.000000,200,20960.000000,26045.648937,,
1732477774666,00002,24913.769004,0,25152.000000,2096.000000,200,20960.000000,38078.458405,,
1732477774666,00007,24913.769004,0,25152.000000,2096.000000,200,20960.000000,19338.390207,,
1732477774666,00008,24913.769004,0,25152.000000,2096.000000,200,20960.000000,27676.925383,,
1732477774666,00005,24913.769004,0,25152.000000,2096.000000,200,20960.000000,23044.763052,,
1732477774666,00011,24913.769004,0,25152.000000,2096.000000,200,20960.000000,13.098321,,
1732477774666,00012,24913.769004,0,25152.000000,2096.000000,200,20960.000000,34814.261120,,
1732477774666,00010,24913.769004,0,25152.000000,2096.000000,200,20960.000000,32160.619924,,
1732477774666,00006,24913.769004,0,25152.000000,2096.000000,200,20960.000000,29942.924815,,
1732477774766,00003,25469.638845,0,25152.000000,2096.000000,200,20960.000000,0.000000,,
1732477774766,00001,25469.638845,0,25152.000000,2096.000000,200,20960.000000,31305.147769,,
1732477774766,00004,25469.638845,0,25152.000000,2096.000000,200,20960.000000,37986.443595,,
1732477774766,00009,25469.638845,0,25152.000000,2096.000000,200,20960.000000,26670.573697,,
1732477774766,00002,25469.638845,0,25152.000000,2096.000000,200,20960.000000,38995.761976,,
1732477774766,00007,25469.638845,0,25152.000000,2096.000000,200,20960.000000,19838.170801,,
1732477774766,00008,25469.638845,0,25152.000000,2096.000000,200,20960.000000,28359.385483,,
1732477774766,00005,25469.638845,0,25152.000000,2096.000000,200,20960.000000,23518.556018,,
1732477774766,00011,25469.638845,0,25152.000000,2096.000000,200,20960.000000,12.995131,,
1732477774766,00012,25469.638845,0,25152.000000,2096.000000,200,20960.000000,35405.858857,,
1732477774766,00010,25469.638845,0,25152.000000,2096.000000,200,20960.000000,32877.073274,,
1732477774766,00006,25469.638845,0,25152.000000,2096.000000,200,20960.000000,30665.699537,,
1732477774866,00003,26073.382575,0,25152.000000,2096.000000,200,20960.000000,38852.751170,,
1732477774866,00001,26073.382575,0,25152.000000,2096.000000,200,20960.000000,32051.790628,,
1732477774866,00004,26073.382575,0,25152.000000,2096.000000,200,20960.000000,0.000000,,
1732477774866,00009,26073.382575,0,25152.000000,2096.000000,200,20960.000000,27331.130992,,
1732477774866,00002,26073.382575,0,25152.000000,2096.000000,200,20960.000000,40194.726260,,
1732477774866,00007,26073.382575,0,25152.000000,2096.000000,200,20960.000000,20208.432838,,
1732477774866,00008,26073.382575,0,25152.000000,2096.000000,200,20960.000000,29014.630847,,
1732477774866,00005,26073.382575,0,25152.000000,2096.000000,200,20960.000000,24038.526277,,
1732477774866,00011,26073.382575,0,25152.000000,2096.000000,200,20960.000000,10.143451,,
1732477774866,00012,26073.382575,0,25152.000000,2096.000000,200,20960.000000,36237.698609,,
1732477774866,00010,26073.382575,0,25152.000000,2096.000000,200,20960.000000,33623.901765,,
1732477774866,00006,26073.382575,0,25152.000000,2096.000000,200,20960.000000,31316.858057,,
1732477774966,00003,26569.668571,0,25152.000000,2096.000000,200,20960.000000,0.000000,,
1732477774966,00001,26569.668571,0,25152.000000,2096.000000,200,20960.000000,32693.579424,,
1732477774966,00004,26569.668571,0,25152.000000,2096.000000,200,20960.000000,39866.559052,,
1732477774966,00009,26569.668571,0,25152.000000,2096.000000,200,20960.000000,27917.807174,,
1732477774966,00002,26569.668571,0,25152.000000,2096.000000,200,20960.000000,40449.726260,,
1732477774966,00007,26569.668571,0,25152.000000,2096.000000,200,20960.000000,20558.982697,,
1732477774966,00008,26569.668571,0,25152.000000,2096.000000,200,20960.000000,29662.347684,,
1732477774966,00005,26569.668571,0,25152.000000,2096.000000,200,20960.000000,24450.049550,,
1732477774966,00011,26569.668571,0,25152.000000,2096.000000,200,20960.000000,11.121917,,
1732477774966,00012,26569.668571,0,25152.000000,2096.000000,200,20960.000000,36884.677777,,
1732477774966,00010,26569.668571,0,25152.000000,2096.000000,200,20960.000000,34272.113264,,
1732477774966,00006,26569.668571,0,25152.000000,2096.000000,200,20960.000000,32069.058055,,
1732477775066,00003,23696.118027,0,25152.000000,2096.000000,200,20960.000000,40657.751170,,
1732477775066,00001,23696.118027,0,25152.000000,2096.000000,200,20960.000000,33491.110359,,
1732477775066,00004,23696.118027,0,25152.000000,2096.000000,200,20960.000000,0.000000,,
1732477775066,00009,23696.118027,0,25152.000000,2096.000000,200,20960.000000,28560.238754,,
1732477775066,00002,23696.118027,0,25152.000000,2096.000000,200,20960.000000,0.000000,,
1732477775066,00007,23696.118027,0,25152.000000,2096.000000,200,20960.000000,20888.029662,,
1732477775066,00008,23696.118027,0,25152.000000,2096.000000,200,20960.000000,30300.954317,,
1732477775066,00005,23696.118027,0,25152.000000,2096.000000,200,20960.000000,24893.188252,,
1732477775066,00011,23696.118027,0,25152.000000,2096.000000,200,20960.000000,9.807630,,
1732477775066,00012,23696.118027,0,25152.000000,2096.000000,200,20960.000000,37885.448610,,
1732477775066,00010,23696.118027,0,25152.000000,2096.000000,200,20960.000000,34903.211288,,
1732477775066,00006,23696.118027,0,25152.000000,2096.000000,200,20960.000000,32763.676285,,
1732477775166,00003,24170.120314,0,25152.000000,2096.000000,200,20960.000000,0.000000,,
1732477775166,00001,24170.120314,0,25152.000000,2096.000000,200,20960.000000,34084.223665,,
1732477775166,00004,24170.120314,0,25152.000000,2096.000000,200,20960.000000,41472.879258,,
1732477775166,00009,24170.120314,0,25152.000000,2096.000000,200,20960.000000,29214.759352,,
1732477775166,00002,24170.120314,0,25152.000000,2096.000000,200,20960.000000,0.000000,,
1732477775166,00007,24170.120314,0,25152.000000,2096.000000,200,20960.000000,21279.270473,,
1732477775166,00008,24170.120314,0,25152.000000,2096.000000,200,20960.000000,30949.276414,,
1732477775166,00005,24170.120314,0,25152.000000,2096.000000,200,20960.000000,25286.562479,,
1732477775166,00011,24170.120314,0,25152.000000,2096.000000,200,20960.000000,9.807630,,
1732477775166,00012,24170.120314,0,25152.000000,2096.000000,200,20960.000000,38719.832540,,
1732477775166,00010,24170.120314,0,25152.000000,2096.000000,200,20960.000000,35644.262308,,
1732477775166,00006,24170.120314,0,25152.000000,2096.000000,200,20960.000000,33380.569651,,
