timestamp,ueImsiComplete,plmId,nrCellId,dlAvailablePrbs,ulAvailablePrbs,qci,dlPrbUsage,ulPrbUsage,TB.TotNbrDl.1,TB.TotNbrDlInitial,TB.TotNbrDlInitial.Qpsk,TB.TotNbrDlInitial.16Qam,TB.TotNbrDlInitial.64Qam,RRU.PrbUsedDl,TB.ErrTotalNbrDl.1,QosFlow.PdcpPduVolumeDL_Filter,CARR.PDSCHMCSDist.Bin1,CARR.PDSCHMCSDist.Bin2,CARR.PDSCHMCSDist.Bin3,CARR.PDSCHMCSDist.Bin4,CARR.PDSCHMCSDist.Bin5,CARR.PDSCHMCSDist.Bin6,L1M.RS-SINR.Bin34,L1M.RS-SINR.Bin46, L1M.RS-SINR.Bin58,L1M.RS-SINR.Bin70,L1M.RS-SINR.Bin82,L1M.RS-SINR.Bin94,L1M.RS-SINR.Bin127,DRB.BufferSize.Qos,DRB.MeanActiveUeDl,TB.TotNbrDl.1.UEID,TB.TotNbrDlInitial.UEID,TB.TotNbrDlInitial.Qpsk.UEID,TB.TotNbrDlInitial.16Qam.UEID,TB.TotNbrDlInitial.64Qam.UEID,TB.ErrTotalNbrDl.1.UEID,QosFlow.PdcpPduVolumeDL_Filter.UEID,RRU.PrbUsedDl.UEID,CARR.PDSCHMCSDist.Bin1.UEID,CARR.PDSCHMCSDist.Bin2.UEID,CARR.PDSCHMCSDist.Bin3.UEID,CARR.PDSCHMCSDist.Bin4.UEID,CARR.PDSCHMCSDist.Bin5.UEID,CARR.PDSCHMCSDist.Bin6.UEID,L1M.RS-SINR.Bin34.UEID, L1M.RS-SINR.Bin46.UEID,L1M.RS-SINR.Bin58.UEID,L1M.RS-SINR.Bin70.UEID,L1M.RS-SINR.Bin82.UEID,L1M.RS-SINR.Bin94.UEID,L1M.RS-SINR.Bin127.UEID,DRB.BufferSize.Qos.UEID,DRB.UEThpDl.UEID, DRB.UEThpDlPdcpBased.UEID
1732477770366,00002,111,4,139,139,1,0,0,0,0,0,0,0,0,0,0,0,0,0,0,0,0,0,0,0,0,0,0,0,0,5,0,0,0,0,0,0,0,0.000000,0,0,0,0,0,0,0,0,0,0,0,0,0,0,0.000000,0.000000
1732477770366,00004,111,4,139,139,1,0,0,0,0,0,0,0,0,0,0,0,0,0,0,0,0,0,0,0,0,0,0,0,0,5,0,0,0,0,0,0,0,0.000000,0,0,0,0,0,0,0,0,0,0,0,0,0,0,0.000000,0.000000
1732477770366,00005,111,4,139,139,1,0,0,0,0,0,0,0,0,0,0,0,0,0,0,0,0,0,0,0,0,0,0,0,0,5,0,0,0,0,0,0,0,0.000000,0,0,0,0,0,0,0,0,0,0,0,0,0,0,0.000000,0.000000
1732477770366,00007,111,4,139,139,1,0,0,0,0,0,0,0,0,0,0,0,0,0,0,0,0,0,0,0,0,0,0,0,0,5,0,0,0,0,0,0,0,0.000000,0,0,0,0,0,0,0,0,0,0,0,0,0,0,0.000000,0.000000
1732477770366,00010,111,4,139,139,1,0,0,0,0,0,0,0,0,0,0,0,0,0,0,0,0,0,0,0,0,0,0,0,0,5,0,0,0,0,0,0,0,0.000000,0,0,0,0,0,0,0,0,0,0,0,0,0,0,0.000000,0.000000
1732477770466,00002,111,4,139,139,1,73,0,2050,1455,604,455,991,102,595,473423,340,264,285,235,316,610,1,449,300,467,368,384,81,837498,5,440,275,304,36,100,165,35903,22.413750,304,0,0,101,35,0,0,373,1,51,15,0,0,217602,301.000000,0.000000
1732477770466,00004,111,4,139,139,1,73,0,2050,1455,604,455,991,102,595,473423,340,264,285,235,316,610,1,449,300,467,368,384,81,837498,5,443,270,291,134,18,173,40131,22.165536,27,264,0,134,18,0,1,76,299,60,7,0,0,213851,461.000000,0.000000
1732477770466,00005,111,4,139,139,1,73,0,2050,1455,604,455,991,102,595,473423,340,264,285,235,316,610,1,449,300,467,368,384,81,837498,5,401,300,3,0,398,101,150866,20.626607,3,0,0,0,263,135,0,0,0,0,330,62,9,126159,3108.000000,8069.000000
1732477770466,00007,111,4,139,139,1,73,0,2050,1455,604,455,991,102,595,473423,340,264,285,235,316,610,1,449,300,467,368,384,81,837498,5,351,319,3,0,348,32,152778,18.144464,3,0,0,0,0,348,0,0,0,0,16,263,72,100551,3983.000000,10375.000000
1732477770466,00010,111,4,139,139,1,73,0,2050,1455,604,455,991,102,595,473423,340,264,285,235,316,610,1,449,300,467,368,384,81,837498,5,415,291,3,285,127,124,93745,20.850000,3,0,285,0,0,127,0,0,0,356,0,59,0,179335,1572.000000,3248.000000
1732477770566,00002,111,4,139,139,1,74,0,1952,1316,381,338,1233,103,636,514215,113,268,338,135,455,643,0,171,409,296,574,366,136,1344584,4,532,311,381,0,151,221,49244,28.172321,113,268,0,81,70,0,0,171,287,0,74,0,0,457269,394.000000,0.000000
1732477770566,00005,111,4,139,139,1,74,0,1952,1316,381,338,1233,103,636,514215,113,268,338,135,455,643,0,171,409,296,574,366,136,1344584,4,462,341,0,0,462,121,166667,24.548393,0,0,0,0,297,165,0,0,0,0,382,33,47,273861,2965.000000,8803.000000
1732477770566,00007,111,4,139,139,1,74,0,1952,1316,381,338,1233,103,636,514215,113,268,338,135,455,643,0,171,409,296,574,366,136,1344584,4,474,339,0,0,474,135,189522,25.317857,0,0,0,54,21,399,0,0,0,0,118,267,89,233092,3593.000000,9746.000000
1732477770566,00010,111,4,139,139,1,74,0,1952,1316,381,338,1233,103,636,514215,113,268,338,135,455,643,0,171,409,296,574,366,136,1344584,4,484,325,0,338,146,159,108782,26.410000,0,0,338,0,67,79,0,0,122,296,0,66,0,380362,1545.000000,4506.000000
1732477770666,00002,111,4,139,139,1,84,0,2018,1336,157,624,1237,117,682,620130,0,157,623,1,577,660,0,0,584,350,664,301,119,1992332,4,538,317,157,240,141,221,84865,32.193393,0,157,239,1,141,0,0,0,287,181,70,0,0,676470,644.000000,1467.000000
1732477770666,00005,111,4,139,139,1,84,0,2018,1336,157,624,1237,117,682,620130,0,157,623,1,577,660,0,0,584,350,664,301,119,1992332,4,476,361,0,0,476,115,192316,26.906429,0,0,0,0,326,150,0,0,0,0,402,48,26,393384,3135.000000,11004.000000
1732477770666,00007,111,4,139,139,1,84,0,2018,1336,157,624,1237,117,682,620130,0,157,623,1,577,660,0,0,584,350,664,301,119,1992332,4,470,344,0,0,470,126,215900,28.097857,0,0,0,0,110,360,0,0,0,0,192,188,90,342771,3705.000000,9746.000000
1732477770666,00010,111,4,139,139,1,84,0,2018,1336,157,624,1237,117,682,620130,0,157,623,1,577,660,0,0,584,350,664,301,119,1992332,4,534,314,0,384,150,220,127049,31.696964,0,0,384,0,0,150,0,0,297,169,0,65,3,579707,1512.000000,2829.000000
1732477770766,00002,111,4,139,139,1,83,0,1948,1314,303,377,1268,116,634,659057,0,303,184,193,581,687,0,0,287,585,621,386,69,2620890,4,517,321,303,35,179,196,76812,30.753750,0,303,35,0,179,0,0,0,287,166,63,1,0,903504,696.000000,1048.000000
1732477770766,00005,111,4,139,139,1,83,0,1948,1314,303,377,1268,116,634,659057,0,303,184,193,581,687,0,0,287,585,621,386,69,2620890,4,478,328,0,0,478,150,214493,29.512679,0,0,0,0,305,173,0,0,0,0,379,98,1,515010,3235.000000,11004.000000
1732477770766,00007,111,4,139,139,1,83,0,1948,1314,303,377,1268,116,634,659057,0,303,184,193,581,687,0,0,287,585,621,386,69,2620890,4,443,345,0,0,443,98,220304,27.675893,0,0,0,0,97,346,0,0,0,0,171,206,66,441909,3833.000000,13414.000000
1732477770766,00010,111,4,139,139,1,83,0,1948,1314,303,377,1268,116,634,659057,0,303,184,193,581,687,0,0,287,585,621,386,69,2620890,4,510,320,0,342,168,190,147448,30.679286,0,0,149,193,0,168,0,0,0,419,8,81,2,760467,1643.000000,6497.000000
1732477770866,00002,111,4,139,139,1,84,0,1980,1324,533,222,1225,117,656,596653,0,533,218,141,345,743,0,0,913,2,485,412,168,3271105,4,540,321,358,13,169,219,66593,31.821071,0,358,13,137,32,0,0,0,464,0,76,0,0,1133671,698.000000,733.000000
1732477770866,00005,111,4,139,139,1,84,0,1980,1324,533,222,1225,117,656,596653,0,533,218,141,345,743,0,0,913,2,485,412,168,3271105,4,478,350,0,0,478,128,232597,28.569464,0,0,0,0,87,391,0,0,0,0,174,213,91,611361,3388.000000,12890.000000
1732477770866,00007,111,4,139,139,1,84,0,1980,1324,533,222,1225,117,656,596653,0,533,218,141,345,743,0,0,913,2,485,412,168,3271105,4,438,345,0,0,438,93,209982,27.005714,0,0,0,0,94,344,0,0,0,0,164,197,77,548863,3875.000000,12471.000000
1732477770866,00010,111,4,139,139,1,84,0,1980,1324,533,222,1225,117,656,596653,0,533,218,141,345,743,0,0,913,2,485,412,168,3271105,4,524,308,175,209,140,216,87481,31.349464,0,175,205,4,132,8,0,0,449,2,71,2,0,977210,1529.000000,628.000000
1732477770966,00002,111,4,139,139,1,76,0,2093,1446,335,514,1244,106,647,594818,3,332,514,159,406,679,0,86,521,501,462,143,380,5253662,5,506,306,320,2,184,200,62870,28.743214,0,320,2,123,61,0,0,86,312,76,32,0,0,1365456,694.000000,419.000000
1732477770966,00005,111,4,139,139,1,76,0,2093,1446,335,514,1244,106,647,594818,3,332,514,159,406,679,0,86,521,501,462,143,380,5253662,5,456,336,0,0,456,120,192533,26.087321,0,0,0,0,300,156,0,0,0,0,375,75,6,737609,3402.000000,10165.000000
1732477770966,00007,111,4,139,139,1,76,0,2093,1446,335,514,1244,106,647,594818,3,332,514,159,406,679,0,86,521,501,462,143,380,5253662,5,393,357,0,0,393,36,190216,22.488214,0,0,0,0,5,388,0,0,0,0,23,3,367,645500,3967.000000,13204.000000
1732477770966,00010,111,4,139,139,1,76,0,2093,1446,335,514,1244,106,647,594818,3,332,514,159,406,679,0,86,521,501,462,143,380,5253662,5,497,316,0,361,136,181,118362,29.338929,0,0,361,0,1,135,0,0,0,425,0,65,7,1173075,1544.000000,3772.000000
1732477770966,00004,111,4,139,139,1,76,0,2093,1446,335,514,1244,106,647,594818,3,332,514,159,406,679,0,86,521,501,462,143,380,5253662,5,241,131,15,151,75,110,30837,1.718543,3,12,151,36,39,0,0,0,209,0,32,0,0,1332022,1012.000000,209.000000
1732477771066,00002,111,4,139,139,1,84,0,2400,1610,727,399,1274,117,790,587573,26,701,32,429,173,1039,0,84,814,501,129,402,470,6176436,5,496,311,331,0,165,185,70428,24.176071,0,331,0,0,117,48,0,0,431,0,50,15,0,1595316,693.000000,314.000000
1732477771066,00005,111,4,139,139,1,84,0,2400,1610,727,399,1274,117,790,587573,26,701,32,429,173,1039,0,84,814,501,129,402,470,6176436,5,457,335,0,0,457,122,173855,21.768393,0,0,0,0,22,435,0,0,0,0,46,341,70,874505,3368.000000,9641.000000
1732477771066,00007,111,4,139,139,1,84,0,2400,1610,727,399,1274,117,790,587573,26,701,32,429,173,1039,0,84,814,501,129,402,470,6176436,5,401,361,0,0,401,40,173224,20.452857,0,0,0,0,4,397,0,0,0,0,19,0,382,761458,3961.000000,11737.000000
1732477771066,00010,111,4,139,139,1,84,0,2400,1610,727,399,1274,117,790,587573,26,701,32,429,173,1039,0,84,814,501,129,402,470,6176436,5,505,304,0,346,159,201,126400,25.069643,0,0,28,318,0,159,0,0,0,441,0,46,18,1370545,1568.000000,3248.000000
1732477771066,00004,111,4,139,139,1,84,0,2400,1610,727,399,1274,117,790,587573,26,701,32,429,173,1039,0,84,814,501,129,402,470,6176436,5,541,299,396,53,92,242,43666,27.129821,26,370,4,111,30,0,0,84,383,60,14,0,0,1574612,916.000000,104.000000
1732477771166,00002,111,4,139,139,1,83,0,2370,1619,707,347,1316,116,751,575481,30,677,31,380,534,718,0,82,788,444,528,105,423,7128023,5,489,322,367,0,122,167,58229,24.275357,0,367,0,0,122,0,0,0,431,0,58,0,0,1829036,680.000000,419.000000
1732477771166,00005,111,4,139,139,1,83,0,2370,1619,707,347,1316,116,751,575481,30,677,31,380,534,718,0,82,788,444,528,105,423,7128023,5,450,327,0,0,450,123,156756,22.587500,0,0,0,0,301,149,0,0,0,0,385,54,11,1030256,3305.000000,7545.000000
1732477771166,00007,111,4,139,139,1,83,0,2370,1619,707,347,1316,116,751,575481,30,677,31,380,534,718,0,82,788,444,528,105,423,7128023,5,452,335,0,0,452,117,181887,22.984643,0,0,0,0,19,433,0,0,0,0,50,0,402,895435,3884.000000,9956.000000
1732477771166,00010,111,4,139,139,1,83,0,2370,1619,707,347,1316,116,751,575481,30,677,31,380,534,718,0,82,788,444,528,105,423,7128023,5,480,321,0,344,136,159,117548,24.151250,0,0,31,313,0,136,0,0,0,419,0,51,10,1565184,1590.000000,3143.000000
1732477771166,00004,111,4,139,139,1,83,0,2370,1619,707,347,1316,116,751,575481,30,677,31,380,534,718,0,82,788,444,528,105,423,7128023,5,499,314,340,3,156,185,61061,24.796607,30,310,0,67,92,0,0,82,357,25,35,0,0,1808112,879.000000,524.000000
1732477771266,00002,111,4,139,139,1,83,0,2378,1590,376,693,1309,116,788,555730,25,351,371,374,767,490,0,73,787,458,512,455,93,8104581,5,488,312,343,3,142,176,67555,23.878214,0,343,3,0,95,47,0,0,423,0,51,14,0,2060630,813.000000,0.000000
1732477771266,00005,111,4,139,139,1,83,0,2378,1590,376,693,1309,116,788,555730,25,351,371,374,767,490,0,73,787,458,512,455,93,8104581,5,442,330,0,0,442,112,152101,22.537857,0,0,0,0,298,144,0,0,0,0,372,58,12,1188814,2826.000000,0.000000
1732477771266,00007,111,4,139,139,1,83,0,2378,1590,376,693,1309,116,788,555730,25,351,371,374,767,490,0,73,787,458,512,455,93,8104581,5,450,326,0,13,437,124,153426,22.984643,0,0,0,13,291,146,0,0,0,0,44,335,71,1055972,3166.000000,0.000000
1732477771266,00010,111,4,139,139,1,83,0,2378,1590,376,693,1309,116,788,555730,25,351,371,374,767,490,0,73,787,458,512,455,93,8104581,5,489,318,0,336,153,171,118755,24.051964,0,0,27,309,0,153,0,0,0,431,0,48,10,1761807,1828.000000,0.000000
1732477771266,00004,111,4,139,139,1,83,0,2378,1590,376,693,1309,116,788,555730,25,351,371,374,767,490,0,73,787,458,512,455,93,8104581,5,509,304,33,341,135,205,63893,25.342679,25,8,341,52,83,0,0,73,364,27,45,0,0,2037358,1666.000000,0.000000
1732477771366,00002,111,4,139,139,1,83,0,2335,1601,424,661,1250,116,734,540285,21,403,654,53,606,598,0,86,1183,26,515,431,94,9065268,5,461,307,27,331,103,154,70281,24.076786,0,27,331,0,91,12,0,0,402,0,50,9,0,2285229,927.000000,1048.000000
1732477771366,00005,111,4,139,139,1,83,0,2335,1601,424,661,1250,116,734,540285,21,403,654,53,606,598,0,86,1183,26,515,431,94,9065268,5,453,333,0,0,453,120,169674,22.984643,0,0,0,0,301,152,0,0,0,0,376,67,10,1334031,3045.000000,8384.000000
1732477771366,00007,111,4,139,139,1,83,0,2335,1601,424,661,1250,116,734,540285,21,403,654,53,606,598,0,86,1183,26,515,431,94,9065268,5,420,349,0,0,420,71,170294,21.296786,0,0,0,0,6,414,0,0,0,0,26,310,84,1183689,3485.000000,10480.000000
1732477771366,00010,111,4,139,139,1,83,0,2335,1601,424,661,1250,116,734,540285,21,403,654,53,606,598,0,86,1183,26,515,431,94,9065268,5,484,309,19,326,139,175,81675,24.995179,0,19,319,7,119,20,0,0,416,0,23,45,0,1985376,967.000000,2410.000000
1732477771366,00004,111,4,139,139,1,83,0,2335,1601,424,661,1250,116,734,540285,21,403,654,53,606,598,0,86,1183,26,515,431,94,9065268,5,517,303,378,4,135,214,48361,25.392321,21,357,4,46,89,0,0,86,365,26,40,0,0,2276943,495.000000,314.000000
1732477771466,00002,111,4,139,139,1,83,0,2367,1583,692,336,1339,116,784,584729,23,669,21,355,520,779,0,77,742,440,537,429,142,10020212,5,468,315,340,1,127,153,55906,23.332143,0,340,1,0,127,0,0,0,394,0,74,0,0,2518319,792.000000,524.000000
1732477771466,00005,111,4,139,139,1,83,0,2367,1583,692,336,1339,116,784,584729,23,669,21,355,520,779,0,77,742,440,537,429,142,10020212,5,456,330,0,0,456,126,173062,23.158393,0,0,0,0,285,171,0,0,0,0,378,19,59,1480377,3051.000000,7964.000000
1732477771466,00007,111,4,139,139,1,83,0,2367,1583,692,336,1339,116,784,584729,23,669,21,355,520,779,0,77,742,440,537,429,142,10020212,5,473,336,0,0,473,137,179818,22.786071,0,0,0,18,0,455,0,0,0,0,46,350,77,1321924,3323.000000,8803.000000
1732477771466,00010,111,4,139,139,1,83,0,2367,1583,692,336,1339,116,784,584729,23,669,21,355,520,779,0,77,742,440,537,429,142,10020212,5,488,300,0,335,153,188,125421,24.995179,0,0,20,315,0,153,0,0,0,422,0,60,6,2181263,1341.000000,2724.000000
1732477771466,00004,111,4,139,139,1,83,0,2367,1583,692,336,1339,116,784,584729,23,669,21,355,520,779,0,77,742,440,537,429,142,10020212,5,482,302,352,0,130,180,50522,24.250536,23,329,0,22,108,0,0,77,348,18,39,0,0,2518329,474.000000,104.000000
1732477771566,00002,111,4,139,139,1,83,0,2290,1641,356,633,1301,116,649,596852,0,356,343,349,578,664,0,84,396,744,537,446,83,10934287,5,496,311,342,0,154,185,51862,24.920714,0,342,0,59,95,0,0,84,344,0,68,0,0,2756329,693.000000,314.000000
1732477771566,00005,111,4,139,139,1,83,0,2290,1641,356,633,1301,116,649,596852,0,356,343,349,578,664,0,84,396,744,537,446,83,10934287,5,457,324,0,0,457,133,169542,23.952679,0,0,0,0,284,173,0,0,0,0,385,60,12,1633395,2993.000000,9117.000000
1732477771566,00007,111,4,139,139,1,83,0,2290,1641,356,633,1301,116,649,596852,0,356,343,349,578,664,0,84,396,744,537,446,83,10934287,5,399,349,0,0,399,50,180366,21.296786,0,0,0,0,4,395,0,0,0,0,25,303,71,1436127,3546.000000,12575.000000
1732477771566,00010,111,4,139,139,1,83,0,2290,1641,356,633,1301,116,649,596852,0,356,343,349,578,664,0,84,396,744,537,446,83,10934287,5,467,332,0,315,152,135,116510,24.250536,0,0,25,290,56,96,0,0,0,393,0,74,0,2373367,1496.000000,5554.000000
1732477771566,00004,111,4,139,139,1,83,0,2290,1641,356,633,1301,116,649,596852,0,356,343,349,578,664,0,84,396,744,537,446,83,10934287,5,471,325,14,318,139,146,78572,24.473929,0,14,318,0,139,0,0,0,52,351,59,9,0,2735069,703.000000,1886.000000
1732477771666,00002,111,4,139,139,1,83,0,2372,1594,711,336,1325,116,778,555676,68,643,22,476,443,720,0,510,362,420,215,707,158,11896069,5,516,291,370,0,146,225,50232,25.963214,46,324,0,61,85,0,0,454,1,0,61,0,0,2997543,628.000000,0.000000
1732477771666,00005,111,4,139,139,1,83,0,2372,1594,711,336,1325,116,778,555676,68,643,22,476,443,720,0,510,362,420,215,707,158,11896069,5,462,334,0,0,462,128,169790,23.009464,0,0,0,0,301,161,0,0,0,0,52,338,72,1779320,3001.000000,8907.000000
1732477771666,00007,111,4,139,139,1,83,0,2372,1594,711,336,1325,116,778,555676,68,643,22,476,443,720,0,510,362,420,215,707,158,11896069,5,453,327,0,0,453,126,179407,22.860536,0,0,0,0,31,422,0,0,0,0,64,316,73,1575026,3473.000000,8803.000000
1732477771666,00010,111,4,139,139,1,83,0,2372,1594,711,336,1325,116,778,555676,68,643,22,476,443,720,0,510,362,420,215,707,158,11896069,5,468,328,0,331,137,140,113698,23.183214,0,0,17,314,0,137,0,0,0,402,0,53,13,2567116,1572.000000,3877.000000
1732477771666,00004,111,4,139,139,1,83,0,2372,1594,711,336,1325,116,778,555676,68,643,22,476,443,720,0,510,362,420,215,707,158,11896069,5,473,314,341,5,127,159,42549,23.729286,22,319,5,101,26,0,0,56,361,18,38,0,0,2977064,642.000000,419.000000
1732477771766,00002,111,4,139,139,1,83,0,2268,1649,684,323,1261,116,619,534378,1,683,320,62,593,609,0,0,889,383,494,419,83,12853126,5,474,326,321,0,153,148,65757,23.878214,0,321,0,0,126,27,0,0,411,0,51,12,0,3226765,659.000000,1152.000000
1732477771766,00005,111,4,139,139,1,83,0,2268,1649,684,323,1261,116,619,534378,1,683,320,62,593,609,0,0,889,383,494,419,83,12853126,5,439,334,0,0,439,105,143169,22.736429,0,0,0,0,278,161,0,0,0,1,364,66,8,1945236,2920.000000,7440.000000
1732477771766,00007,111,4,139,139,1,83,0,2268,1649,684,323,1261,116,619,534378,1,683,320,62,593,609,0,0,889,383,494,419,83,12853126,5,405,357,0,0,405,48,181375,21.445714,0,0,0,0,5,400,0,0,0,0,23,307,75,1687410,3579.000000,11947.000000
1732477771766,00010,111,4,139,139,1,83,0,2268,1649,684,323,1261,116,619,534378,1,683,320,62,593,609,0,0,889,383,494,419,83,12853126,5,467,318,14,323,130,149,85841,25.268214,0,14,320,3,109,21,0,0,60,350,23,34,0,2782695,1493.000000,2829.000000
1732477771766,00004,111,4,139,139,1,83,0,2268,1649,684,323,1261,116,619,534378,1,683,320,62,593,609,0,0,889,383,494,419,83,12853126,5,483,314,349,0,134,169,58236,25.466786,1,348,0,59,75,0,0,0,418,32,33,0,0,3211020,646.000000,209.000000
1732477771866,00002,111,4,139,139,1,84,0,2336,1573,680,438,1218,117,763,553296,364,316,128,410,396,722,0,514,400,400,498,389,135,13794204,5,528,292,367,0,161,236,55483,26.906429,57,310,0,53,108,0,0,112,331,0,85,0,0,3464521,630.000000,104.000000
1732477771866,00005,111,4,139,139,1,84,0,2336,1573,680,438,1218,117,763,553296,364,316,128,410,396,722,0,514,400,400,498,389,135,13794204,5,465,335,0,0,465,130,173308,23.232857,0,0,0,0,282,183,0,0,0,0,380,25,60,2089042,2935.000000,9432.000000
1732477771866,00007,111,4,139,139,1,84,0,2336,1573,680,438,1218,117,763,553296,364,316,128,410,396,722,0,514,400,400,498,389,135,13794204,5,393,355,0,0,393,38,172654,20.328750,0,0,0,0,1,392,0,0,0,0,18,300,75,1802218,3646.000000,11842.000000
1732477771866,00010,111,4,139,139,1,84,0,2336,1573,680,438,1218,117,763,553296,364,316,128,410,396,722,0,514,400,400,498,389,135,13794204,5,483,319,0,331,152,164,122258,25.094464,0,0,21,310,5,147,0,0,69,350,0,64,0,2975787,1539.000000,3668.000000
1732477771866,00004,111,4,139,139,1,84,0,2336,1573,680,438,1218,117,763,553296,364,316,128,410,396,722,0,514,400,400,498,389,135,13794204,5,467,272,313,107,47,195,29593,23.332143,307,6,107,47,0,0,0,402,0,50,15,0,0,3462636,587.000000,0.000000
1732477771966,00002,111,4,139,139,1,84,0,2362,1624,395,689,1278,117,738,571613,6,389,357,381,815,414,0,80,842,418,484,431,107,14745451,5,503,319,379,0,124,184,54017,25.342679,3,376,0,49,75,0,0,80,370,0,53,0,0,3700274,627.000000,314.000000
1732477771966,00005,111,4,139,139,1,84,0,2362,1624,395,689,1278,117,738,571613,6,389,357,381,815,414,0,80,842,418,484,431,107,14745451,5,440,341,0,0,440,99,159003,21.594643,0,0,0,0,293,147,0,0,0,0,37,366,37,2234129,2951.000000,9117.000000
1732477771966,00007,111,4,139,139,1,84,0,2362,1624,395,689,1278,117,738,571613,6,389,357,381,815,414,0,80,842,418,484,431,107,14745451,5,466,331,0,19,447,135,173081,24.101607,0,0,0,19,321,126,0,0,0,56,350,1,59,1951512,3525.000000,8698.000000
1732477771966,00010,111,4,139,139,1,84,0,2362,1624,395,689,1278,117,738,571613,6,389,357,381,815,414,0,80,842,418,484,431,107,14745451,5,491,321,0,350,141,170,118482,24.473929,0,0,37,313,0,141,0,0,66,362,0,52,11,3170221,1567.000000,3143.000000
1732477771966,00004,111,4,139,139,1,84,0,2362,1624,395,689,1278,117,738,571613,6,389,357,381,815,414,0,80,842,418,484,431,107,14745451,5,462,312,16,320,126,150,67030,23.406607,3,13,320,0,126,0,0,0,406,0,44,12,0,3689315,634.000000,1257.000000
1732477772066,00002,111,4,139,139,1,83,0,2321,1675,684,343,1294,116,646,561547,0,684,336,76,475,750,0,2,915,384,477,99,444,15677649,5,475,332,337,0,138,143,58744,23.381786,0,337,0,4,107,27,0,0,407,0,56,12,0,3932290,635.000000,733.000000
1732477772066,00005,111,4,139,139,1,83,0,2321,1675,684,343,1294,116,646,561547,0,684,336,76,475,750,0,2,915,384,477,99,444,15677649,5,441,346,0,0,441,95,150325,21.942143,0,0,0,0,281,160,0,0,0,0,366,25,50,2386972,2933.000000,8279.000000
1732477772066,00007,111,4,139,139,1,83,0,2321,1675,684,343,1294,116,646,561547,0,684,336,76,475,750,0,2,915,384,477,99,444,15677649,5,408,360,0,0,408,48,183156,21.644286,0,0,0,0,9,399,0,0,0,0,26,0,382,2062024,3591.000000,11947.000000
1732477772066,00010,111,4,139,139,1,83,0,2321,1675,684,343,1294,116,646,561547,0,684,336,76,475,750,0,2,915,384,477,99,444,15677649,5,502,315,0,338,164,187,111901,26.112143,0,0,331,7,0,164,0,0,77,351,0,62,12,3373247,1553.000000,3668.000000
1732477772066,00004,111,4,139,139,1,83,0,2321,1675,684,343,1294,116,646,561547,0,684,336,76,475,750,0,2,915,384,477,99,444,15677649,5,495,322,347,5,143,173,57421,25.715000,0,347,5,65,78,0,0,2,431,33,29,0,0,3923116,642.000000,1048.000000
1732477772166,00002,111,4,139,139,1,84,0,2302,1663,377,581,1344,117,639,607271,0,377,285,395,556,689,0,80,402,752,558,378,132,16577840,5,481,326,346,0,135,155,49717,24.598036,0,346,0,34,101,0,0,80,335,0,66,0,0,4170157,624.000000,314.000000
1732477772166,00005,111,4,139,139,1,84,0,2302,1663,377,581,1344,117,639,607271,0,377,285,395,556,689,0,80,402,752,558,378,132,16577840,5,486,321,0,0,486,165,182578,25.218571,0,0,0,0,346,140,0,0,0,0,428,22,36,2535151,2928.000000,8803.000000
1732477772166,00007,111,4,139,139,1,84,0,2302,1663,377,581,1344,117,639,607271,0,377,285,395,556,689,0,80,402,752,558,378,132,16577840,5,399,373,0,0,399,26,174478,20.527321,0,0,0,0,0,399,0,0,0,0,13,303,83,2168554,3649.000000,12575.000000
1732477772166,00010,111,4,139,139,1,84,0,2302,1663,377,581,1344,117,639,607271,0,377,285,395,556,689,0,80,402,752,558,378,132,16577840,5,449,324,0,299,150,125,122999,23.158393,0,0,3,296,0,150,0,0,0,382,1,53,13,3561999,1597.000000,4611.000000
1732477772166,00004,111,4,139,139,1,84,0,2302,1663,377,581,1344,117,639,607271,0,377,285,395,556,689,0,80,402,752,558,378,132,16577840,5,487,319,31,282,174,168,77499,25.218571,0,31,282,65,109,0,0,0,67,370,50,0,0,4141979,696.000000,1467.000000
1732477772266,00002,111,4,139,139,1,83,0,2311,1621,391,659,1261,116,690,584894,0,391,339,366,523,692,0,147,444,716,482,428,94,17500163,5,499,318,368,0,131,181,53469,24.647679,0,368,0,0,131,0,0,78,361,0,53,7,0,4406295,0.000000,0.000000
1732477772266,00005,111,4,139,139,1,83,0,2311,1621,391,659,1261,116,690,584894,0,391,339,366,523,692,0,147,444,716,482,428,94,17500163,5,449,335,0,0,449,114,154760,22.860536,0,0,0,0,292,157,0,0,0,0,371,72,6,2690828,0.000000,0.000000
1732477772266,00007,111,4,139,139,1,83,0,2311,1621,391,659,1261,116,690,584894,0,391,339,366,523,692,0,147,444,716,482,428,94,17500163,5,392,360,0,0,392,32,171553,20.303929,0,0,0,0,5,387,0,0,0,0,18,297,77,2281317,4028.000000,0.000000
1732477772266,00010,111,4,139,139,1,83,0,2311,1621,391,659,1261,116,690,584894,0,391,339,366,523,692,0,147,444,716,482,428,94,17500163,5,499,304,0,351,148,195,130819,26.062500,0,0,31,320,0,148,0,0,82,354,0,52,11,3757281,1858.000000,0.000000
1732477772266,00004,111,4,139,139,1,83,0,2311,1621,391,659,1261,116,690,584894,0,391,339,366,523,692,0,147,444,716,482,428,94,17500163,5,472,304,23,308,141,168,74293,24.871071,0,23,308,46,95,0,0,69,1,362,40,0,0,4364442,1135.000000,0.000000
1732477772366,00002,111,4,139,139,1,83,0,2370,1629,733,360,1277,116,741,543343,62,671,24,389,515,709,0,521,379,457,477,464,72,18454186,5,514,301,368,0,146,213,55992,25.863929,39,329,0,0,146,0,0,448,1,0,49,16,0,4644299,438.000000,0.000000
1732477772366,00005,111,4,139,139,1,83,0,2370,1629,733,360,1277,116,741,543343,62,671,24,389,515,709,0,521,379,457,477,464,72,18454186,5,448,343,0,0,448,105,135949,21.569821,0,0,0,0,276,172,0,0,0,0,363,72,13,2857938,2484.000000,8174.000000
1732477772366,00007,111,4,139,139,1,83,0,2370,1629,733,360,1277,116,741,543343,62,671,24,389,515,709,0,521,379,457,477,464,72,18454186,5,400,356,0,0,400,44,174062,20.502500,0,0,0,0,1,399,0,0,0,0,22,319,59,2398936,3911.000000,11527.000000
1732477772366,00010,111,4,139,139,1,83,0,2370,1629,733,360,1277,116,741,543343,62,671,24,389,515,709,0,521,379,457,477,464,72,18454186,5,490,313,0,352,138,177,121604,25.069643,0,0,16,336,0,138,0,0,0,433,0,57,0,3954217,1717.000000,3668.000000
1732477772366,00004,111,4,139,139,1,83,0,2370,1629,733,360,1277,116,741,543343,62,671,24,389,515,709,0,521,379,457,477,464,72,18454186,5,518,316,365,8,145,202,55736,25.640536,23,342,8,53,92,0,0,73,378,24,43,0,0,4598796,625.000000,943.000000
1732477772466,00002,111,4,139,139,1,84,0,2353,1569,662,23,1668,117,784,608141,27,635,18,113,819,741,0,71,769,100,859,452,102,19384291,5,478,300,321,0,157,178,59585,24.200893,5,316,0,52,105,0,0,2,413,0,63,0,0,4878514,555.000000,524.000000
1732477772466,00005,111,4,139,139,1,84,0,2353,1569,662,23,1668,117,784,608141,27,635,18,113,819,741,0,71,769,100,859,452,102,19384291,5,458,332,0,0,458,126,168195,23.083929,0,0,0,0,306,152,0,0,0,0,386,65,7,3005602,2735.000000,8803.000000
1732477772466,00007,111,4,139,139,1,84,0,2353,1569,662,23,1668,117,784,608141,27,635,18,113,819,741,0,71,769,100,859,452,102,19384291,5,451,330,0,0,451,121,177627,22.314464,0,0,0,0,15,436,0,0,0,0,44,328,79,2535066,3586.000000,10060.000000
1732477772466,00010,111,4,139,139,1,84,0,2353,1569,662,23,1668,117,784,608141,27,635,18,113,819,741,0,71,769,100,859,452,102,19384291,5,469,305,0,23,446,164,144243,23.927857,0,0,18,6,292,153,0,0,0,79,315,59,16,4132414,1976.000000,5240.000000
1732477772466,00004,111,4,139,139,1,84,0,2353,1569,662,23,1668,117,784,608141,27,635,18,113,819,741,0,71,769,100,859,452,102,19384291,5,497,302,341,0,156,195,58491,25.168929,22,319,0,55,101,0,0,69,356,21,51,0,0,4832695,637.000000,419.000000
1732477772566,00002,111,4,139,139,1,83,0,2320,1650,685,318,1317,116,670,600085,0,685,318,44,325,948,0,75,838,365,174,751,117,20294101,5,472,311,323,0,149,161,67782,24.275357,0,323,0,0,126,23,0,0,408,0,56,8,0,5109057,637.000000,1467.000000
1732477772566,00005,111,4,139,139,1,83,0,2320,1650,685,318,1317,116,670,600085,0,685,318,44,325,948,0,75,838,365,174,751,117,20294101,5,467,324,0,0,467,143,192514,23.977500,0,0,0,0,27,440,0,0,0,0,51,363,53,3138869,2938.000000,10375.000000
1732477772566,00007,111,4,139,139,1,83,0,2320,1650,685,318,1317,116,670,600085,0,685,318,44,325,948,0,75,838,365,174,751,117,20294101,5,394,362,0,0,394,32,173939,20.527321,0,0,0,2,0,392,0,0,0,16,0,314,64,2645390,3759.000000,12156.000000
1732477772566,00010,111,4,139,139,1,83,0,2320,1650,685,318,1317,116,670,600085,0,685,318,44,325,948,0,75,838,365,174,751,117,20294101,5,476,335,0,318,158,141,104562,24.151250,0,0,318,0,65,93,0,0,61,348,1,66,0,4335814,1806.000000,4611.000000
1732477772566,00004,111,4,139,139,1,83,0,2320,1650,685,318,1317,116,670,600085,0,685,318,44,325,948,0,75,838,365,174,751,117,20294101,5,511,318,362,0,149,193,61288,25.764643,0,362,0,42,107,0,0,75,369,1,66,0,0,5064971,663.000000,838.000000
1732477772666,00002,111,4,139,139,1,83,0,2329,1652,388,700,1241,116,677,604028,0,388,345,410,511,675,0,0,565,721,508,142,393,21201402,5,494,310,367,50,77,184,48493,24.970357,0,367,0,102,21,4,0,0,436,22,35,1,0,5346292,622.000000,733.000000
1732477772666,00005,111,4,139,139,1,83,0,2329,1652,388,700,1241,116,677,604028,0,388,345,410,511,675,0,0,565,721,508,142,393,21201402,5,469,330,0,0,469,139,175475,24.076786,0,0,0,0,314,155,0,0,0,0,392,66,11,3286336,2936.000000,8069.000000
1732477772666,00007,111,4,139,139,1,83,0,2329,1652,388,700,1241,116,677,604028,0,388,345,410,511,675,0,0,565,721,508,142,393,21201402,5,408,362,0,0,408,46,177144,20.924464,0,0,0,0,4,404,0,0,0,0,25,1,382,2759746,3798.000000,11842.000000
1732477772666,00010,111,4,139,139,1,83,0,2329,1652,388,700,1241,116,677,604028,0,388,345,410,511,675,0,0,565,721,508,142,393,21201402,5,474,316,0,332,142,158,116062,24.796607,0,0,27,305,54,88,0,0,75,340,0,59,0,4533776,1778.000000,4296.000000
1732477772666,00004,111,4,139,139,1,83,0,2329,1652,388,700,1241,116,677,604028,0,388,345,410,511,675,0,0,565,721,508,142,393,21201402,5,484,334,21,318,145,150,86854,24.275357,0,21,318,3,118,24,0,0,54,359,56,15,0,5275252,820.000000,3668.000000
1732477772766,00002,111,4,139,139,1,82,0,2324,1646,723,33,1568,115,678,581444,58,665,31,400,493,677,0,162,707,94,828,133,400,22114506,5,487,315,363,0,124,172,45687,24.647679,58,305,0,44,80,0,0,88,332,0,67,0,0,5585397,595.000000,0.000000
1732477772766,00005,111,4,139,139,1,82,0,2324,1646,723,33,1568,115,678,581444,58,665,31,400,493,677,0,162,707,94,828,133,400,22114506,5,446,340,0,0,446,106,168792,22.935000,0,0,0,0,314,132,0,0,0,0,386,56,4,3428846,2972.000000,8593.000000
1732477772766,00007,111,4,139,139,1,82,0,2324,1646,723,33,1568,115,678,581444,58,665,31,400,493,677,0,162,707,94,828,133,400,22114506,5,399,363,0,0,399,36,173538,20.428036,0,0,0,0,1,398,0,0,0,0,0,17,382,2873282,3838.000000,11842.000000
1732477772766,00010,111,4,139,139,1,82,0,2324,1646,723,33,1568,115,678,581444,58,665,31,400,493,677,0,162,707,94,828,133,400,22114506,5,479,322,0,28,451,157,133440,24.722143,0,0,26,303,3,147,0,0,0,67,338,60,14,4717552,1825.000000,3982.000000
1732477772766,00004,111,4,139,139,1,82,0,2324,1646,723,33,1568,115,678,581444,58,665,31,400,493,677,0,162,707,94,828,133,400,22114506,5,513,306,360,5,148,207,59987,25.963214,0,360,5,53,95,0,0,74,375,27,37,0,0,5509429,784.000000,524.000000
1732477772866,00002,111,4,139,139,1,83,0,2319,1640,731,331,1257,116,679,535177,71,660,331,119,462,676,0,151,764,356,549,411,88,23068214,5,488,313,364,0,124,175,45478,25.193750,49,315,0,55,69,0,0,82,340,0,66,0,0,5825270,572.000000,0.000000
1732477772866,00005,111,4,139,139,1,83,0,2319,1640,731,331,1257,116,679,535177,71,660,331,119,462,676,0,151,764,356,549,411,88,23068214,5,458,333,0,0,458,125,160631,23.977500,0,0,0,0,325,133,0,0,0,0,401,50,7,3585115,2930.000000,8803.000000
1732477772866,00007,111,4,139,139,1,83,0,2319,1640,731,331,1257,116,679,535177,71,660,331,119,462,676,0,151,764,356,549,411,88,23068214,5,409,353,0,0,409,56,175322,20.750714,0,0,0,0,6,403,0,0,0,0,25,304,80,2990451,3831.000000,11632.000000
1732477772866,00010,111,4,139,139,1,83,0,2319,1640,731,331,1257,116,679,535177,71,660,331,119,462,676,0,151,764,356,549,411,88,23068214,5,474,331,0,331,143,143,101505,24.200893,0,0,331,3,0,140,0,0,60,356,0,57,1,4922094,1762.000000,4296.000000
1732477772866,00004,111,4,139,139,1,83,0,2319,1640,731,331,1257,116,679,535177,71,660,331,119,462,676,0,151,764,356,549,411,88,23068214,5,490,310,367,0,123,180,52241,24.771786,22,345,0,61,62,0,0,69,364,0,57,0,0,5745284,758.000000,104.000000
1732477772966,00002,111,4,139,139,1,82,0,2348,1628,394,651,1303,115,720,577111,24,370,318,401,537,698,0,68,789,430,544,401,116,24005953,5,503,316,362,4,137,187,50951,24.647679,1,361,4,22,115,0,0,0,439,0,64,0,0,6063563,562.000000,104.000000
1732477772966,00005,111,4,139,139,1,82,0,2348,1628,394,651,1303,115,720,577111,24,370,318,401,537,698,0,68,789,430,544,401,116,24005953,5,448,336,0,0,448,112,169731,22.835714,0,0,0,0,292,156,0,0,0,0,368,23,57,3730705,2948.000000,8803.000000
1732477772966,00007,111,4,139,139,1,82,0,2348,1628,394,651,1303,115,720,577111,24,370,318,401,537,698,0,68,789,430,544,401,116,24005953,5,427,346,0,0,427,81,172729,21.793214,0,0,0,0,9,418,0,0,0,0,41,327,59,3120084,3786.000000,10060.000000
1732477772966,00010,111,4,139,139,1,82,0,2348,1628,394,651,1303,115,720,577111,24,370,318,401,537,698,0,68,789,430,544,401,116,24005953,5,482,318,0,358,124,164,114816,24.722143,0,0,25,333,0,124,0,0,1,430,0,51,0,5119147,1755.000000,3668.000000
1732477772966,00004,111,4,139,139,1,82,0,2348,1628,394,651,1303,115,720,577111,24,370,318,401,537,698,0,68,789,430,544,401,116,24005953,5,488,312,32,289,167,176,68884,24.697321,23,9,289,46,121,0,0,68,349,0,71,0,0,5972454,771.000000,733.000000
1732477773066,00002,111,4,139,139,1,84,0,2393,1640,384,668,1341,117,753,581008,1,383,663,58,575,713,0,82,876,356,213,747,119,24935267,5,521,317,364,0,157,204,57358,24.473929,0,364,0,0,157,0,0,0,458,0,51,12,0,6300382,553.000000,209.000000
1732477773066,00005,111,4,139,139,1,84,0,2393,1640,384,668,1341,117,753,581008,1,383,663,58,575,713,0,82,876,356,213,747,119,24935267,5,443,338,0,0,443,105,162941,22.115893,0,0,0,0,298,145,0,0,0,0,51,347,45,3875378,2962.000000,9222.000000
1732477773066,00007,111,4,139,139,1,84,0,2393,1640,384,668,1341,117,753,581008,1,383,663,58,575,713,0,82,876,356,213,747,119,24935267,5,424,345,0,0,424,79,185920,22.091071,0,0,0,0,8,416,0,0,0,0,37,313,74,3240000,3775.000000,10689.000000
1732477773066,00010,111,4,139,139,1,84,0,2393,1640,384,668,1341,117,753,581008,1,383,663,58,575,713,0,82,876,356,213,747,119,24935267,5,479,339,0,327,152,140,101174,23.505893,0,0,322,5,0,152,0,0,48,356,0,75,0,5320531,1719.000000,4296.000000
1732477773066,00004,111,4,139,139,1,84,0,2393,1640,384,668,1341,117,753,581008,1,383,663,58,575,713,0,82,876,356,213,747,119,24935267,5,526,301,20,341,165,225,73615,26.633393,1,19,341,53,112,0,0,82,370,0,74,0,0,6198976,780.000000,943.000000
1732477773166,00002,111,4,139,139,1,82,0,2415,1612,766,350,1299,115,803,548376,62,704,31,383,524,711,0,941,6,469,476,433,90,25888641,5,551,304,395,0,156,247,54442,26.782321,35,360,0,37,119,0,0,487,1,16,47,0,0,6540183,535.000000,0.000000
1732477773166,00005,111,4,139,139,1,82,0,2415,1612,766,350,1299,115,803,548376,62,704,31,383,524,711,0,941,6,469,476,433,90,25888641,5,437,342,0,0,437,95,142722,20.949286,0,0,0,0,283,154,0,0,0,0,361,63,13,4033765,2936.000000,8488.000000
1732477773166,00007,111,4,139,139,1,82,0,2415,1612,766,350,1299,115,803,548376,62,704,31,383,524,711,0,941,6,469,476,433,90,25888641,5,402,352,0,0,402,50,175250,20.750714,0,0,0,0,6,396,0,0,0,0,25,311,66,3360221,3785.000000,11318.000000
1732477773166,00010,111,4,139,139,1,82,0,2415,1612,766,350,1299,115,803,548376,62,704,31,383,524,711,0,941,6,469,476,433,90,25888641,5,506,320,0,342,164,186,122440,24.573214,0,0,23,322,0,161,0,0,0,436,0,59,11,5515673,1715.000000,3458.000000
1732477773166,00004,111,4,139,139,1,82,0,2415,1612,766,350,1299,115,803,548376,62,704,31,383,524,711,0,941,6,469,476,433,90,25888641,5,519,294,371,8,140,225,53522,25.690179,27,344,8,24,116,0,0,454,5,17,43,0,0,6438799,746.000000,104.000000
1732477773266,00005,111,4,139,139,1,73,0,1855,1306,25,666,1164,102,549,598449,3,22,331,335,470,694,0,2,404,440,160,747,102,19981850,4,461,334,0,0,461,127,185379,25.317857,0,0,0,0,306,155,0,0,0,0,63,387,11,4167685,3575.000000,0.000000
1732477773266,00007,111,4,139,139,1,73,0,1855,1306,25,666,1164,102,549,598449,3,22,331,335,470,694,0,2,404,440,160,747,102,19981850,4,393,359,0,0,393,34,183425,21.594643,0,0,0,0,1,392,0,0,0,0,14,302,77,3460697,5333.000000,104.000000
1732477773266,00010,111,4,139,139,1,73,0,1855,1306,25,666,1164,102,549,598449,3,22,331,335,470,694,0,2,404,440,160,747,102,19981850,4,512,311,0,365,147,201,138591,28.346071,0,0,30,335,0,147,0,0,0,440,0,58,14,5700828,2158.000000,0.000000
1732477773266,00004,111,4,139,139,1,73,0,1855,1306,25,666,1164,102,549,598449,3,22,331,335,470,694,0,2,404,440,160,747,102,19981850,4,489,302,25,301,163,187,91054,28.271607,3,22,301,0,163,0,0,2,404,0,83,0,0,6652640,1383.000000,0.000000
1732477773366,00005,111,4,139,139,1,84,0,1908,1269,303,385,1220,117,639,650669,0,303,33,517,317,738,0,0,400,434,506,452,116,20601071,4,455,331,0,0,455,124,192925,27.675893,0,0,0,0,261,194,0,0,0,0,348,101,6,4297085,3392.000000,10060.000000
1732477773366,00007,111,4,139,139,1,84,0,1908,1269,303,385,1220,117,639,650669,0,303,33,517,317,738,0,0,400,434,506,452,116,20601071,4,410,342,0,0,410,68,221496,26.062500,0,0,0,0,1,409,0,0,0,0,34,270,106,3546502,4578.000000,14043.000000
1732477773366,00010,111,4,139,139,1,84,0,1908,1269,303,385,1220,117,639,650669,0,303,33,517,317,738,0,0,400,434,506,452,116,20601071,4,519,287,0,384,135,232,157357,33.186250,0,0,32,352,0,135,0,0,0,434,0,81,4,5883200,2121.000000,3353.000000
1732477773366,00004,111,4,139,139,1,84,0,1908,1269,303,385,1220,117,639,650669,0,303,33,517,317,738,0,0,400,434,506,452,116,20601071,4,524,309,303,1,220,215,78891,31.821071,0,303,1,165,55,0,0,0,400,0,124,0,0,6874284,1021.000000,1152.000000
1732477773466,00005,111,4,139,139,1,76,0,2175,1413,470,346,1359,106,762,632176,29,441,328,125,163,1089,0,99,513,477,150,803,133,28571086,5,478,340,0,0,478,138,203354,25.392321,0,0,0,0,13,465,0,0,0,0,42,393,43,4415676,3503.000000,10899.000000
1732477773466,00007,111,4,139,139,1,76,0,2175,1413,470,346,1359,106,762,632176,29,441,328,125,163,1089,0,99,513,477,150,803,133,28571086,5,456,333,0,1,455,123,200818,25.317857,0,0,0,16,0,440,0,0,0,45,0,334,77,3668931,4111.000000,10480.000000
1732477773466,00010,111,4,139,139,1,76,0,2175,1413,470,346,1359,106,762,632176,29,441,328,125,163,1089,0,99,513,477,150,803,133,28571086,5,518,312,0,345,173,206,134207,28.569464,0,0,328,17,0,173,0,0,0,432,0,73,13,6076081,1939.000000,2934.000000
1732477773466,00004,111,4,139,139,1,76,0,2175,1413,470,346,1359,106,762,632176,29,441,328,125,163,1089,0,99,513,477,150,803,133,28571086,5,526,306,346,0,180,220,62348,28.718393,26,320,0,92,88,0,0,99,350,0,77,0,0,7110763,761.000000,209.000000
1732477773466,00002,111,4,139,139,1,76,0,2175,1413,470,346,1359,106,762,632176,29,441,328,125,163,1089,0,99,513,477,150,803,133,28571086,5,197,122,124,0,73,75,31449,0.326506,3,121,0,0,62,11,0,0,163,0,31,3,0,7299635,827.000000,419.000000
1732477773566,00005,111,4,139,139,1,83,0,2317,1638,366,638,1313,116,679,551930,32,334,638,120,498,695,0,164,1080,32,168,742,131,29508295,5,459,344,0,0,459,115,170662,22.885357,0,0,0,0,286,173,0,0,0,0,39,364,56,4557046,3362.000000,9432.000000
1732477773566,00007,111,4,139,139,1,83,0,2317,1638,366,638,1313,116,679,551930,32,334,638,120,498,695,0,164,1080,32,168,742,131,29508295,5,408,367,0,0,408,41,174453,20.576964,0,0,0,0,2,406,0,0,0,0,15,318,75,3780938,4045.000000,11947.000000
1732477773566,00010,111,4,139,139,1,83,0,2317,1638,366,638,1313,116,679,551930,32,334,638,120,498,695,0,164,1080,32,168,742,131,29508295,5,461,322,2,343,116,139,79557,23.282500,0,2,343,0,0,116,0,0,399,2,0,60,0,6296198,1649.000000,1781.000000
1732477773566,00004,111,4,139,139,1,83,0,2317,1638,366,638,1313,116,679,551930,32,334,638,120,498,695,0,164,1080,32,168,742,131,29508295,5,497,299,43,295,159,198,70375,26.757500,32,11,295,56,103,0,0,75,349,30,43,0,0,7337625,803.000000,838.000000
1732477773566,00002,111,4,139,139,1,83,0,2317,1638,366,638,1313,116,679,551930,32,334,638,120,498,695,0,164,1080,32,168,742,131,29508295,5,492,306,321,0,171,186,56883,25.044821,0,321,0,64,107,0,0,89,332,0,71,0,0,7536488,632.000000,419.000000
1732477773666,00005,111,4,139,139,1,84,0,2296,1711,772,349,1175,117,585,562951,35,737,349,60,173,942,0,89,891,362,104,397,453,30393477,5,385,383,0,0,385,2,161650,19.162143,0,0,0,0,4,381,0,0,0,0,0,318,67,4660026,3570.000000,12680.000000
1732477773666,00007,111,4,139,139,1,84,0,2296,1711,772,349,1175,117,585,562951,35,737,349,60,173,942,0,89,891,362,104,397,453,30393477,5,412,364,0,0,412,48,188149,22.140714,0,0,0,0,1,411,0,0,0,0,24,2,386,3887066,4060.000000,12471.000000
1732477773666,00010,111,4,139,139,1,84,0,2296,1711,772,349,1175,117,585,562951,35,737,349,60,173,942,0,89,891,362,104,397,453,30393477,5,493,319,0,343,150,174,111500,25.814286,0,0,343,0,0,150,0,0,90,338,0,65,0,6500006,1609.000000,3039.000000
1732477773666,00004,111,4,139,139,1,84,0,2296,1711,772,349,1175,117,585,562951,35,737,349,60,173,942,0,89,891,362,104,397,453,30393477,5,522,317,381,6,135,205,56458,27.105000,35,346,6,59,76,0,0,89,375,24,34,0,0,7572475,757.000000,1048.000000
1732477773666,00002,111,4,139,139,1,84,0,2296,1711,772,349,1175,117,585,562951,35,737,349,60,173,942,0,89,891,362,104,397,453,30393477,5,484,328,391,0,93,156,45194,24.523571,0,391,0,1,92,0,0,0,426,0,46,12,0,7773904,553.000000,0.000000
1732477773766,00005,111,4,139,139,1,83,0,2334,1635,747,398,1189,116,699,529628,79,668,350,148,425,664,0,167,767,416,459,389,136,31343097,5,456,337,0,0,456,119,167077,22.488214,0,0,0,0,281,175,0,0,0,0,371,26,59,4803660,3477.000000,9012.000000
1732477773766,00007,111,4,139,139,1,83,0,2334,1635,747,398,1189,116,699,529628,79,668,350,148,425,664,0,167,767,416,459,389,136,31343097,5,402,360,0,0,402,42,176581,20.825179,0,0,0,0,3,399,0,0,0,0,21,316,65,4001348,4045.000000,11842.000000
1732477773766,00010,111,4,139,139,1,83,0,2334,1635,747,398,1189,116,699,529628,79,668,350,148,425,664,0,167,767,416,459,389,136,31343097,5,475,330,0,350,125,145,90070,24.771786,0,0,350,0,35,90,0,0,54,362,0,47,12,6713553,1534.000000,3143.000000
1732477773766,00004,111,4,139,139,1,83,0,2334,1635,747,398,1189,116,699,529628,79,668,350,148,425,664,0,167,767,416,459,389,136,31343097,5,507,303,386,48,73,204,47582,25.367500,31,355,0,97,24,0,0,73,372,54,8,0,0,7810533,721.000000,314.000000
1732477773766,00002,111,4,139,139,1,83,0,2334,1635,747,398,1189,116,699,529628,79,668,350,148,425,664,0,167,767,416,459,389,136,31343097,5,494,305,361,0,133,189,48318,25.193750,48,313,0,51,82,0,0,94,341,0,59,0,0,8014003,516.000000,0.000000
1732477773866,00005,111,4,139,139,1,84,0,2300,1606,380,713,1207,117,694,575366,365,15,660,80,447,733,0,417,62,817,480,404,120,32264474,5,453,342,0,0,453,111,174257,23.059107,0,0,0,0,273,180,0,0,0,0,367,39,47,4941410,3436.000000,10270.000000
1732477773866,00007,111,4,139,139,1,84,0,2300,1606,380,713,1207,117,694,575366,365,15,660,80,447,733,0,417,62,817,480,404,120,32264474,5,404,358,0,0,404,46,178482,21.098214,0,0,0,0,5,399,0,0,0,0,24,317,63,4114347,4034.000000,11947.000000
1732477773866,00010,111,4,139,139,1,84,0,2300,1606,380,713,1207,117,694,575366,365,15,660,80,447,733,0,417,62,817,480,404,120,32264474,5,486,324,0,332,154,162,110475,24.598036,0,0,332,0,0,154,0,0,0,428,0,48,10,6916249,1522.000000,3668.000000
1732477773866,00004,111,4,139,139,1,84,0,2300,1606,380,713,1207,117,694,575366,365,15,660,80,447,733,0,417,62,817,480,404,120,32264474,5,486,317,19,328,139,169,81557,25.739821,7,12,328,0,139,0,0,1,59,364,62,0,0,8029052,781.000000,2096.000000
1732477773866,00002,111,4,139,139,1,84,0,2300,1606,380,713,1207,117,694,575366,365,15,660,80,447,733,0,417,62,817,480,404,120,32264474,5,471,265,361,53,57,206,30595,24.399464,358,3,0,80,30,0,0,416,3,25,27,0,0,8263416,455.000000,0.000000
1732477773966,00005,111,4,139,139,1,83,0,2351,1630,738,325,1288,116,721,530547,31,707,324,114,618,557,0,73,837,386,552,413,90,33228031,5,475,333,0,0,475,142,161811,24.176071,0,0,0,0,319,156,0,0,0,0,397,63,15,5101930,3301.000000,7860.000000
1732477773966,00007,111,4,139,139,1,83,0,2351,1630,738,325,1288,116,721,530547,31,707,324,114,618,557,0,73,837,386,552,413,90,33228031,5,401,357,0,0,401,44,175652,20.725893,0,0,0,0,3,398,0,0,0,0,22,304,75,4230811,4018.000000,11632.000000
1732477773966,00010,111,4,139,139,1,83,0,2351,1630,738,325,1288,116,721,530547,31,707,324,114,618,557,0,73,837,386,552,413,90,33228031,5,474,320,23,316,135,154,79708,24.895893,0,23,316,0,132,3,0,0,55,350,23,46,0,7134680,1459.000000,3563.000000
1732477773966,00004,111,4,139,139,1,83,0,2351,1630,738,325,1288,116,721,530547,31,707,324,114,618,557,0,73,837,386,552,413,90,33228031,5,496,306,350,8,138,190,54313,24.498750,23,327,8,64,74,0,0,68,349,36,43,0,0,8263710,758.000000,314.000000
1732477773966,00002,111,4,139,139,1,83,0,2351,1630,738,325,1288,116,721,530547,31,707,324,114,618,557,0,73,837,386,552,413,90,33228031,5,505,314,365,1,139,191,59063,24.473929,8,357,0,50,90,0,0,5,433,0,67,0,0,8496900,499.000000,628.000000
1732477774066,00005,111,4,139,139,1,84,0,2365,1608,738,321,1306,117,757,539519,55,683,31,473,431,692,0,148,752,466,480,124,395,34178522,5,446,334,0,0,446,112,147899,22.041429,0,0,0,0,300,146,0,0,0,0,371,61,14,5261541,3223.000000,7964.000000
1732477774066,00007,111,4,139,139,1,84,0,2365,1608,738,321,1306,117,757,539519,55,683,31,473,431,692,0,148,752,466,480,124,395,34178522,5,389,355,0,0,389,34,165820,19.584107,0,0,0,0,3,386,0,0,0,0,18,2,369,4350327,4005.000000,11423.000000
1732477774066,00010,111,4,139,139,1,84,0,2365,1608,738,321,1306,117,757,539519,55,683,31,473,431,692,0,148,752,466,480,124,395,34178522,5,486,313,1,321,164,173,120975,24.126429,0,1,31,290,4,160,0,0,2,411,0,61,12,7330793,1490.000000,3877.000000
1732477774066,00004,111,4,139,139,1,84,0,2365,1608,738,321,1306,117,757,539519,55,683,31,473,431,692,0,148,752,466,480,124,395,34178522,5,538,297,374,0,164,241,62419,27.402857,29,345,0,49,115,0,0,87,382,25,44,0,0,8497743,739.000000,524.000000
1732477774066,00002,111,4,139,139,1,84,0,2365,1608,738,321,1306,117,757,539519,55,683,31,473,431,692,0,148,752,466,480,124,395,34178522,5,506,309,363,0,143,197,42406,25.466786,26,337,0,134,9,0,0,61,368,30,47,0,0,8738118,489.000000,104.000000
1732477774166,00005,111,4,139,139,1,82,0,2355,1588,720,293,1342,115,767,587920,1,719,29,315,550,741,0,3,859,107,856,411,119,35126701,5,451,326,0,0,451,125,167576,22.860536,0,0,0,0,313,138,0,0,0,0,384,22,45,5410793,3196.000000,8803.000000
1732477774166,00007,111,4,139,139,1,82,0,2355,1588,720,293,1342,115,767,587920,1,719,29,315,550,741,0,3,859,107,856,411,119,35126701,5,430,333,0,0,430,97,172212,21.768393,0,0,0,15,0,415,0,0,0,38,3,315,74,4487794,3927.000000,9851.000000
1732477774166,00010,111,4,139,139,1,82,0,2355,1588,720,293,1342,115,767,587920,1,719,29,315,550,741,0,3,859,107,856,411,119,35126701,5,481,306,0,293,188,175,134299,24.945536,0,0,29,264,0,188,0,0,2,68,337,74,0,7524973,1526.000000,5344.000000
1732477774166,00004,111,4,139,139,1,82,0,2355,1588,720,293,1342,115,767,587920,1,719,29,315,550,741,0,3,859,107,856,411,119,35126701,5,499,312,350,0,149,187,59321,24.920714,1,349,0,35,114,0,0,3,430,0,66,0,0,8731351,734.000000,628.000000
1732477774166,00002,111,4,139,139,1,82,0,2355,1588,720,293,1342,115,767,587920,1,719,29,315,550,741,0,3,859,107,856,411,119,35126701,5,494,311,370,0,124,183,54512,24.275357,0,370,0,1,123,0,0,0,427,1,66,0,0,8971790,510.000000,314.000000
1732477774266,00005,111,4,139,139,1,83,0,2367,1619,720,326,1321,116,748,559126,19,701,314,155,475,703,0,77,797,435,520,420,118,36077551,5,446,342,0,0,446,104,159060,21.793214,0,0,0,0,313,133,0,0,0,0,378,21,47,5556987,2959.000000,104.000000
1732477774266,00007,111,4,139,139,1,83,0,2367,1619,720,326,1321,116,748,559126,19,701,314,155,475,703,0,77,797,435,520,420,118,36077551,5,439,337,0,0,439,102,179645,22.587500,0,0,0,1,17,421,0,0,0,0,36,332,71,4619766,3954.000000,0.000000
1732477774266,00010,111,4,139,139,1,83,0,2367,1619,720,326,1321,116,748,559126,19,701,314,155,475,703,0,77,797,435,520,420,118,36077551,5,475,324,0,326,149,151,107235,24.250536,0,0,314,12,0,149,0,0,0,404,4,67,0,7728012,1086.000000,0.000000
1732477774266,00004,111,4,139,139,1,83,0,2367,1619,720,326,1321,116,748,559126,19,701,314,155,475,703,0,77,797,435,520,420,118,36077551,5,517,307,372,0,145,210,54938,25.392321,19,353,0,75,70,0,0,77,370,31,39,0,0,8966563,269.000000,0.000000
1732477774266,00002,111,4,139,139,1,83,0,2367,1619,720,326,1321,116,748,559126,19,701,314,155,475,703,0,77,797,435,520,420,118,36077551,5,490,309,348,0,142,181,58248,24.672500,0,348,0,67,75,0,0,0,427,0,63,0,0,9206223,652.000000,0.000000
1732477774366,00005,111,4,139,139,1,72,0,1913,1296,363,357,1193,101,617,531238,0,363,357,0,502,691,0,0,578,301,549,406,79,27823128,4,475,329,0,0,475,146,169667,25.144107,0,0,0,0,296,179,0,0,0,0,381,93,1,5709678,2771.000000,8593.000000
1732477774366,00007,111,4,139,139,1,72,0,1913,1296,363,357,1193,101,617,531238,0,363,357,0,502,691,0,0,578,301,549,406,79,27823128,4,428,344,0,0,428,84,175666,23.059107,0,0,0,0,57,371,0,0,0,0,101,257,70,4748475,3496.000000,10480.000000
1732477774366,00010,111,4,139,139,1,72,0,1913,1296,363,357,1193,101,617,531238,0,363,357,0,502,691,0,0,578,301,549,406,79,27823128,4,494,316,0,353,141,178,115054,26.807143,0,0,353,0,0,141,0,0,131,299,0,56,8,7929486,1545.000000,3772.000000
1732477774366,00002,111,4,139,139,1,72,0,1913,1296,363,357,1193,101,617,531238,0,363,357,0,502,691,0,0,578,301,549,406,79,27823128,4,516,307,363,4,149,209,70851,27.700714,0,363,4,0,149,0,0,0,447,2,67,0,0,9435489,694.000000,209.000000
1732477774466,00005,111,4,139,139,1,83,0,1949,1304,294,364,1291,116,645,588556,0,294,360,4,747,544,0,0,676,184,643,323,123,28501322,4,457,335,0,0,457,122,179904,27.973750,0,0,0,0,296,161,0,0,0,0,353,78,26,5847253,2989.000000,9641.000000
1732477774466,00007,111,4,139,139,1,83,0,1949,1304,294,364,1291,116,645,588556,0,294,360,4,747,544,0,0,676,184,643,323,123,28501322,4,465,337,0,0,465,128,208905,28.619107,0,0,0,0,133,332,0,0,0,0,200,169,96,4863560,3600.000000,11632.000000
1732477774466,00010,111,4,139,139,1,83,0,1949,1304,294,364,1291,116,645,588556,0,294,360,4,747,544,0,0,676,184,643,323,123,28501322,4,503,322,7,339,157,181,109889,30.331786,0,7,335,4,106,51,0,0,252,174,0,76,1,8133485,1473.000000,2829.000000
1732477774466,00002,111,4,139,139,1,83,0,1949,1304,294,364,1291,116,645,588556,0,294,360,4,747,544,0,0,676,184,643,323,123,28501322,4,524,310,287,25,212,214,89858,31.845893,0,287,25,0,212,0,0,0,424,10,90,0,0,9657024,815.000000,1467.000000
1732477774566,00005,111,4,139,139,1,83,0,1933,1324,319,365,1249,116,609,595578,0,319,365,2,722,525,0,0,414,424,664,325,106,29169239,4,469,340,0,0,469,129,189302,28.768036,0,0,0,0,310,159,0,0,0,0,375,69,25,5978206,3117.000000,9641.000000
1732477774566,00007,111,4,139,139,1,83,0,1933,1324,319,365,1249,116,609,595578,0,319,365,2,722,525,0,0,414,424,664,325,106,29169239,4,475,331,0,0,475,144,216915,29.661607,0,0,0,2,133,340,0,0,0,0,210,186,79,4982178,3607.000000,11423.000000
1732477774566,00010,111,4,139,139,1,83,0,1933,1324,319,365,1249,116,609,595578,0,319,365,2,722,525,0,0,414,424,664,325,106,29169239,4,488,329,0,344,144,159,115994,29.885000,0,0,344,0,118,26,0,0,0,416,0,70,2,8327371,1557.000000,5030.000000
1732477774566,00002,111,4,139,139,1,83,0,1933,1324,319,365,1249,116,609,595578,0,319,365,2,722,525,0,0,414,424,664,325,106,29169239,4,501,324,319,21,161,177,73367,30.629643,0,319,21,0,161,0,0,0,414,8,79,0,0,9881484,834.000000,943.000000
1732477774666,00005,111,4,139,139,1,83,0,1987,1272,328,353,1306,116,715,621764,0,328,182,386,598,493,0,0,407,679,487,313,101,29856822,4,480,320,0,0,480,160,209676,28.941786,0,0,0,0,308,172,0,0,0,0,389,70,21,6105358,3189.000000,8384.000000
1732477774666,00007,111,4,139,139,1,83,0,1987,1272,328,353,1306,116,715,621764,0,328,182,386,598,493,0,0,407,679,487,313,101,29856822,4,484,323,0,0,484,161,194303,29.686429,0,0,0,127,225,132,0,0,0,227,22,158,77,5124816,3482.000000,8174.000000
1732477774666,00010,111,4,139,139,1,83,0,1987,1272,328,353,1306,116,715,621764,0,328,182,386,598,493,0,0,407,679,487,313,101,29856822,4,541,305,0,352,189,236,161634,32.168571,0,0,181,171,0,189,0,0,0,452,1,85,3,8510755,1667.000000,4506.000000
1732477774666,00002,111,4,139,139,1,83,0,1987,1272,328,353,1306,116,715,621764,0,328,182,386,598,493,0,0,407,679,487,313,101,29856822,4,482,324,328,1,153,158,56151,27.750357,0,328,1,88,65,0,0,0,407,0,75,0,0,10115893,785.000000,1048.000000
1732477774766,00005,111,4,139,139,1,84,0,1956,1325,344,285,1327,117,631,645230,0,344,149,342,474,647,0,0,428,503,438,502,85,30496785,4,466,337,0,0,466,129,208629,28.768036,0,0,0,0,312,154,0,0,0,0,219,244,3,6224214,3273.000000,12680.000000
1732477774766,00007,111,4,139,139,1,84,0,1956,1325,344,285,1327,117,631,645230,0,344,149,342,474,647,0,0,428,503,438,502,85,30496785,4,464,335,0,120,344,129,202948,28.296429,0,0,0,120,16,328,0,0,0,216,1,167,80,5251579,3497.000000,10270.000000
1732477774766,00010,111,4,139,139,1,84,0,1956,1325,344,285,1327,117,631,645230,0,344,149,342,474,647,0,0,428,503,438,502,85,30496785,4,507,321,0,145,362,186,162498,31.101250,0,0,129,213,0,165,0,0,0,276,140,89,2,8678880,1818.000000,6183.000000
1732477774766,00002,111,4,139,139,1,84,0,1956,1325,344,285,1327,117,631,645230,0,344,149,342,474,647,0,0,428,503,438,502,85,30496785,4,519,332,344,20,155,187,71155,30.629643,0,344,20,9,146,0,0,0,428,11,78,2,0,10342112,781.000000,1048.000000
1732477774866,00005,111,4,139,139,1,84,0,1904,1312,330,370,1204,117,592,617167,33,297,368,5,520,681,0,95,441,317,522,424,105,31043532,4,466,339,0,0,466,127,193812,29.165179,0,0,0,0,332,134,0,0,0,0,376,88,2,6351780,3294.000000,8174.000000
1732477774866,00007,111,4,139,139,1,84,0,1904,1312,330,370,1204,117,592,617167,33,297,368,5,520,681,0,95,441,317,522,424,105,31043532,4,417,347,0,2,415,70,222208,26.434821,0,0,0,2,11,404,0,0,0,2,45,267,103,5335698,3691.000000,14147.000000
1732477774866,00010,111,4,139,139,1,84,0,1904,1312,330,370,1204,117,592,617167,33,297,368,5,520,681,0,95,441,317,522,424,105,31043532,4,514,307,0,368,146,207,133564,32.813929,0,0,368,3,0,143,0,0,129,315,1,69,0,8871332,1797.000000,3143.000000
1732477774866,00002,111,4,139,139,1,84,0,1904,1312,330,370,1204,117,592,617167,33,297,368,5,520,681,0,95,441,317,522,424,105,31043532,4,507,319,330,0,177,188,67583,30.604821,33,297,0,0,177,0,0,95,312,0,100,0,0,10484722,770.000000,104.000000
1732477774966,00005,111,4,139,139,1,61,0,1597,1146,149,337,1111,85,451,589908,14,135,337,39,286,786,0,33,299,246,250,656,113,31423597,4,461,346,0,0,461,115,223580,28.221964,0,0,0,0,69,392,0,0,0,0,115,319,27,6450748,3408.000000,12890.000000
1732477774966,00007,111,4,139,139,1,61,0,1597,1146,149,337,1111,85,451,589908,14,135,337,39,286,786,0,33,299,246,250,656,113,31423597,4,425,353,0,0,425,72,211694,26.136964,0,0,0,0,49,376,0,0,0,0,93,246,86,5427974,3791.000000,13624.000000
1732477774966,00010,111,4,139,139,1,61,0,1597,1146,149,337,1111,85,451,589908,14,135,337,39,286,786,0,33,299,246,250,656,113,31423597,4,504,324,0,337,167,180,126671,31.647321,0,0,337,0,149,18,0,0,167,246,0,91,0,9060440,1791.000000,4925.000000
1732477774966,00004,111,4,139,139,1,61,0,1597,1146,149,337,1111,85,451,589908,14,135,337,39,286,786,0,33,299,246,250,656,113,31423597,4,207,123,149,0,58,84,27963,0.283040,14,135,0,39,19,0,0,33,132,0,42,0,0,10484435,1138.000000,1362.000000
1732477775066,00005,111,4,139,139,1,84,0,1885,1255,321,504,1060,117,630,619486,316,5,504,21,289,750,78,337,85,419,98,751,117,31806204,4,444,336,0,0,444,108,205360,27.725536,0,0,0,0,281,163,0,0,0,0,52,375,17,6562726,3460.000000,10689.000000
1732477775066,00007,111,4,139,139,1,84,0,1885,1255,321,504,1060,117,630,619486,316,5,504,21,289,750,78,337,85,419,98,751,117,31806204,4,423,341,0,0,423,82,232357,27.328393,0,0,0,0,2,421,0,0,0,0,42,281,100,5511796,3899.000000,14252.000000
1732477775066,00010,111,4,139,139,1,84,0,1885,1255,321,504,1060,117,630,619486,316,5,504,21,289,750,78,337,85,419,98,751,117,31806204,4,508,305,0,336,172,203,143778,32.590536,0,0,336,0,6,166,0,0,83,328,2,95,0,9247039,1795.000000,5449.000000
1732477775066,00004,111,4,139,139,1,84,0,1885,1255,321,504,1060,117,630,619486,316,5,504,21,289,750,78,337,85,419,98,751,117,31806204,4,510,273,321,168,21,237,37991,31.349464,316,5,168,21,0,0,78,337,2,91,2,0,0,10484643,1031.000000,0.000000
1732477775166,00005,111,4,139,139,1,84,0,1887,1246,15,622,1250,117,641,690594,4,11,347,391,297,837,0,65,2,416,780,205,419,32201406,4,434,327,0,0,434,107,199641,26.608571,0,0,0,0,254,180,0,0,0,0,326,93,15,6676292,3498.000000,11737.000000
1732477775166,00007,111,4,139,139,1,84,0,1887,1246,15,622,1250,117,641,690594,4,11,347,391,297,837,0,65,2,416,780,205,419,32201406,4,481,302,0,0,481,179,249750,31.523214,0,0,0,0,19,462,0,0,0,0,81,2,398,5622056,3904.000000,10899.000000
1732477775166,00010,111,4,139,139,1,84,0,1887,1246,15,622,1250,117,641,690594,4,11,347,391,297,837,0,65,2,416,780,205,419,32201406,4,497,308,0,301,196,189,158353,30.902679,0,0,26,276,0,195,0,0,0,92,289,110,6,9418819,1845.000000,7336.000000
1732477775166,00004,111,4,139,139,1,84,0,1887,1246,15,622,1250,117,641,690594,4,11,347,391,297,837,0,65,2,416,780,205,419,32201406,4,475,309,15,321,139,166,82850,30.009107,4,11,321,115,24,0,0,65,2,324,84,0,0,10484239,1066.000000,1886.000000
