timestamp,ueImsiComplete,plmId,nrCellId,dlAvailablePrbs,ulAvailablePrbs,qci,dlPrbUsage,ulPrbUsage,TB.TotNbrDl.1,TB.TotNbrDlInitial,TB.TotNbrDlInitial.Qpsk,TB.TotNbrDlInitial.16Qam,TB.TotNbrDlInitial.64Qam,RRU.PrbUsedDl,TB.ErrTotalNbrDl.1,QosFlow.PdcpPduVolumeDL_Filter,CARR.PDSCHMCSDist.Bin1,CARR.PDSCHMCSDist.Bin2,CARR.PDSCHMCSDist.Bin3,CARR.PDSCHMCSDist.Bin4,CARR.PDSCHMCSDist.Bin5,CARR.PDSCHMCSDist.Bin6,L1M.RS-SINR.Bin34,L1M.RS-SINR.Bin46, L1M.RS-SINR.Bin58,L1M.RS-SINR.Bin70,L1M.RS-SINR.Bin82,L1M.RS-SINR.Bin94,L1M.RS-SINR.Bin127,DRB.BufferSize.Qos,DRB.MeanActiveUeDl,TB.TotNbrDl.1.UEID,TB.TotNbrDlInitial.UEID,TB.TotNbrDlInitial.Qpsk.UEID,TB.TotNbrDlInitial.16Qam.UEID,TB.TotNbrDlInitial.64Qam.UEID,TB.ErrTotalNbrDl.1.UEID,QosFlow.PdcpPduVolumeDL_Filter.UEID,RRU.PrbUsedDl.UEID,CARR.PDSCHMCSDist.Bin1.UEID,CARR.PDSCHMCSDist.Bin2.UEID,CARR.PDSCHMCSDist.Bin3.UEID,CARR.PDSCHMCSDist.Bin4.UEID,CARR.PDSCHMCSDist.Bin5.UEID,CARR.PDSCHMCSDist.Bin6.UEID,L1M.RS-SINR.Bin34.UEID, L1M.RS-SINR.Bin46.UEID,L1M.RS-SINR.Bin58.UEID,L1M.RS-SINR.Bin70.UEID,L1M.RS-SINR.Bin82.UEID,L1M.RS-SINR.Bin94.UEID,L1M.RS-SINR.Bin127.UEID,DRB.BufferSize.Qos.UEID,DRB.UEThpDl.UEID, DRB.UEThpDlPdcpBased.UEID
1732477770366,00001,111,2,139,139,1,0,0,0,0,0,0,0,0,0,0,0,0,0,0,0,0,0,0,0,0,0,0,0,0,6,0,0,0,0,0,0,0,0.000000,0,0,0,0,0,0,0,0,0,0,0,0,0,0,0.000000,0.000000
1732477770366,00003,111,2,139,139,1,0,0,0,0,0,0,0,0,0,0,0,0,0,0,0,0,0,0,0,0,0,0,0,0,6,0,0,0,0,0,0,0,0.000000,0,0,0,0,0,0,0,0,0,0,0,0,0,0,0.000000,0.000000
1732477770366,00006,111,2,139,139,1,0,0,0,0,0,0,0,0,0,0,0,0,0,0,0,0,0,0,0,0,0,0,0,0,6,0,0,0,0,0,0,0,0.000000,0,0,0,0,0,0,0,0,0,0,0,0,0,0,0.000000,0.000000
1732477770366,00008,111,2,139,139,1,0,0,0,0,0,0,0,0,0,0,0,0,0,0,0,0,0,0,0,0,0,0,0,0,6,0,0,0,0,0,0,0,0.000000,0,0,0,0,0,0,0,0,0,0,0,0,0,0,0.000000,0.000000
1732477770366,00009,111,2,139,139,1,0,0,0,0,0,0,0,0,0,0,0,0,0,0,0,0,0,0,0,0,0,0,0,0,6,0,0,0,0,0,0,0,0.000000,0,0,0,0,0,0,0,0,0,0,0,0,0,0,0.000000,0.000000
1732477770366,00012,111,2,139,139,1,0,0,0,0,0,0,0,0,0,0,0,0,0,0,0,0,0,0,0,0,0,0,0,0,6,0,0,0,0,0,0,0,0.000000,0,0,0,0,0,0,0,0,0,0,0,0,0,0,0.000000,0.000000
1732477770466,00001,111,2,139,139,1,73,0,2635,1693,562,261,1812,102,942,598299,47,515,41,223,887,922,0,79,676,339,470,726,345,1024745,6,463,291,3,252,208,172,100328,17.722500,3,0,32,223,0,205,0,0,0,338,1,124,0,175268,1572.000000,2096.000000
1732477770466,00003,111,2,139,139,1,73,0,2635,1693,562,261,1812,102,942,598299,47,515,41,223,887,922,0,79,676,339,470,726,345,1024745,6,480,251,275,0,205,229,60537,19.460000,32,243,0,0,205,0,0,79,279,0,122,0,0,204561,592.000000,209.000000
1732477770466,00006,111,2,139,139,1,73,0,2635,1693,562,261,1812,102,942,598299,47,515,41,223,887,922,0,79,676,339,470,726,345,1024745,6,415,294,3,9,403,121,117178,16.580714,3,0,9,0,200,203,0,0,34,0,239,49,93,153456,2239.000000,4192.000000
1732477770466,00008,111,2,139,139,1,73,0,2635,1693,562,261,1812,102,942,598299,47,515,41,223,887,922,0,79,676,339,470,726,345,1024745,6,405,292,3,0,402,113,123537,16.332500,3,0,0,0,210,192,0,0,0,0,29,248,128,147003,2456.000000,5554.000000
1732477770466,00009,111,2,139,139,1,73,0,2635,1693,562,261,1812,102,942,598299,47,515,41,223,887,922,0,79,676,339,470,726,345,1024745,6,393,292,3,0,390,101,121706,16.034643,3,0,0,0,199,191,0,0,0,0,38,231,124,145418,2606.000000,6497.000000
1732477770466,00012,111,2,139,139,1,73,0,2635,1693,562,261,1812,102,942,598299,47,515,41,223,887,922,0,79,676,339,470,726,345,1024745,6,479,273,275,0,204,206,75013,18.417500,3,272,0,0,73,131,0,0,363,1,41,74,0,199039,750.000000,419.000000
1732477770566,00001,111,2,139,139,1,82,0,3152,1894,418,284,2450,115,1258,707621,75,343,282,313,668,1471,0,396,265,622,842,582,445,2200476,6,534,313,0,32,502,221,126380,19.832321,0,0,30,215,0,289,0,0,0,360,0,174,0,369592,1637.000000,4820.000000
1732477770566,00003,111,2,139,139,1,82,0,3152,1894,418,284,2450,115,1258,707621,75,343,282,313,668,1471,0,396,265,622,842,582,445,2200476,6,583,300,335,19,229,283,58542,21.718750,75,260,19,70,159,0,0,396,13,0,174,0,0,440361,562.000000,104.000000
1732477770566,00006,111,2,139,139,1,82,0,3152,1894,418,284,2450,115,1258,707621,75,343,282,313,668,1471,0,396,265,622,842,582,445,2200476,6,512,309,37,8,467,203,129882,19.931607,0,37,8,1,202,264,0,0,105,2,238,53,114,346233,1978.000000,4087.000000
1732477770566,00008,111,2,139,139,1,82,0,3152,1894,418,284,2450,115,1258,707621,75,343,282,313,668,1471,0,396,265,622,842,582,445,2200476,6,471,334,0,0,471,137,131822,18.293393,0,0,0,27,197,247,0,0,0,0,304,0,167,323039,2294.000000,6078.000000
1732477770566,00009,111,2,139,139,1,82,0,3152,1894,418,284,2450,115,1258,707621,75,343,282,313,668,1471,0,396,265,622,842,582,445,2200476,6,483,324,0,0,483,159,152673,18.814643,0,0,0,0,36,447,0,0,0,0,80,239,164,310339,2508.000000,7545.000000
1732477770566,00012,111,2,139,139,1,82,0,3152,1894,418,284,2450,115,1258,707621,75,343,282,313,668,1471,0,396,265,622,842,582,445,2200476,6,569,314,46,225,298,255,108322,20.552143,0,46,225,0,74,224,0,0,147,260,46,116,0,410912,975.000000,943.000000
1732477770666,00001,111,2,139,139,1,84,0,3214,1909,401,414,2399,117,1305,706443,0,401,233,380,824,1376,0,230,428,550,1070,387,549,3380484,6,529,311,0,131,398,218,115524,19.906786,0,0,102,170,0,257,0,0,0,211,132,186,0,568669,1614.000000,2096.000000
1732477770666,00003,111,2,139,139,1,84,0,3214,1909,401,414,2399,117,1305,706443,0,401,233,380,824,1376,0,230,428,550,1070,387,549,3380484,6,596,305,287,30,279,291,78905,22.016607,0,287,30,0,279,0,0,230,168,21,177,0,0,669330,571.000000,0.000000
1732477770666,00006,111,2,139,139,1,84,0,3214,1909,401,414,2399,117,1305,706443,0,401,233,380,824,1376,0,230,428,550,1070,387,549,3380484,6,513,319,0,88,425,194,124777,19.410357,0,0,72,20,144,277,0,0,0,176,146,43,148,537255,1909.000000,3877.000000
1732477770666,00008,111,2,139,139,1,84,0,3214,1909,401,414,2399,117,1305,706443,0,401,233,380,824,1376,0,230,428,550,1070,387,549,3380484,6,502,334,0,0,502,168,132337,18.367857,0,0,0,54,148,300,0,0,0,0,294,1,207,503734,2145.000000,6078.000000
1732477770666,00009,111,2,139,139,1,84,0,3214,1909,401,414,2399,117,1305,706443,0,401,233,380,824,1376,0,230,428,550,1070,387,549,3380484,6,483,330,0,0,483,153,135895,18.144464,0,0,0,0,181,302,0,0,0,0,274,15,194,485273,2397.000000,6287.000000
1732477770666,00012,111,2,139,139,1,84,0,3214,1909,401,414,2399,117,1305,706443,0,401,233,380,824,1376,0,230,428,550,1070,387,549,3380484,6,591,310,114,165,312,281,119005,21.296786,0,114,29,136,72,240,0,0,260,142,47,142,0,616223,1061.000000,1467.000000
1732477770766,00001,111,2,139,139,1,82,0,3110,1904,396,359,2355,115,1206,724041,0,396,279,243,640,1552,0,255,372,556,572,860,495,4529366,6,552,322,0,81,471,230,133663,20.750714,0,0,1,239,0,312,0,0,0,214,137,201,0,760012,1642.000000,4925.000000
1732477770766,00003,111,2,139,139,1,82,0,3110,1904,396,359,2355,115,1206,724041,0,396,279,243,640,1552,0,255,372,556,572,860,495,4529366,6,591,299,303,29,259,292,75077,22.587500,0,303,29,0,259,0,0,255,143,22,171,0,0,897773,599.000000,0.000000
1732477770766,00006,111,2,139,139,1,82,0,3110,1904,396,359,2355,115,1206,724041,0,396,279,243,640,1552,0,255,372,556,572,860,495,4529366,6,516,314,0,89,427,202,127398,19.832321,0,0,89,4,144,279,0,0,0,174,154,69,119,727289,1871.000000,4820.000000
1732477770766,00008,111,2,139,139,1,82,0,3110,1904,396,359,2355,115,1206,724041,0,396,279,243,640,1552,0,255,372,556,572,860,495,4529366,6,463,331,0,0,463,132,132260,17.772143,0,0,0,0,177,286,0,0,0,0,110,154,199,677012,2176.000000,6497.000000
1732477770766,00009,111,2,139,139,1,82,0,3110,1904,396,359,2355,115,1206,724041,0,396,279,243,640,1552,0,255,372,556,572,860,495,4529366,6,424,338,0,0,424,86,134493,16.754464,0,0,0,0,60,364,0,0,0,0,0,247,177,644921,2473.000000,8069.000000
1732477770766,00012,111,2,139,139,1,82,0,3110,1904,396,359,2355,115,1206,724041,0,396,279,243,640,1552,0,255,372,556,572,860,495,4529366,6,564,300,93,160,311,264,121150,21.445714,0,93,160,0,0,311,0,0,229,146,0,189,0,822359,1134.000000,1886.000000
1732477770866,00001,111,2,139,139,1,83,0,3045,1853,240,489,2316,116,1192,708536,0,240,430,349,740,1286,0,0,954,130,637,662,662,5702566,6,511,330,0,58,453,181,126182,19.062857,0,0,0,205,0,306,0,0,0,117,167,58,169,944983,1688.000000,4506.000000
1732477770866,00003,111,2,139,139,1,83,0,3045,1853,240,489,2316,116,1192,708536,0,240,430,349,740,1286,0,0,954,130,637,662,662,5702566,6,532,294,132,152,248,238,92799,21.147857,0,132,152,0,71,177,0,0,353,11,49,119,0,1116191,676.000000,1152.000000
1732477770866,00006,111,2,139,139,1,83,0,3045,1853,240,489,2316,116,1192,708536,0,240,430,349,740,1286,0,0,954,130,637,662,662,5702566,6,555,297,0,120,435,258,124792,20.949286,0,0,119,144,2,290,0,0,252,2,125,62,114,929395,1809.000000,2515.000000
1732477770866,00008,111,2,139,139,1,83,0,3045,1853,240,489,2316,116,1192,708536,0,240,430,349,740,1286,0,0,954,130,637,662,662,5702566,6,467,315,0,0,467,152,140370,18.765000,0,0,0,0,210,257,0,0,0,0,114,145,208,849743,2201.000000,6916.000000
1732477770866,00009,111,2,139,139,1,83,0,3045,1853,240,489,2316,116,1192,708536,0,240,430,349,740,1286,0,0,954,130,637,662,662,5702566,6,470,319,0,0,470,151,143626,18.814643,0,0,0,0,214,256,0,0,0,0,128,171,171,816879,2431.000000,6812.000000
1732477770866,00012,111,2,139,139,1,83,0,3045,1853,240,489,2316,116,1192,708536,0,240,430,349,740,1286,0,0,954,130,637,662,662,5702566,6,510,298,108,159,243,212,80767,20.403214,0,108,159,0,243,0,0,0,349,0,54,107,0,1045375,1073.000000,1362.000000
1732477770966,00001,111,2,139,139,1,84,0,3027,1887,329,281,2417,117,1140,709231,0,329,243,428,569,1458,0,0,526,369,1021,488,623,6865551,6,470,328,0,28,442,142,120359,18.789821,0,0,0,220,0,250,0,0,0,52,223,57,138,1130985,1724.000000,5554.000000
1732477770966,00003,111,2,139,139,1,84,0,3027,1887,329,281,2417,117,1140,709231,0,329,243,428,569,1458,0,0,526,369,1021,488,623,6865551,6,558,300,310,4,244,258,70788,21.321607,0,310,4,0,244,0,0,0,384,1,173,0,0,1346318,663.000000,0.000000
1732477770966,00006,111,2,139,139,1,84,0,3027,1887,329,281,2417,117,1140,709231,0,329,243,428,569,1458,0,0,526,369,1021,488,623,6865551,6,506,301,0,17,489,205,139215,20.502500,0,0,16,3,217,270,0,0,71,2,273,58,102,1116155,1834.000000,5135.000000
1732477770966,00008,111,2,139,139,1,84,0,3027,1887,329,281,2417,117,1140,709231,0,329,243,428,569,1458,0,0,526,369,1021,488,623,6865551,6,496,325,0,9,487,171,125923,19.311071,0,0,0,205,2,289,0,0,0,48,243,0,205,1036758,2135.000000,4611.000000
1732477770966,00009,111,2,139,139,1,84,0,3027,1887,329,281,2417,117,1140,709231,0,329,243,428,569,1458,0,0,526,369,1021,488,623,6865551,6,480,325,0,0,480,155,155124,19.013214,0,0,0,0,12,468,0,0,0,0,46,256,178,977140,2456.000000,7964.000000
1732477770966,00012,111,2,139,139,1,84,0,3027,1887,329,281,2417,117,1140,709231,0,329,243,428,569,1458,0,0,526,369,1021,488,623,6865551,6,517,308,19,223,275,209,97822,20.204643,0,19,223,0,94,181,0,0,71,266,63,117,0,1258195,1093.000000,1257.000000
1732477771066,00001,111,2,139,139,1,83,0,2968,1955,305,311,2352,116,1013,720382,0,305,295,260,963,1145,0,0,482,439,1073,514,460,8006977,6,480,341,0,16,464,139,112640,18.665714,0,0,0,258,1,221,0,0,0,51,307,38,84,1322180,1724.000000,5240.000000
1732477771066,00003,111,2,139,139,1,83,0,2968,1955,305,311,2352,116,1013,720382,0,305,295,260,963,1145,0,0,482,439,1073,514,460,8006977,6,534,303,305,0,229,231,77121,21.966964,0,305,0,0,229,0,0,0,409,1,124,0,0,1574007,677.000000,314.000000
1732477771066,00006,111,2,139,139,1,83,0,2968,1955,305,311,2352,116,1013,720382,0,305,295,260,963,1145,0,0,482,439,1073,514,460,8006977,6,470,325,0,19,451,145,132378,19.062857,0,0,19,0,233,218,0,0,0,55,294,43,78,1293955,1884.000000,5868.000000
1732477771066,00008,111,2,139,139,1,83,0,2968,1955,305,311,2352,116,1013,720382,0,305,295,260,963,1145,0,0,482,439,1073,514,460,8006977,6,490,343,0,0,490,147,137991,19.435179,0,0,0,2,259,229,0,0,0,0,348,0,142,1209236,2146.000000,6392.000000
1732477771066,00009,111,2,139,139,1,83,0,2968,1955,305,311,2352,116,1013,720382,0,305,295,260,963,1145,0,0,482,439,1073,514,460,8006977,6,476,346,0,0,476,130,144090,18.789821,0,0,0,0,241,235,0,0,0,0,0,320,156,1140161,2459.000000,7755.000000
1732477771066,00012,111,2,139,139,1,83,0,2968,1955,305,311,2352,116,1013,720382,0,305,295,260,963,1145,0,0,482,439,1073,514,460,8006977,6,518,297,0,276,242,221,116162,21.222321,0,0,276,0,0,242,0,0,73,332,0,113,0,1467438,1131.000000,3563.000000
1732477771166,00001,111,2,139,139,1,83,0,2941,1946,631,39,2271,116,995,729496,0,631,22,23,869,1396,0,0,808,83,1027,597,426,9130823,6,471,327,0,17,454,144,138239,19.608929,0,0,0,19,235,217,0,0,0,46,306,36,83,1496047,1789.000000,6183.000000
1732477771166,00003,111,2,139,139,1,83,0,2941,1946,631,39,2271,116,995,729496,0,631,22,23,869,1396,0,0,808,83,1027,597,426,9130823,6,505,311,310,0,195,194,72781,20.105357,0,310,0,4,51,140,0,0,397,0,36,72,0,1801950,679.000000,628.000000
1732477771166,00006,111,2,139,139,1,83,0,2941,1946,631,39,2271,116,995,729496,0,631,22,23,869,1396,0,0,808,83,1027,597,426,9130823,6,470,334,0,13,457,136,133214,18.988393,0,0,13,0,244,213,0,0,0,37,301,49,83,1468828,1921.000000,7336.000000
1732477771166,00008,111,2,139,139,1,83,0,2941,1946,631,39,2271,116,995,729496,0,631,22,23,869,1396,0,0,808,83,1027,597,426,9130823,6,486,332,0,0,486,154,149655,19.683393,0,0,0,0,255,231,0,0,0,0,352,0,134,1374470,2188.000000,6497.000000
1732477771166,00009,111,2,139,139,1,83,0,2941,1946,631,39,2271,116,995,729496,0,631,22,23,869,1396,0,0,808,83,1027,597,426,9130823,6,473,333,0,0,473,140,157442,19.460000,0,0,0,0,26,447,0,0,0,0,0,347,126,1296982,2489.000000,8069.000000
1732477771166,00012,111,2,139,139,1,83,0,2941,1946,631,39,2271,116,995,729496,0,631,22,23,869,1396,0,0,808,83,1027,597,426,9130823,6,536,309,321,9,206,227,78165,21.296786,0,321,9,0,58,148,0,0,411,0,32,93,0,1692546,1084.000000,209.000000
1732477771266,00001,111,2,139,139,1,83,0,3026,1948,395,295,2336,116,1078,693221,0,395,278,239,1017,1097,0,138,726,94,1137,439,492,10285612,6,477,339,0,17,460,138,116997,18.988393,0,0,0,239,10,228,0,0,0,38,297,47,95,1685541,2113.000000,0.000000
1732477771266,00003,111,2,139,139,1,83,0,3026,1948,395,295,2336,116,1078,693221,0,395,278,239,1017,1097,0,138,726,94,1137,439,492,10285612,6,589,302,371,4,214,287,66031,22.115893,0,371,4,0,213,1,0,138,333,3,115,0,0,2036477,329.000000,0.000000
1732477771266,00006,111,2,139,139,1,83,0,3026,1948,395,295,2336,116,1078,693221,0,395,278,239,1017,1097,0,138,726,94,1137,439,492,10285612,6,486,334,0,16,470,152,124849,19.186964,0,0,16,0,240,230,0,0,0,53,291,42,100,1652547,2809.000000,0.000000
1732477771266,00008,111,2,139,139,1,83,0,3026,1948,395,295,2336,116,1078,693221,0,395,278,239,1017,1097,0,138,726,94,1137,439,492,10285612,6,479,332,0,0,479,147,143512,18.814643,0,0,0,0,240,239,0,0,0,0,341,0,138,1541368,2219.000000,0.000000
1732477771266,00009,111,2,139,139,1,83,0,3026,1948,395,295,2336,116,1078,693221,0,395,278,239,1017,1097,0,138,726,94,1137,439,492,10285612,6,479,331,0,0,479,148,147267,19.062857,0,0,0,0,218,261,0,0,0,0,41,279,159,1461796,1980.000000,0.000000
1732477771266,00012,111,2,139,139,1,83,0,3026,1948,395,295,2336,116,1078,693221,0,395,278,239,1017,1097,0,138,726,94,1137,439,492,10285612,6,516,310,24,258,234,206,94565,20.974107,0,24,258,0,96,138,0,0,393,0,52,71,0,1907883,1191.000000,0.000000
1732477771366,00001,111,2,139,139,1,83,0,2928,1974,326,25,2577,116,954,765372,0,326,25,276,870,1431,0,0,415,132,1080,802,499,11375330,6,491,340,0,0,491,151,134350,19.832321,0,0,0,20,214,257,0,0,0,61,271,0,159,1861370,2143.000000,5449.000000
1732477771366,00003,111,2,139,139,1,83,0,2928,1974,326,25,2577,116,954,765372,0,326,25,276,870,1431,0,0,415,132,1080,802,499,11375330,6,485,302,297,1,187,183,75315,20.179821,0,297,1,0,43,144,0,0,356,1,36,92,0,2260099,777.000000,628.000000
1732477771366,00006,111,2,139,139,1,83,0,2928,1974,326,25,2577,116,954,765372,0,326,25,276,870,1431,0,0,415,132,1080,802,499,11375330,6,498,333,0,20,478,165,139610,19.782679,0,0,20,0,250,228,0,0,0,70,309,50,69,1827792,2169.000000,6812.000000
1732477771366,00008,111,2,139,139,1,83,0,2928,1974,326,25,2577,116,954,765372,0,326,25,276,870,1431,0,0,415,132,1080,802,499,11375330,6,476,332,0,0,476,144,160476,19.733036,0,0,0,0,19,457,0,0,0,0,45,284,147,1695827,2735.000000,9117.000000
1732477771366,00009,111,2,139,139,1,83,0,2928,1974,326,25,2577,116,954,765372,0,326,25,276,870,1431,0,0,415,132,1080,802,499,11375330,6,476,332,0,0,476,144,148545,19.608929,0,0,0,0,263,213,0,0,0,0,48,304,124,1625146,2519.000000,7126.000000
1732477771366,00012,111,2,139,139,1,83,0,2928,1974,326,25,2577,116,954,765372,0,326,25,276,870,1431,0,0,415,132,1080,802,499,11375330,6,502,335,29,4,469,167,107076,20.006071,0,29,4,256,81,132,0,0,59,0,371,72,0,2105096,1592.000000,3982.000000
1732477771466,00001,111,2,139,139,1,82,0,3086,1951,637,29,2420,115,1135,705368,0,637,16,14,1488,931,0,0,847,78,1167,519,475,12528598,6,469,333,0,13,456,136,128330,18.343036,0,0,0,13,250,206,0,0,0,33,289,57,90,2038065,2143.000000,5973.000000
1732477771466,00003,111,2,139,139,1,82,0,3086,1951,637,29,2420,115,1135,705368,0,637,16,14,1488,931,0,0,847,78,1167,519,475,12528598,6,573,302,323,2,248,271,71831,21.867679,0,323,2,0,247,1,0,0,426,3,144,0,0,2491843,670.000000,209.000000
1732477771466,00006,111,2,139,139,1,82,0,3086,1951,637,29,2420,115,1135,705368,0,637,16,14,1488,931,0,0,847,78,1167,519,475,12528598,6,482,336,0,14,468,146,133406,18.889107,0,0,14,0,235,233,0,0,0,42,307,48,85,2005626,2127.000000,6707.000000
1732477771466,00008,111,2,139,139,1,82,0,3086,1951,637,29,2420,115,1135,705368,0,637,16,14,1488,931,0,0,847,78,1167,519,475,12528598,6,502,330,0,0,502,172,148843,19.509643,0,0,0,0,260,242,0,0,0,0,53,300,149,1865729,2563.000000,5973.000000
1732477771466,00009,111,2,139,139,1,82,0,3086,1951,637,29,2420,115,1135,705368,0,637,16,14,1488,931,0,0,847,78,1167,519,475,12528598,6,491,328,0,0,491,163,149865,19.633750,0,0,0,0,242,249,0,0,0,0,338,2,151,1793246,2422.000000,7545.000000
1732477771466,00012,111,2,139,139,1,82,0,3086,1951,637,29,2420,115,1135,705368,0,637,16,14,1488,931,0,0,847,78,1167,519,475,12528598,6,569,322,314,0,255,247,73093,20.899643,0,314,0,1,254,0,0,0,421,0,36,112,0,2334089,1119.000000,838.000000
1732477771566,00001,111,2,139,139,1,83,0,3051,1946,332,276,2443,116,1105,703471,0,332,260,522,573,1364,0,0,829,370,718,722,412,13692460,6,504,325,0,16,488,179,123312,20.155000,0,0,0,269,4,231,0,0,0,365,0,47,92,2229048,2016.000000,3877.000000
1732477771566,00003,111,2,139,139,1,83,0,3051,1946,332,276,2443,116,1105,703471,0,332,260,522,573,1364,0,0,829,370,718,722,412,13692460,6,545,310,40,257,248,235,92275,20.825179,0,40,257,0,77,171,0,0,402,2,36,105,0,2710138,757.000000,733.000000
1732477771566,00006,111,2,139,139,1,83,0,3051,1946,332,276,2443,116,1105,703471,0,332,260,522,573,1364,0,0,829,370,718,722,412,13692460,6,527,326,25,0,502,201,119779,19.906786,0,25,0,253,3,246,0,0,66,0,314,147,0,2203385,1913.000000,2934.000000
1732477771566,00008,111,2,139,139,1,83,0,3051,1946,332,276,2443,116,1105,703471,0,332,260,522,573,1364,0,0,829,370,718,722,412,13692460,6,488,335,0,0,488,153,142023,19.484821,0,0,0,0,230,258,0,0,0,0,323,0,165,2038570,2425.000000,7021.000000
1732477771566,00009,111,2,139,139,1,83,0,3051,1946,332,276,2443,116,1105,703471,0,332,260,522,573,1364,0,0,829,370,718,722,412,13692460,6,472,337,0,0,472,135,150868,18.616071,0,0,0,0,14,458,0,0,0,0,45,272,155,1951009,2487.000000,7755.000000
1732477771566,00012,111,2,139,139,1,83,0,3051,1946,332,276,2443,116,1105,703471,0,332,260,522,573,1364,0,0,829,370,718,722,412,13692460,6,515,313,267,3,245,202,75214,20.155000,0,267,3,0,245,0,0,0,361,3,0,151,0,2560310,1016.000000,943.000000
1732477771666,00001,111,2,139,139,1,83,0,2994,1909,382,569,2043,116,1085,663308,40,342,569,17,1088,938,0,83,480,716,1182,218,315,14876560,6,474,311,0,251,223,163,98920,19.509643,0,0,251,4,69,150,0,0,44,283,54,93,0,2437691,1865.000000,3458.000000
1732477771666,00003,111,2,139,139,1,83,0,2994,1909,382,569,2043,116,1085,663308,40,342,569,17,1088,938,0,83,480,716,1182,218,315,14876560,6,574,299,351,1,222,275,65548,21.892500,40,311,1,0,218,4,0,83,351,0,140,0,0,2942473,703.000000,104.000000
1732477771666,00006,111,2,139,139,1,83,0,2994,1909,382,569,2043,116,1085,663308,40,342,569,17,1088,938,0,83,480,716,1182,218,315,14876560,6,469,324,0,19,450,145,134428,19.360714,0,0,19,0,235,215,0,0,0,52,295,41,81,2382284,1968.000000,6812.000000
1732477771666,00008,111,2,139,139,1,83,0,2994,1909,382,569,2043,116,1085,663308,40,342,569,17,1088,938,0,83,480,716,1182,218,315,14876560,6,455,328,0,0,455,127,118176,18.616071,0,0,0,13,271,171,0,0,0,37,308,0,110,2224583,2329.000000,4506.000000
1732477771666,00009,111,2,139,139,1,83,0,2994,1909,382,569,2043,116,1085,663308,40,342,569,17,1088,938,0,83,480,716,1182,218,315,14876560,6,467,331,0,0,467,136,141868,18.467143,0,0,0,0,232,235,0,0,0,0,343,0,124,2118200,2476.000000,7440.000000
1732477771666,00012,111,2,139,139,1,83,0,2994,1909,382,569,2043,116,1085,663308,40,342,569,17,1088,938,0,83,480,716,1182,218,315,14876560,6,555,316,31,298,226,239,104368,21.296786,0,31,298,0,63,163,0,0,85,344,42,84,0,2771329,1055.000000,1676.000000
1732477771766,00001,111,2,139,139,1,83,0,3010,1930,330,317,2363,116,1080,753151,39,291,66,251,1208,1155,0,103,403,415,764,921,404,15995350,6,487,319,0,19,468,168,140119,19.733036,0,0,19,0,220,248,0,0,0,57,268,162,0,2618036,1907.000000,6183.000000
1732477771766,00003,111,2,139,139,1,83,0,3010,1930,330,317,2363,116,1080,753151,39,291,66,251,1208,1155,0,103,403,415,764,921,404,15995350,6,579,288,329,1,249,291,77265,23.034286,39,290,1,0,249,0,0,103,330,0,146,0,0,3172210,676.000000,104.000000
1732477771766,00006,111,2,139,139,1,83,0,3010,1930,330,317,2363,116,1080,753151,39,291,66,251,1208,1155,0,103,403,415,764,921,404,15995350,6,484,329,0,12,472,155,135060,19.559286,0,0,12,0,277,195,0,0,0,34,309,43,98,2559228,2005.000000,5240.000000
1732477771766,00008,111,2,139,139,1,83,0,3010,1930,330,317,2363,116,1080,753151,39,291,66,251,1208,1155,0,103,403,415,764,921,404,15995350,6,457,338,0,0,457,119,139797,18.367857,0,0,0,0,241,216,0,0,0,0,41,270,146,2391131,2350.000000,7440.000000
1732477771766,00009,111,2,139,139,1,83,0,3010,1930,330,317,2363,116,1080,753151,39,291,66,251,1208,1155,0,103,403,415,764,921,404,15995350,6,473,337,0,0,473,136,143386,18.516786,0,0,0,0,220,253,0,0,0,0,0,313,160,2282465,2472.000000,7545.000000
1732477771766,00012,111,2,139,139,1,83,0,3010,1930,330,317,2363,116,1080,753151,39,291,66,251,1208,1155,0,103,403,415,764,921,404,15995350,6,530,319,1,285,244,211,117524,19.931607,0,1,34,251,1,243,0,0,73,324,0,133,0,2972280,1142.000000,3353.000000
1732477771866,00001,111,2,139,139,1,82,0,3016,1949,333,296,2387,115,1067,718662,331,2,284,273,726,1400,0,430,80,408,1091,514,493,17117763,6,497,310,0,9,488,187,126310,20.750714,0,0,0,270,3,224,0,0,0,58,303,53,83,2808939,1896.000000,2934.000000
1732477771866,00003,111,2,139,139,1,82,0,3016,1949,333,296,2387,115,1067,718662,331,2,284,273,726,1400,0,430,80,408,1091,514,493,17117763,6,587,295,333,8,246,292,62671,22.935000,331,2,8,0,246,0,0,430,4,0,153,0,0,3408405,649.000000,104.000000
1732477771866,00006,111,2,139,139,1,82,0,3016,1949,333,296,2387,115,1067,718662,331,2,284,273,726,1400,0,430,80,408,1091,514,493,17117763,6,483,343,0,9,474,140,135009,18.988393,0,0,9,0,229,245,0,0,0,29,296,53,105,2730170,2046.000000,7231.000000
1732477771866,00008,111,2,139,139,1,82,0,3016,1949,333,296,2387,115,1067,718662,331,2,284,273,726,1400,0,430,80,408,1091,514,493,17117763,6,486,336,0,0,486,150,145283,19.137321,0,0,0,0,246,240,0,0,0,0,339,0,147,2557547,2349.000000,7860.000000
1732477771866,00009,111,2,139,139,1,82,0,3016,1949,333,296,2387,115,1067,718662,331,2,284,273,726,1400,0,430,80,408,1091,514,493,17117763,6,424,351,0,0,424,73,136461,16.729643,0,0,0,0,2,422,0,0,0,0,0,266,158,2433381,2539.000000,7545.000000
1732477771866,00012,111,2,139,139,1,82,0,3016,1949,333,296,2387,115,1067,718662,331,2,284,273,726,1400,0,430,80,408,1091,514,493,17117763,6,539,314,0,270,269,225,112928,20.601786,0,0,267,3,0,269,0,0,76,321,0,142,0,3179321,1170.000000,2515.000000
1732477771966,00001,111,2,139,139,1,84,0,2887,2030,60,594,2233,117,857,721074,1,59,594,44,840,1349,0,0,156,792,1018,448,473,18214161,6,479,338,0,0,479,141,130718,20.055714,0,0,0,27,242,210,0,0,0,74,291,0,114,2988833,1924.000000,6812.000000
1732477771966,00003,111,2,139,139,1,84,0,2887,2030,60,594,2233,117,857,721074,1,59,594,44,840,1349,0,0,156,792,1018,448,473,18214161,6,540,321,36,311,193,219,90910,22.140714,1,35,311,0,48,145,0,0,68,360,32,80,0,3623943,706.000000,1257.000000
1732477771966,00006,111,2,139,139,1,84,0,2887,2030,60,594,2233,117,857,721074,1,59,594,44,840,1349,0,0,156,792,1018,448,473,18214161,6,481,341,0,13,468,140,127918,20.254286,0,0,13,0,280,188,0,0,0,38,331,0,112,2910399,2043.000000,5659.000000
1732477771966,00008,111,2,139,139,1,84,0,2887,2030,60,594,2233,117,857,721074,1,59,594,44,840,1349,0,0,156,792,1018,448,473,18214161,6,484,344,0,0,484,140,134766,19.584107,0,0,0,17,270,197,0,0,0,0,364,0,120,2730539,2321.000000,6916.000000
1732477771966,00009,111,2,139,139,1,84,0,2887,2030,60,594,2233,117,857,721074,1,59,594,44,840,1349,0,0,156,792,1018,448,473,18214161,6,383,375,0,0,383,8,133608,15.786429,0,0,0,0,0,383,0,0,0,0,0,256,127,2567593,2665.000000,11423.000000
1732477771966,00012,111,2,139,139,1,84,0,2887,2030,60,594,2233,117,857,721074,1,59,594,44,840,1349,0,0,156,792,1018,448,473,18214161,6,520,311,24,270,226,209,103154,21.321607,0,24,270,0,0,226,0,0,88,320,0,112,0,3392854,1164.000000,1257.000000
1732477772066,00001,111,2,139,139,1,83,0,3036,1956,359,299,2378,116,1080,704146,0,359,299,270,773,1335,0,0,530,373,1199,415,519,19364909,6,474,330,0,0,474,144,133688,18.690536,0,0,0,18,212,244,0,0,0,56,284,0,134,3164821,1956.000000,6812.000000
1732477772066,00003,111,2,139,139,1,83,0,3036,1956,359,299,2378,116,1080,704146,0,359,299,270,773,1335,0,0,530,373,1199,415,519,19364909,6,567,310,341,10,216,257,63352,21.693929,0,341,10,0,216,0,0,0,425,0,142,0,0,3854706,693.000000,0.000000
1732477772066,00006,111,2,139,139,1,83,0,3036,1956,359,299,2378,116,1080,704146,0,359,299,270,773,1335,0,0,530,373,1199,415,519,19364909,6,518,326,0,12,506,192,124809,20.303929,0,0,12,252,7,247,0,0,45,0,322,43,108,3105196,1988.000000,4925.000000
1732477772066,00008,111,2,139,139,1,83,0,3036,1956,359,299,2378,116,1080,704146,0,359,299,270,773,1335,0,0,530,373,1199,415,519,19364909,6,481,340,0,0,481,141,131940,18.591250,0,0,0,0,256,225,0,0,0,0,344,0,137,2907082,2294.000000,6183.000000
1732477772066,00009,111,2,139,139,1,83,0,3036,1956,359,299,2378,116,1080,704146,0,359,299,270,773,1335,0,0,530,373,1199,415,519,19364909,6,487,337,0,0,487,150,154742,19.038036,0,0,0,0,19,468,0,0,0,0,66,281,140,2726592,2649.000000,8279.000000
1732477772066,00012,111,2,139,139,1,83,0,3036,1956,359,299,2378,116,1080,704146,0,359,299,270,773,1335,0,0,530,373,1199,415,519,19364909,6,509,313,18,277,214,196,95615,20.825179,0,18,277,0,63,151,0,0,60,317,41,91,0,3606512,1161.000000,1467.000000
1732477772166,00001,111,2,139,139,1,82,0,2992,1920,372,314,2306,115,1072,671666,57,315,302,255,1148,915,0,111,775,339,1091,298,378,20531618,6,474,327,0,12,462,147,125493,19.211786,0,0,0,13,251,210,0,0,0,40,292,54,88,3347019,1971.000000,4716.000000
1732477772166,00003,111,2,139,139,1,82,0,2992,1920,372,314,2306,115,1072,671666,57,315,302,255,1148,915,0,111,775,339,1091,298,378,20531618,6,560,299,330,5,225,261,66022,21.445714,57,273,5,0,225,0,0,111,315,2,132,0,0,4087522,679.000000,0.000000
1732477772166,00006,111,2,139,139,1,82,0,2992,1920,372,314,2306,115,1072,671666,57,315,302,255,1148,915,0,111,775,339,1091,298,378,20531618,6,483,323,11,0,472,160,121017,19.807500,0,11,0,242,0,230,0,0,44,296,0,143,0,3294998,1975.000000,3982.000000
1732477772166,00008,111,2,139,139,1,82,0,2992,1920,372,314,2306,115,1072,671666,57,315,302,255,1148,915,0,111,775,339,1091,298,378,20531618,6,464,325,0,0,464,139,144147,18.889107,0,0,0,0,223,241,0,0,0,0,317,0,147,3073813,2309.000000,6392.000000
1732477772166,00009,111,2,139,139,1,82,0,2992,1920,372,314,2306,115,1072,671666,57,315,302,255,1148,915,0,111,775,339,1091,298,378,20531618,6,455,327,0,0,455,128,136764,18.814643,0,0,0,0,221,234,0,0,0,0,312,0,143,2898821,2615.000000,6812.000000
1732477772166,00012,111,2,139,139,1,82,0,2992,1920,372,314,2306,115,1072,671666,57,315,302,255,1148,915,0,111,775,339,1091,298,378,20531618,6,556,319,31,297,228,237,78223,20.974107,0,31,297,0,228,0,0,0,416,1,38,101,0,3829445,1124.000000,628.000000
1732477772266,00001,111,2,139,139,1,83,0,3077,1923,340,512,2225,116,1154,732061,40,300,271,244,807,1415,0,104,393,741,583,792,464,21681064,6,513,316,0,262,251,197,113500,19.236607,0,0,21,241,0,251,0,0,0,377,0,136,0,3548650,1928.000000,0.000000
1732477772266,00003,111,2,139,139,1,83,0,3077,1923,340,512,2225,116,1154,732061,40,300,271,244,807,1415,0,104,393,741,583,792,464,21681064,6,592,288,314,0,278,304,80518,23.133571,40,274,0,0,278,0,0,104,332,0,156,0,0,4318871,0.000000,0.000000
1732477772266,00006,111,2,139,139,1,83,0,3077,1923,340,512,2225,116,1154,732061,40,300,271,244,807,1415,0,104,393,741,583,792,464,21681064,6,494,328,0,17,477,166,139471,19.584107,0,0,17,3,229,245,0,0,0,47,300,0,147,3472058,2888.000000,0.000000
1732477772266,00008,111,2,139,139,1,83,0,3077,1923,340,512,2225,116,1154,732061,40,300,271,244,807,1415,0,104,393,741,583,792,464,21681064,6,472,340,0,0,472,132,137692,17.945893,0,0,0,0,223,249,0,0,0,0,54,272,146,3242283,1980.000000,0.000000
1732477772266,00009,111,2,139,139,1,83,0,3077,1923,340,512,2225,116,1154,732061,40,300,271,244,807,1415,0,104,393,741,583,792,464,21681064,6,490,329,0,0,490,161,157800,19.410357,0,0,0,0,14,476,0,0,0,0,37,282,171,3059857,3558.000000,0.000000
1732477772266,00012,111,2,139,139,1,83,0,3077,1923,340,512,2225,116,1154,732061,40,300,271,244,807,1415,0,104,393,741,583,792,464,21681064,6,516,322,26,233,257,194,103080,19.832321,0,26,233,0,63,194,0,0,61,317,36,102,0,4039345,1309.000000,0.000000
1732477772366,00001,111,2,139,139,1,83,0,3024,1932,367,552,2105,116,1092,705788,37,330,297,255,775,1330,0,84,481,740,800,572,347,22826425,6,545,307,0,281,264,238,125323,21.296786,0,0,29,252,0,264,0,0,0,410,0,135,0,3750555,1588.000000,2515.000000
1732477772366,00003,111,2,139,139,1,83,0,3024,1932,367,552,2105,116,1092,705788,37,330,297,255,775,1330,0,84,481,740,800,572,347,22826425,6,569,309,339,4,226,260,66237,22.165536,37,302,4,0,226,0,0,84,343,0,142,0,0,4550704,544.000000,0.000000
1732477772366,00006,111,2,139,139,1,83,0,3024,1932,367,552,2105,116,1092,705788,37,330,297,255,775,1330,0,84,481,740,800,572,347,22826425,6,511,323,0,4,507,188,133007,20.378393,0,0,4,0,277,230,0,0,52,3,323,42,91,3656442,1988.000000,4192.000000
1732477772366,00008,111,2,139,139,1,83,0,3024,1932,367,552,2105,116,1092,705788,37,330,297,255,775,1330,0,84,481,740,800,572,347,22826425,6,466,327,0,0,466,139,142548,18.938750,0,0,0,0,259,207,0,0,0,0,335,2,129,3409633,2422.000000,6812.000000
1732477772366,00009,111,2,139,139,1,83,0,3024,1932,367,552,2105,116,1092,705788,37,330,297,255,775,1330,0,84,481,740,800,572,347,22826425,6,387,355,0,0,387,32,123331,15.364464,0,0,0,0,13,374,0,0,0,0,0,260,127,3211499,3004.000000,9222.000000
1732477772366,00012,111,2,139,139,1,83,0,3024,1932,367,552,2105,116,1092,705788,37,330,297,255,775,1330,0,84,481,740,800,572,347,22826425,6,546,311,28,263,255,235,115342,20.998929,0,28,260,3,0,255,0,0,86,327,0,133,0,4247592,1254.000000,2200.000000
1732477772466,00001,111,2,139,139,1,83,0,3070,1901,385,567,2118,116,1169,692477,30,355,314,260,1007,1104,0,97,763,416,560,777,457,23992597,6,513,322,0,268,245,191,114846,19.559286,0,0,15,260,0,238,0,0,0,372,3,138,0,3949200,1586.000000,3772.000000
1732477772466,00003,111,2,139,139,1,83,0,3070,1901,385,567,2118,116,1169,692477,30,355,314,260,1007,1104,0,97,763,416,560,777,457,23992597,6,602,303,342,5,255,299,67096,22.215179,30,312,5,0,255,0,0,97,355,0,150,0,0,4785659,515.000000,0.000000
1732477772466,00006,111,2,139,139,1,83,0,3070,1901,385,567,2118,116,1169,692477,30,355,314,260,1007,1104,0,97,763,416,560,777,457,23992597,6,473,330,0,10,463,143,131030,18.318214,0,0,10,0,217,246,0,0,0,40,269,0,164,3832864,2071.000000,6707.000000
1732477772466,00008,111,2,139,139,1,83,0,3070,1901,385,567,2118,116,1169,692477,30,355,314,260,1007,1104,0,97,763,416,560,777,457,23992597,6,468,323,0,0,468,145,143585,18.839464,0,0,0,0,247,221,0,0,0,0,48,284,136,3579304,2402.000000,6707.000000
1732477772466,00009,111,2,139,139,1,83,0,3070,1901,385,567,2118,116,1169,692477,30,355,314,260,1007,1104,0,97,763,416,560,777,457,23992597,6,461,321,0,0,461,140,142942,18.491964,0,0,0,0,221,240,0,0,0,0,39,265,157,3379208,2737.000000,5973.000000
1732477772466,00012,111,2,139,139,1,83,0,3070,1901,385,567,2118,116,1169,692477,30,355,314,260,1007,1104,0,97,763,416,560,777,457,23992597,6,553,302,43,284,226,251,92978,21.718750,0,43,284,0,67,159,0,0,408,4,51,90,0,4466362,1078.000000,209.000000
1732477772566,00001,111,2,139,139,1,84,0,3068,1925,359,539,2170,117,1143,677902,0,359,268,524,788,1129,0,0,765,444,877,504,478,25175805,6,518,318,0,280,238,200,117186,19.956429,0,0,9,275,0,234,0,0,0,385,0,41,92,4147806,1581.000000,2410.000000
1732477772566,00003,111,2,139,139,1,84,0,3068,1925,359,539,2170,117,1143,677902,0,359,268,524,788,1129,0,0,765,444,877,504,478,25175805,6,565,313,333,1,231,252,65074,21.296786,0,333,1,0,231,0,0,0,412,0,153,0,0,5018038,536.000000,104.000000
1732477772566,00006,111,2,139,139,1,84,0,3068,1925,359,539,2170,117,1143,677902,0,359,268,524,788,1129,0,0,765,444,877,504,478,25175805,6,512,323,0,15,497,189,124031,20.080536,0,0,15,249,3,245,0,0,0,57,303,49,103,4024811,1974.000000,3143.000000
1732477772566,00008,111,2,139,139,1,84,0,3068,1925,359,539,2170,117,1143,677902,0,359,268,524,788,1129,0,0,765,444,877,504,478,25175805,6,482,327,0,0,482,155,136241,19.062857,0,0,0,0,255,227,0,0,0,0,340,1,141,3756317,2314.000000,6287.000000
1732477772566,00009,111,2,139,139,1,84,0,3068,1925,359,539,2170,117,1143,677902,0,359,268,524,788,1129,0,0,765,444,877,504,478,25175805,6,475,335,0,0,475,140,142054,18.417500,0,0,0,0,228,247,0,0,0,0,37,296,142,3546201,2619.000000,7440.000000
1732477772566,00012,111,2,139,139,1,84,0,3068,1925,359,539,2170,117,1143,677902,0,359,268,524,788,1129,0,0,765,444,877,504,478,25175805,6,516,309,26,243,247,207,93316,20.328750,0,26,243,0,71,176,0,0,353,2,44,117,0,4682632,1054.000000,1467.000000
1732477772666,00001,111,2,139,139,1,83,0,3006,1962,353,299,2354,116,1044,703247,37,316,281,285,985,1102,0,84,473,357,804,813,475,26323949,6,471,342,0,18,453,129,122573,18.765000,0,0,0,18,237,216,0,0,0,47,266,62,96,4327089,1703.000000,5554.000000
1732477772666,00003,111,2,139,139,1,83,0,3006,1962,353,299,2354,116,1044,703247,37,316,281,285,985,1102,0,84,473,357,804,813,475,26323949,6,576,310,332,2,242,266,74820,22.413750,37,295,2,0,242,0,0,84,332,0,160,0,0,5245880,568.000000,0.000000
1732477772666,00006,111,2,139,139,1,83,0,3006,1962,353,299,2354,116,1044,703247,37,316,281,285,985,1102,0,84,473,357,804,813,475,26323949,6,495,331,0,17,478,164,114725,19.385536,0,0,17,267,0,211,0,0,49,2,304,41,99,4218600,1899.000000,4506.000000
1732477772666,00008,111,2,139,139,1,83,0,3006,1962,353,299,2354,116,1044,703247,37,316,281,285,985,1102,0,84,473,357,804,813,475,26323949,6,478,340,0,0,478,138,144786,19.062857,0,0,0,0,246,232,0,0,0,0,43,292,143,3922052,2331.000000,7650.000000
1732477772666,00009,111,2,139,139,1,83,0,3006,1962,353,299,2354,116,1044,703247,37,316,281,285,985,1102,0,84,473,357,804,813,475,26323949,6,468,338,0,0,468,130,142972,18.839464,0,0,0,0,260,208,0,0,0,0,31,300,137,3711248,2585.000000,6287.000000
1732477772666,00012,111,2,139,139,1,83,0,3006,1962,353,299,2354,116,1044,703247,37,316,281,285,985,1102,0,84,473,357,804,813,475,26323949,6,518,301,21,262,235,217,103371,20.676250,0,21,262,0,0,235,0,0,92,308,0,118,0,4899080,1072.000000,2096.000000
1732477772766,00001,111,2,139,139,1,82,0,3019,1900,346,274,2399,115,1119,712462,25,321,259,19,1053,1342,0,88,787,54,840,782,468,27476456,6,476,326,0,15,461,150,126740,18.988393,0,0,0,16,231,229,0,0,0,52,285,44,95,4511417,1755.000000,6183.000000
1732477772766,00003,111,2,139,139,1,82,0,3019,1900,346,274,2399,115,1119,712462,25,321,259,19,1053,1342,0,88,787,54,840,782,468,27476456,6,541,289,315,0,226,252,69452,21.892500,25,290,0,0,226,0,0,88,317,0,136,0,0,5479188,576.000000,209.000000
1732477772766,00006,111,2,139,139,1,82,0,3019,1900,346,274,2399,115,1119,712462,25,321,259,19,1053,1342,0,88,787,54,840,782,468,27476456,6,510,322,0,7,503,188,129023,19.683393,0,0,7,3,272,228,0,0,66,1,308,44,91,4404309,1916.000000,2829.000000
1732477772766,00008,111,2,139,139,1,82,0,3019,1900,346,274,2399,115,1119,712462,25,321,259,19,1053,1342,0,88,787,54,840,782,468,27476456,6,472,328,0,0,472,144,142754,18.740179,0,0,0,0,243,229,0,0,0,0,34,293,145,4090624,2345.000000,5449.000000
1732477772766,00009,111,2,139,139,1,82,0,3019,1900,346,274,2399,115,1119,712462,25,321,259,19,1053,1342,0,88,787,54,840,782,468,27476456,6,481,330,0,0,481,151,154208,19.013214,0,0,0,0,14,467,0,0,0,0,41,303,137,3870963,2585.000000,7440.000000
1732477772766,00012,111,2,139,139,1,82,0,3019,1900,346,274,2399,115,1119,712462,25,321,259,19,1053,1342,0,88,787,54,840,782,468,27476456,6,539,305,31,252,256,234,90285,20.825179,0,31,252,0,67,189,0,0,404,1,36,98,0,5119955,1030.000000,524.000000
1732477772866,00001,111,2,139,139,1,83,0,2947,1977,344,313,2290,116,970,724000,0,344,313,17,1045,1228,0,0,523,455,789,751,429,28588393,6,487,335,0,0,487,152,128933,19.509643,0,0,0,17,244,226,0,0,0,55,302,51,79,4693412,1795.000000,5868.000000
1732477772866,00003,111,2,139,139,1,83,0,2947,1977,344,313,2290,116,970,724000,0,344,313,17,1045,1228,0,0,523,455,789,751,429,28588393,6,560,311,323,4,233,249,76740,21.991786,0,323,4,0,233,0,0,0,423,4,133,0,0,5706319,594.000000,524.000000
1732477772866,00006,111,2,139,139,1,83,0,2947,1977,344,313,2290,116,970,724000,0,344,313,17,1045,1228,0,0,523,455,789,751,429,28588393,6,497,322,0,18,479,175,135905,20.850000,0,0,18,0,251,228,0,0,0,62,308,46,81,4588390,1929.000000,5135.000000
1732477772866,00008,111,2,139,139,1,83,0,2947,1977,344,313,2290,116,970,724000,0,344,313,17,1045,1228,0,0,523,455,789,751,429,28588393,6,471,337,0,0,471,134,145262,19.162143,0,0,0,0,253,218,0,0,0,0,46,297,128,4255334,2359.000000,8907.000000
1732477772866,00009,111,2,139,139,1,83,0,2947,1977,344,313,2290,116,970,724000,0,344,313,17,1045,1228,0,0,523,455,789,751,429,28588393,6,378,364,0,0,378,14,129696,15.314821,0,0,0,0,0,378,0,0,0,0,0,237,141,4011537,2707.000000,9746.000000
1732477772866,00012,111,2,139,139,1,83,0,2947,1977,344,313,2290,116,970,724000,0,344,313,17,1045,1228,0,0,523,455,789,751,429,28588393,6,554,308,21,291,242,246,107464,22.314464,0,21,291,0,64,178,0,0,100,334,0,120,0,5333401,1050.000000,1781.000000
1732477772966,00001,111,2,139,139,1,83,0,3122,1915,380,311,2431,116,1207,701091,341,39,310,297,773,1362,0,484,461,108,822,782,465,29751516,6,501,319,0,17,484,182,119154,19.311071,0,0,16,221,10,254,0,0,0,70,289,46,96,4889684,1777.000000,3772.000000
1732477772966,00003,111,2,139,139,1,83,0,3122,1915,380,311,2431,116,1207,701091,341,39,310,297,773,1362,0,484,461,108,822,782,465,29751516,6,643,319,352,6,285,324,55510,22.935000,341,11,6,76,209,0,0,484,8,36,115,0,0,5945010,566.000000,0.000000
1732477772966,00006,111,2,139,139,1,83,0,3122,1915,380,311,2431,116,1207,701091,341,39,310,297,773,1362,0,484,461,108,822,782,465,29751516,6,481,315,0,11,470,166,137319,19.435179,0,0,11,0,245,225,0,0,43,0,295,59,84,4768091,1965.000000,5030.000000
1732477772966,00008,111,2,139,139,1,83,0,3122,1915,380,311,2431,116,1207,701091,341,39,310,297,773,1362,0,484,461,108,822,782,465,29751516,6,475,330,0,0,475,145,141533,18.343036,0,0,0,0,220,255,0,0,0,0,39,286,150,4425610,2353.000000,6916.000000
1732477772966,00009,111,2,139,139,1,83,0,3122,1915,380,311,2431,116,1207,701091,341,39,310,297,773,1362,0,484,461,108,822,782,465,29751516,6,467,325,0,0,467,142,147580,18.169286,0,0,0,0,13,454,0,0,0,0,44,288,135,4175785,2680.000000,7440.000000
1732477772966,00012,111,2,139,139,1,83,0,3122,1915,380,311,2431,116,1207,701091,341,39,310,297,773,1362,0,484,461,108,822,782,465,29751516,6,555,307,28,277,250,248,99995,20.949286,0,28,277,0,76,174,0,0,410,2,40,103,0,5547336,1053.000000,1152.000000
1732477773066,00001,111,2,139,139,1,83,0,2992,1990,362,316,2314,116,1002,720830,8,354,296,243,810,1281,0,1,847,88,1007,604,445,30880541,6,473,337,0,20,453,136,118631,19.286250,0,0,0,243,1,229,0,0,0,54,275,54,90,5078315,1788.000000,5554.000000
1732477773066,00003,111,2,139,139,1,83,0,2992,1990,362,316,2314,116,1002,720830,8,354,296,243,810,1281,0,1,847,88,1007,604,445,30880541,6,548,309,333,5,210,239,76164,21.495357,8,325,5,0,59,151,0,1,419,3,42,83,0,6173025,588.000000,104.000000
1732477773066,00006,111,2,139,139,1,83,0,2992,1990,362,316,2314,116,1002,720830,8,354,296,243,810,1281,0,1,847,88,1007,604,445,30880541,6,476,343,0,9,467,133,133461,18.814643,0,0,9,0,241,226,0,0,0,31,303,55,87,4940600,1998.000000,7336.000000
1732477773066,00008,111,2,139,139,1,83,0,2992,1990,362,316,2314,116,1002,720830,8,354,296,243,810,1281,0,1,847,88,1007,604,445,30880541,6,485,337,0,0,485,148,147282,19.460000,0,0,0,0,260,225,0,0,0,0,346,2,137,4591354,2355.000000,7650.000000
1732477773066,00009,111,2,139,139,1,83,0,2992,1990,362,316,2314,116,1002,720830,8,354,296,243,810,1281,0,1,847,88,1007,604,445,30880541,6,456,344,0,0,456,112,141470,18.541607,0,0,0,0,249,207,0,0,0,0,41,284,131,4337224,2669.000000,7231.000000
1732477773066,00012,111,2,139,139,1,83,0,2992,1990,362,316,2314,116,1002,720830,8,354,296,243,810,1281,0,1,847,88,1007,604,445,30880541,6,554,320,29,282,243,234,103822,21.545000,0,29,282,0,0,243,0,0,428,0,0,126,0,5760023,1057.000000,733.000000
1732477773166,00001,111,2,139,139,1,82,0,3066,1931,721,21,2324,115,1135,668634,48,673,21,19,1213,1092,0,195,698,50,961,676,486,32043219,6,474,331,0,0,474,143,139127,18.541607,0,0,0,3,269,202,0,0,0,0,50,288,136,5247421,1847.000000,6916.000000
1732477773166,00003,111,2,139,139,1,82,0,3066,1931,721,21,2324,115,1135,668634,48,673,21,19,1213,1092,0,195,698,50,961,676,486,32043219,6,579,302,357,4,218,277,65577,21.991786,27,330,4,0,217,1,0,96,359,2,122,0,0,6408076,575.000000,0.000000
1732477773166,00006,111,2,139,139,1,82,0,3066,1931,721,21,2324,115,1135,668634,48,673,21,19,1213,1092,0,195,698,50,961,676,486,32043219,6,485,326,0,13,472,159,121789,18.864286,0,0,13,0,265,207,0,0,0,48,303,46,88,5127595,1983.000000,3563.000000
1732477773166,00008,111,2,139,139,1,82,0,3066,1931,721,21,2324,115,1135,668634,48,673,21,19,1213,1092,0,195,698,50,961,676,486,32043219,6,466,335,0,0,466,131,131135,18.442321,0,0,0,16,225,225,0,0,0,0,334,0,132,4767152,2343.000000,6078.000000
1732477773166,00009,111,2,139,139,1,82,0,3066,1931,721,21,2324,115,1135,668634,48,673,21,19,1213,1092,0,195,698,50,961,676,486,32043219,6,472,334,0,0,472,138,150451,18.640893,0,0,0,0,20,452,0,0,0,0,0,342,130,4497088,2660.000000,8384.000000
1732477773166,00012,111,2,139,139,1,82,0,3066,1931,721,21,2324,115,1135,668634,48,673,21,19,1213,1092,0,195,698,50,961,676,486,32043219,6,590,303,364,4,222,287,60555,22.661964,21,343,4,0,217,5,0,99,339,0,152,0,0,5995887,1007.000000,314.000000
1732477773266,00001,111,2,139,139,1,82,0,2990,1930,87,465,2438,115,1060,738803,1,86,447,460,752,1244,0,0,219,601,1198,496,476,39971987,7,480,335,0,17,463,145,119364,18.740179,0,0,0,221,8,251,0,0,0,44,270,51,115,5435782,2019.000000,0.000000
1732477773266,00003,111,2,139,139,1,82,0,2990,1930,87,465,2438,115,1060,738803,1,86,447,460,752,1244,0,0,219,601,1198,496,476,39971987,7,520,306,42,205,273,214,93751,21.271964,0,42,204,1,273,0,0,0,79,267,52,122,0,6622577,938.000000,0.000000
1732477773266,00006,111,2,139,139,1,82,0,2990,1930,87,465,2438,115,1060,738803,1,86,447,460,752,1244,0,0,219,601,1198,496,476,39971987,7,523,308,18,0,505,215,133986,20.974107,0,18,0,221,6,278,0,0,71,0,285,167,0,5320060,2113.000000,0.000000
1732477773266,00008,111,2,139,139,1,82,0,2990,1930,87,465,2438,115,1060,738803,1,86,447,460,752,1244,0,0,219,601,1198,496,476,39971987,7,487,341,0,0,487,146,138715,18.789821,0,0,0,17,177,293,0,0,0,0,296,1,190,4937770,3325.000000,0.000000
1732477773266,00009,111,2,139,139,1,82,0,2990,1930,87,465,2438,115,1060,738803,1,86,447,460,752,1244,0,0,219,601,1198,496,476,39971987,7,467,331,0,0,467,136,144127,18.789821,0,0,0,0,229,238,0,0,0,0,293,3,171,4662886,1884.000000,0.000000
1732477773266,00012,111,2,139,139,1,82,0,2990,1930,87,465,2438,115,1060,738803,1,86,447,460,752,1244,0,0,219,601,1198,496,476,39971987,7,512,308,26,243,243,204,108857,20.552143,0,26,243,0,59,184,0,0,69,290,1,152,0,6203182,0.000000,0.000000
1732477773266,00002,111,2,139,139,1,82,0,2990,1930,87,465,2438,115,1060,738803,1,86,447,460,752,1244,0,0,219,601,1198,496,476,39971987,7,1,1,1,0,0,0,3,0.000827,1,0,0,0,0,0,0,0,0,0,1,0,0,6789730,0.000000,0.000000
1732477773366,00001,111,2,139,139,1,82,0,3092,2032,316,265,2511,115,1060,743684,0,316,253,361,597,1565,0,0,835,289,505,834,629,41324427,7,485,349,0,12,473,136,133035,18.889107,0,0,0,153,4,328,0,0,0,40,189,73,183,5610026,2144.000000,7126.000000
1732477773366,00003,111,2,139,139,1,82,0,3092,2032,316,265,2511,115,1060,743684,0,316,253,361,597,1565,0,0,835,289,505,834,629,41324427,7,582,320,29,233,320,262,85326,21.867679,0,29,233,0,320,0,0,0,384,0,198,0,0,6843107,859.000000,943.000000
1732477773366,00006,111,2,139,139,1,82,0,3092,2032,316,265,2511,115,1060,743684,0,316,253,361,597,1565,0,0,835,289,505,834,629,41324427,7,550,337,13,1,536,213,138113,20.676250,0,13,1,208,0,328,0,0,65,240,0,245,0,5501437,1869.000000,4401.000000
1732477773366,00008,111,2,139,139,1,82,0,3092,2032,316,265,2511,115,1060,743684,0,316,253,361,597,1565,0,0,835,289,505,834,629,41324427,7,490,333,0,0,490,157,155954,19.931607,0,0,0,0,194,296,0,0,0,0,48,222,220,5099150,2547.000000,7650.000000
1732477773366,00009,111,2,139,139,1,82,0,3092,2032,316,265,2511,115,1060,743684,0,316,253,361,597,1565,0,0,835,289,505,834,629,41324427,7,380,372,0,0,380,8,127341,15.066607,0,0,0,0,2,378,0,0,0,0,1,153,226,4802966,3334.000000,9746.000000
1732477773366,00012,111,2,139,139,1,82,0,3092,2032,316,265,2511,115,1060,743684,0,316,253,361,597,1565,0,0,835,289,505,834,629,41324427,7,605,321,274,19,312,284,103915,22.711607,0,274,19,0,77,235,0,0,386,9,69,141,0,6416011,966.000000,524.000000
1732477773366,00002,111,2,139,139,1,82,0,3092,2032,316,265,2511,115,1060,743684,0,316,253,361,597,1565,0,0,835,289,505,834,629,41324427,7,0,0,0,0,0,0,0,0.000000,0,0,0,0,0,0,0,0,0,0,0,0,0,7051730,0.000000,0.000000
1732477773466,00001,111,2,139,139,1,83,0,2984,1855,276,288,2420,116,1129,712155,0,276,278,222,1032,1176,0,0,492,644,709,572,567,35439465,6,487,309,0,13,474,178,124827,19.286250,0,0,13,207,1,266,0,0,0,297,3,52,135,5800109,2004.000000,3772.000000
1732477773466,00003,111,2,139,139,1,83,0,2984,1855,276,288,2420,116,1129,712155,0,276,278,222,1032,1176,0,0,492,644,709,572,567,35439465,6,528,277,262,5,261,251,77428,21.718750,0,262,5,0,261,0,0,0,374,1,53,100,0,7073037,752.000000,0.000000
1732477773466,00006,111,2,139,139,1,83,0,2984,1855,276,288,2420,116,1129,712155,0,276,278,222,1032,1176,0,0,492,644,709,572,567,35439465,6,489,311,0,13,476,178,132386,19.757857,0,0,13,4,229,243,0,0,51,5,277,52,104,5687223,1935.000000,5135.000000
1732477773466,00008,111,2,139,139,1,83,0,2984,1855,276,288,2420,116,1129,712155,0,276,278,222,1032,1176,0,0,492,644,709,572,567,35439465,6,488,318,0,10,478,170,130280,19.509643,0,0,0,11,250,227,0,0,0,53,276,3,156,5283334,2233.000000,5973.000000
1732477773466,00009,111,2,139,139,1,83,0,2984,1855,276,288,2420,116,1129,712155,0,276,278,222,1032,1176,0,0,492,644,709,572,567,35439465,6,472,330,0,0,472,142,144467,18.566429,0,0,0,0,214,258,0,0,0,0,47,253,172,4970051,2852.000000,7545.000000
1732477773466,00012,111,2,139,139,1,83,0,2984,1855,276,288,2420,116,1129,712155,0,276,278,222,1032,1176,0,0,492,644,709,572,567,35439465,6,520,310,14,247,259,210,102767,20.303929,0,14,247,0,77,182,0,0,67,288,53,112,0,6625711,1090.000000,1362.000000
1732477773566,00001,111,2,139,139,1,84,0,3086,1932,393,453,2240,117,1154,710942,351,42,7,525,979,1182,0,489,106,653,544,826,468,36597891,6,516,304,0,238,278,212,128134,20.452857,0,0,1,242,0,273,0,0,0,364,1,54,97,5997732,1885.000000,3143.000000
1732477773566,00003,111,2,139,139,1,84,0,3086,1932,393,453,2240,117,1154,710942,351,42,7,525,979,1182,0,489,106,653,544,826,468,36597891,6,638,310,355,0,283,328,62990,23.505893,351,4,0,73,210,0,0,489,3,0,146,0,0,7311329,631.000000,0.000000
1732477773566,00006,111,2,139,139,1,84,0,3086,1932,393,453,2240,117,1154,710942,351,42,7,525,979,1182,0,489,106,653,544,826,468,36597891,6,488,320,16,0,472,168,129359,19.137321,0,16,0,1,217,254,0,0,47,0,294,50,97,5873296,1929.000000,5030.000000
1732477773566,00008,111,2,139,139,1,84,0,3086,1932,393,453,2240,117,1154,710942,351,42,7,525,979,1182,0,489,106,653,544,826,468,36597891,6,482,340,0,0,482,142,139668,18.367857,0,0,0,0,258,224,0,0,0,0,2,344,136,5450873,2270.000000,4401.000000
1732477773566,00009,111,2,139,139,1,84,0,3086,1932,393,453,2240,117,1154,710942,351,42,7,525,979,1182,0,489,106,653,544,826,468,36597891,6,469,335,0,0,469,134,141975,18.318214,0,0,0,0,217,252,0,0,0,0,49,282,138,5137052,2702.000000,7336.000000
1732477773566,00012,111,2,139,139,1,84,0,3086,1932,393,453,2240,117,1154,710942,351,42,7,525,979,1182,0,489,106,653,544,826,468,36597891,6,493,323,22,215,256,170,108816,19.360714,0,22,6,209,77,179,0,0,56,289,52,96,0,6827609,1225.000000,4611.000000
1732477773666,00001,111,2,139,139,1,82,0,3101,1953,371,287,2443,115,1148,709196,7,364,275,273,953,1229,0,100,405,750,823,608,415,37758170,6,524,328,0,17,507,196,120280,19.832321,0,0,11,265,0,248,0,0,0,382,0,142,0,6192055,1819.000000,3772.000000
1732477773666,00003,111,2,139,139,1,82,0,3101,1953,371,287,2443,115,1148,709196,7,364,275,273,953,1229,0,100,405,750,823,608,415,37758170,6,572,306,331,3,238,266,70197,21.718750,7,324,3,1,237,0,0,100,336,0,136,0,0,7544246,596.000000,0.000000
1732477773666,00006,111,2,139,139,1,82,0,3101,1953,371,287,2443,115,1148,709196,7,364,275,273,953,1229,0,100,405,750,823,608,415,37758170,6,518,329,0,15,503,189,131365,19.782679,0,0,15,0,250,253,0,0,1,61,314,46,96,6058724,1916.000000,3143.000000
1732477773666,00008,111,2,139,139,1,82,0,3101,1953,371,287,2443,115,1148,709196,7,364,275,273,953,1229,0,100,405,750,823,608,415,37758170,6,494,342,0,0,494,152,145744,18.963571,0,0,0,0,232,262,0,0,0,0,330,3,161,5617627,2283.000000,7021.000000
1732477773666,00009,111,2,139,139,1,82,0,3101,1953,371,287,2443,115,1148,709196,7,364,275,273,953,1229,0,100,405,750,823,608,415,37758170,6,478,337,0,0,478,141,143777,18.591250,0,0,0,0,232,246,0,0,0,0,41,279,158,5304198,2623.000000,6392.000000
1732477773666,00012,111,2,139,139,1,82,0,3101,1953,371,287,2443,115,1148,709196,7,364,275,273,953,1229,0,100,405,750,823,608,415,37758170,6,515,311,40,252,223,204,97833,20.254286,0,40,246,7,2,220,0,0,68,307,2,138,0,7041320,1191.000000,1676.000000
1732477773766,00001,111,2,139,139,1,83,0,3086,1935,304,854,1928,116,1151,686727,0,304,576,282,694,1230,0,0,860,695,455,679,397,38940284,6,514,321,0,275,239,193,105858,20.030893,0,0,273,6,71,164,0,0,0,370,0,144,0,6398400,1721.000000,2515.000000
1732477773766,00003,111,2,139,139,1,83,0,3086,1935,304,854,1928,116,1151,686727,0,304,576,282,694,1230,0,0,860,695,455,679,397,38940284,6,542,307,282,2,258,235,86458,20.601786,0,282,2,0,79,179,0,0,392,2,45,103,0,7767859,638.000000,524.000000
1732477773766,00006,111,2,139,139,1,83,0,3086,1935,304,854,1928,116,1151,686727,0,304,576,282,694,1230,0,0,860,695,455,679,397,38940284,6,527,321,0,284,243,206,118325,20.403214,0,0,8,276,5,238,0,0,64,322,3,45,93,6257211,1848.000000,3039.000000
1732477773766,00008,111,2,139,139,1,83,0,3086,1935,304,854,1928,116,1151,686727,0,304,576,282,694,1230,0,0,860,695,455,679,397,38940284,6,477,332,0,0,477,145,144302,18.814643,0,0,0,0,236,241,0,0,0,0,329,0,148,5785863,2301.000000,7860.000000
1732477773766,00009,111,2,139,139,1,83,0,3086,1935,304,854,1928,116,1151,686727,0,304,576,282,694,1230,0,0,860,695,455,679,397,38940284,6,478,340,0,0,478,138,141713,18.392679,0,0,0,0,232,246,0,0,0,0,39,283,156,5469597,2575.000000,7440.000000
1732477773766,00012,111,2,139,139,1,83,0,3086,1935,304,854,1928,116,1151,686727,0,304,576,282,694,1230,0,0,860,695,455,679,397,38940284,6,548,314,22,293,233,234,90071,20.899643,0,22,293,0,71,162,0,0,404,1,39,104,0,7261354,1140.000000,1048.000000
1732477773866,00001,111,2,139,139,1,84,0,2986,1942,83,557,2346,117,1044,730305,0,83,534,30,1051,1288,0,0,491,444,737,848,466,40072028,6,476,324,0,21,455,152,131835,19.360714,0,0,3,18,208,247,0,0,0,54,280,49,93,6580268,1773.000000,5973.000000
1732477773866,00003,111,2,139,139,1,84,0,2986,1942,83,557,2346,117,1044,730305,0,83,534,30,1051,1288,0,0,491,444,737,848,466,40072028,6,552,285,61,245,246,267,95011,22.264821,0,61,245,0,64,182,0,0,430,2,35,85,0,7990096,673.000000,419.000000
1732477773866,00006,111,2,139,139,1,84,0,2986,1942,83,557,2346,117,1044,730305,0,83,534,30,1051,1288,0,0,491,444,737,848,466,40072028,6,501,329,0,21,480,172,129194,19.807500,0,0,16,5,247,233,0,0,0,70,298,43,90,6440897,1865.000000,5763.000000
1732477773866,00008,111,2,139,139,1,84,0,2986,1942,83,557,2346,117,1044,730305,0,83,534,30,1051,1288,0,0,491,444,737,848,466,40072028,6,485,332,0,0,485,153,138617,19.534464,0,0,0,7,253,225,0,0,0,0,43,298,144,5958889,2286.000000,6078.000000
1732477773866,00009,111,2,139,139,1,84,0,2986,1942,83,557,2346,117,1044,730305,0,83,534,30,1051,1288,0,0,491,444,737,848,466,40072028,6,455,342,0,0,455,113,137693,18.020357,0,0,0,0,227,228,0,0,0,0,41,275,139,5632498,2567.000000,7231.000000
1732477773866,00012,111,2,139,139,1,84,0,2986,1942,83,557,2346,117,1044,730305,0,83,534,30,1051,1288,0,0,491,444,737,848,466,40072028,6,517,330,22,270,225,187,97955,20.155000,0,22,270,0,52,173,0,0,61,318,40,98,0,7469380,1159.000000,3563.000000
1732477773966,00001,111,2,139,139,1,84,0,2973,1950,377,342,2254,117,1023,666431,339,38,265,319,766,1246,0,73,494,394,1095,457,460,41233828,6,498,330,0,19,479,168,120678,20.030893,0,0,0,241,2,255,0,0,0,57,283,52,106,6772459,1763.000000,5240.000000
1732477773966,00003,111,2,139,139,1,84,0,2973,1950,377,342,2254,117,1023,666431,339,38,265,319,766,1246,0,73,494,394,1095,457,460,41233828,6,578,309,345,66,167,269,45144,21.669107,339,6,8,58,167,0,0,73,372,30,103,0,0,8233610,624.000000,0.000000
1732477773966,00006,111,2,139,139,1,84,0,2973,1950,377,342,2254,117,1023,666431,339,38,265,319,766,1246,0,73,494,394,1095,457,460,41233828,6,486,320,0,8,478,166,132978,20.353571,0,0,8,0,265,213,0,0,43,2,306,52,83,6624174,1893.000000,4506.000000
1732477773966,00008,111,2,139,139,1,84,0,2973,1950,377,342,2254,117,1023,666431,339,38,265,319,766,1246,0,73,494,394,1095,457,460,41233828,6,489,335,0,0,489,154,125558,19.410357,0,0,0,20,257,212,0,0,0,0,357,2,130,6142756,2233.000000,5973.000000
1732477773966,00009,111,2,139,139,1,84,0,2973,1950,377,342,2254,117,1023,666431,339,38,265,319,766,1246,0,73,494,394,1095,457,460,41233828,6,400,354,0,0,400,46,129701,16.009821,0,0,0,0,2,398,0,0,0,0,0,259,141,5783004,2623.000000,8907.000000
1732477773966,00012,111,2,139,139,1,84,0,2973,1950,377,342,2254,117,1023,666431,339,38,265,319,766,1246,0,73,494,394,1095,457,460,41233828,6,522,302,32,249,241,220,112372,21.669107,0,32,249,0,73,168,0,0,79,305,46,92,0,7677825,1186.000000,2305.000000
1732477774066,00001,111,2,139,139,1,83,0,3078,1934,343,292,2443,116,1144,705962,8,335,279,19,1292,1145,0,2,859,48,1476,142,551,42394614,6,477,327,0,13,464,150,128883,19.137321,0,0,0,19,216,242,0,0,0,42,283,53,99,6955131,1792.000000,6287.000000
1732477774066,00003,111,2,139,139,1,83,0,3078,1934,343,292,2443,116,1144,705962,8,335,279,19,1292,1145,0,2,859,48,1476,142,551,42394614,6,524,323,300,1,223,201,68582,19.757857,8,292,1,0,223,0,0,2,369,1,152,0,0,8460886,632.000000,314.000000
1732477774066,00006,111,2,139,139,1,83,0,3078,1934,343,292,2443,116,1144,705962,8,335,279,19,1292,1145,0,2,859,48,1476,142,551,42394614,6,529,318,0,6,523,211,134359,20.502500,0,0,6,0,286,237,0,0,55,4,330,1,139,6811747,1894.000000,3458.000000
1732477774066,00008,111,2,139,139,1,83,0,3078,1934,343,292,2443,116,1144,705962,8,335,279,19,1292,1145,0,2,859,48,1476,142,551,42394614,6,495,327,0,0,495,168,139658,19.186964,0,0,0,0,232,263,0,0,0,0,336,0,159,6318881,2216.000000,6183.000000
1732477774066,00009,111,2,139,139,1,83,0,3078,1934,343,292,2443,116,1144,705962,8,335,279,19,1292,1145,0,2,859,48,1476,142,551,42394614,6,481,336,0,0,481,145,142537,18.591250,0,0,0,0,239,242,0,0,0,0,325,2,154,5949241,2592.000000,6392.000000
1732477774066,00012,111,2,139,139,1,83,0,3078,1934,343,292,2443,116,1144,705962,8,335,279,19,1292,1145,0,2,859,48,1476,142,551,42394614,6,572,303,43,272,257,269,91943,21.966964,0,43,272,0,96,161,0,0,435,1,50,86,0,7898728,1145.000000,838.000000
1732477774166,00001,111,2,139,139,1,83,0,2966,1941,330,306,2330,116,1025,725116,0,330,293,13,1251,1079,0,82,409,408,1123,423,521,43526745,6,490,333,0,13,477,157,129021,19.633750,0,0,0,13,251,226,0,0,0,37,316,42,95,7137335,1813.000000,5554.000000
1732477774166,00003,111,2,139,139,1,83,0,2966,1941,330,306,2330,116,1025,725116,0,330,293,13,1251,1079,0,82,409,408,1123,423,521,43526745,6,545,298,302,15,228,247,71513,21.718750,0,302,15,0,228,0,0,82,332,0,131,0,0,8692795,625.000000,104.000000
1732477774166,00006,111,2,139,139,1,83,0,2966,1941,330,306,2330,116,1025,725116,0,330,293,13,1251,1079,0,82,409,408,1123,423,521,43526745,6,468,333,0,17,451,135,135086,19.087679,0,0,17,0,226,225,0,0,2,50,286,0,130,6985697,1930.000000,6497.000000
1732477774166,00008,111,2,139,139,1,83,0,2966,1941,330,306,2330,116,1025,725116,0,330,293,13,1251,1079,0,82,409,408,1123,423,521,43526745,6,479,335,0,0,479,144,143235,18.938750,0,0,0,0,260,219,0,0,0,0,341,0,138,6485019,2237.000000,7021.000000
1732477774166,00009,111,2,139,139,1,83,0,2966,1941,330,306,2330,116,1025,725116,0,330,293,13,1251,1079,0,82,409,408,1123,423,521,43526745,6,466,334,0,0,466,132,148644,19.186964,0,0,0,0,219,247,0,0,0,0,49,259,158,6111269,2594.000000,7860.000000
1732477774166,00012,111,2,139,139,1,83,0,2966,1941,330,306,2330,116,1025,725116,0,330,293,13,1251,1079,0,82,409,408,1123,423,521,43526745,6,518,308,28,261,229,210,97617,20.576964,0,28,261,0,67,162,0,0,75,321,0,122,0,8114630,1142.000000,1676.000000
1732477774266,00001,111,2,139,139,1,84,0,2960,1982,362,326,2272,118,978,689459,45,317,289,273,972,1064,0,93,380,428,845,852,362,44673477,6,495,340,0,17,478,155,120123,19.782679,0,0,0,253,7,235,0,0,0,43,308,143,1,7327034,1899.000000,0.000000
1732477774266,00003,111,2,139,139,1,84,0,2960,1982,362,326,2272,118,978,689459,45,317,289,273,972,1064,0,93,380,428,845,852,362,44673477,6,527,308,327,2,198,219,62327,21.023750,45,282,2,0,198,0,0,93,317,0,117,0,0,8925950,214.000000,0.000000
1732477774266,00006,111,2,139,139,1,84,0,2960,1982,362,326,2272,118,978,689459,45,317,289,273,972,1064,0,93,380,428,845,852,362,44673477,6,493,331,0,20,473,162,131364,20.030893,0,0,0,20,252,221,0,0,0,55,304,46,88,7167255,2811.000000,0.000000
1732477774266,00008,111,2,139,139,1,84,0,2960,1982,362,326,2272,118,978,689459,45,317,289,273,972,1064,0,93,380,428,845,852,362,44673477,6,467,343,0,0,467,124,144240,19.062857,0,0,0,0,252,215,0,0,0,0,46,284,137,6647482,4136.000000,0.000000
1732477774266,00009,111,2,139,139,1,84,0,2960,1982,362,326,2272,118,978,689459,45,317,289,273,972,1064,0,93,380,428,845,852,362,44673477,6,464,334,0,0,464,130,147104,19.112500,0,0,0,0,221,243,0,0,0,0,41,287,136,6274016,2069.000000,1152.000000
1732477774266,00012,111,2,139,139,1,84,0,2960,1982,362,326,2272,118,978,689459,45,317,289,273,972,1064,0,93,380,428,845,852,362,44673477,6,514,326,35,287,192,188,84301,20.130179,0,35,287,0,42,150,0,0,63,330,29,92,0,8331740,701.000000,0.000000
1732477774366,00001,111,2,139,139,1,84,0,3101,1929,413,515,2173,117,1172,684236,102,311,505,14,833,1336,0,456,137,705,724,566,513,45844453,6,502,325,0,236,266,177,96996,19.286250,0,0,227,12,80,183,0,0,0,350,2,150,0,7539396,1194.000000,3877.000000
1732477774366,00003,111,2,139,139,1,84,0,3101,1929,413,515,2173,117,1172,684236,102,311,505,14,833,1336,0,456,137,705,724,566,513,45844453,6,630,302,349,11,270,328,67343,23.257679,102,247,11,0,270,0,0,456,14,0,160,0,0,9158464,512.000000,0.000000
1732477774366,00006,111,2,139,139,1,84,0,3101,1929,413,515,2173,117,1172,684236,102,311,505,14,833,1336,0,456,137,705,724,566,513,45844453,6,487,322,0,46,441,165,127479,19.087679,0,0,45,2,175,265,0,0,0,95,235,0,157,7353207,1933.000000,5135.000000
1732477774366,00008,111,2,139,139,1,84,0,3101,1929,413,515,2173,117,1172,684236,102,311,505,14,833,1336,0,456,137,705,724,566,513,45844453,6,467,330,0,0,467,137,136348,18.417500,0,0,0,0,202,265,0,0,0,0,281,8,178,6817683,2379.000000,6078.000000
1732477774366,00009,111,2,139,139,1,84,0,3101,1929,413,515,2173,117,1172,684236,102,311,505,14,833,1336,0,456,137,705,724,566,513,45844453,6,485,336,0,0,485,149,152461,18.765000,0,0,0,0,31,454,0,0,0,0,1,306,178,6433453,2581.000000,7755.000000
1732477774366,00012,111,2,139,139,1,84,0,3101,1929,413,515,2173,117,1172,684236,102,311,505,14,833,1336,0,456,137,705,724,566,513,45844453,6,530,314,64,222,244,216,103609,20.328750,0,64,222,0,75,169,0,0,123,260,45,102,0,8542250,1169.000000,1676.000000
1732477774466,00001,111,2,139,139,1,82,0,3124,1928,446,346,2332,115,1196,705612,9,437,250,260,697,1471,0,250,390,464,824,500,696,46996131,6,531,318,0,78,453,213,129274,20.527321,0,0,70,172,4,285,0,0,0,187,135,70,139,7728745,1487.000000,3668.000000
1732477774466,00003,111,2,139,139,1,82,0,3124,1928,446,346,2332,115,1196,705612,9,437,250,260,697,1471,0,250,390,464,824,500,696,46996131,6,606,309,321,21,264,297,70008,22.289643,9,312,21,0,264,0,0,250,151,15,190,0,0,9387968,555.000000,0.000000
1732477774466,00006,111,2,139,139,1,82,0,3124,1928,446,346,2332,115,1196,705612,9,437,250,260,697,1471,0,250,390,464,824,500,696,46996131,6,478,322,0,89,389,156,126798,18.740179,0,0,1,88,109,280,0,0,3,131,140,59,145,7536071,1984.000000,5763.000000
1732477774466,00008,111,2,139,139,1,82,0,3124,1928,446,346,2332,115,1196,705612,9,437,250,260,697,1471,0,250,390,464,824,500,696,46996131,6,476,323,0,0,476,153,134577,18.938750,0,0,0,0,231,245,0,0,0,0,298,0,178,6995413,2251.000000,5659.000000
1732477774466,00009,111,2,139,139,1,82,0,3124,1928,446,346,2332,115,1196,705612,9,437,250,260,697,1471,0,250,390,464,824,500,696,46996131,6,472,341,0,0,472,131,147563,17.871429,0,0,0,0,4,468,0,0,0,0,0,238,234,6591767,2583.000000,7964.000000
1732477774466,00012,111,2,139,139,1,82,0,3124,1928,446,346,2332,115,1196,705612,9,437,250,260,697,1471,0,250,390,464,824,500,696,46996131,6,561,315,125,158,278,246,97392,20.775536,0,125,158,0,85,193,0,0,236,131,61,133,0,8756167,1098.000000,1571.000000
1732477774566,00001,111,2,139,139,1,83,0,3125,1942,399,505,2221,116,1183,703124,0,399,280,397,571,1478,0,4,756,525,660,452,728,48148832,6,527,334,0,209,318,193,126576,19.683393,0,0,4,206,19,298,0,0,0,293,15,53,166,7914659,1601.000000,3248.000000
1732477774566,00003,111,2,139,139,1,83,0,3125,1942,399,505,2221,116,1183,703124,0,399,280,397,571,1478,0,4,756,525,660,452,728,48148832,6,565,299,267,18,280,266,85048,21.569821,0,267,2,16,280,0,0,4,354,13,194,0,0,9612863,634.000000,0.000000
1732477774566,00006,111,2,139,139,1,83,0,3125,1942,399,505,2221,116,1183,703124,0,399,280,397,571,1478,0,4,756,525,660,452,728,48148832,6,558,314,0,103,455,244,124243,21.123036,0,0,99,174,0,285,0,0,0,214,150,62,132,7734527,1790.000000,1991.000000
1732477774566,00008,111,2,139,139,1,83,0,3125,1942,399,505,2221,116,1183,703124,0,399,280,397,571,1478,0,4,756,525,660,452,728,48148832,6,478,333,0,0,478,145,136464,18.442321,0,0,0,1,186,291,0,0,0,0,250,14,214,7168483,2223.000000,7126.000000
1732477774566,00009,111,2,139,139,1,83,0,3125,1942,399,505,2221,116,1183,703124,0,399,280,397,571,1478,0,4,756,525,660,452,728,48148832,6,415,351,0,0,415,64,135045,16.382143,0,0,0,0,0,415,0,0,0,0,0,199,216,6744842,2674.000000,8698.000000
1732477774566,00012,111,2,139,139,1,83,0,3125,1942,399,505,2221,116,1183,703124,0,399,280,397,571,1478,0,4,756,525,660,452,728,48148832,6,582,311,132,175,275,271,95748,21.942143,0,132,175,0,86,189,0,0,402,5,51,124,0,8973458,1047.000000,628.000000
1732477774666,00001,111,2,139,139,1,83,0,3076,1911,493,245,2338,116,1165,719395,145,348,243,69,837,1434,0,254,438,431,820,477,656,49283276,6,495,330,0,2,493,165,131746,19.112500,0,0,0,66,142,287,0,0,0,134,165,45,151,8097311,1685.000000,6392.000000
1732477774666,00003,111,2,139,139,1,83,0,3076,1911,493,245,2338,116,1165,719395,145,348,243,69,837,1434,0,254,438,431,820,477,656,49283276,6,607,299,344,0,263,308,71246,22.885357,145,199,0,0,263,0,0,254,165,0,188,0,0,9843757,615.000000,0.000000
1732477774666,00006,111,2,139,139,1,83,0,3076,1911,493,245,2338,116,1165,719395,145,348,243,69,837,1434,0,254,438,431,820,477,656,49283276,6,513,326,0,83,430,187,129747,19.410357,0,0,83,3,157,270,0,0,0,174,144,62,133,7919037,1837.000000,4087.000000
1732477774666,00008,111,2,139,139,1,83,0,3076,1911,493,245,2338,116,1165,719395,145,348,243,69,837,1434,0,254,438,431,820,477,656,49283276,6,467,317,0,0,467,150,143744,18.913929,0,0,0,0,203,264,0,0,0,0,273,9,185,7340488,2257.000000,6183.000000
1732477774666,00009,111,2,139,139,1,83,0,3076,1911,493,245,2338,116,1165,719395,145,348,243,69,837,1434,0,254,438,431,820,477,656,49283276,6,401,338,0,0,401,63,135061,16.109107,0,0,0,0,0,401,0,0,0,0,0,214,187,6897986,2748.000000,8698.000000
1732477774666,00012,111,2,139,139,1,83,0,3076,1911,493,245,2338,116,1165,719395,145,348,243,69,837,1434,0,254,438,431,820,477,656,49283276,6,593,301,149,160,284,292,107851,22.711607,0,149,160,0,72,212,0,0,273,123,50,147,0,9184697,1055.000000,628.000000
1732477774766,00001,111,2,139,139,1,83,0,3075,1860,380,362,2333,116,1215,728508,4,376,132,399,782,1382,0,16,559,657,551,619,673,50439703,6,559,311,0,81,478,248,131509,20.725893,0,0,72,175,5,307,0,0,0,356,17,46,140,8292848,1672.000000,3143.000000
1732477774766,00003,111,2,139,139,1,83,0,3075,1860,380,362,2333,116,1215,728508,4,376,132,399,782,1382,0,16,559,657,551,619,673,50439703,6,555,289,294,29,232,266,72569,21.917321,4,290,29,0,232,0,0,16,361,0,178,0,0,10072080,629.000000,0.000000
1732477774766,00006,111,2,139,139,1,83,0,3075,1860,380,362,2333,116,1215,728508,4,376,132,399,782,1382,0,16,559,657,551,619,673,50439703,6,508,305,0,94,414,203,131072,20.204643,0,0,4,93,160,251,0,0,0,159,156,61,132,8107455,1841.000000,2724.000000
1732477774766,00008,111,2,139,139,1,83,0,3075,1860,380,362,2333,116,1215,728508,4,376,132,399,782,1382,0,16,559,657,551,619,673,50439703,6,479,324,0,0,479,155,137477,18.367857,0,0,0,0,209,270,0,0,0,0,112,170,197,7514898,2239.000000,6916.000000
1732477774766,00009,111,2,139,139,1,83,0,3075,1860,380,362,2333,116,1215,728508,4,376,132,399,782,1382,0,16,559,657,551,619,673,50439703,6,450,330,0,0,450,120,139918,17.796964,0,0,0,0,176,274,0,0,0,0,88,158,204,7062715,2707.000000,7440.000000
1732477774766,00012,111,2,139,139,1,83,0,3075,1860,380,362,2333,116,1215,728508,4,376,132,399,782,1382,0,16,559,657,551,619,673,50439703,6,524,301,86,158,280,223,115963,20.130179,0,86,27,131,0,280,0,0,198,142,0,184,0,9389707,1114.000000,1991.000000
1732477774866,00001,111,2,139,139,1,83,0,3053,1910,291,240,2522,116,1143,769410,0,291,219,223,853,1467,0,0,489,314,814,694,742,51564779,6,476,319,0,16,460,157,129397,19.311071,0,0,0,194,0,282,0,0,0,58,217,56,145,8477541,1717.000000,5449.000000
1732477774866,00003,111,2,139,139,1,83,0,3053,1910,291,240,2522,116,1143,769410,0,291,219,223,853,1467,0,0,489,314,814,694,742,51564779,6,522,303,246,8,268,219,83445,20.428036,0,246,8,0,268,0,0,0,315,3,204,0,0,10293274,684.000000,943.000000
1732477774866,00006,111,2,139,139,1,83,0,3053,1910,291,240,2522,116,1143,769410,0,291,219,223,853,1467,0,0,489,314,814,694,742,51564779,6,511,319,0,20,491,192,139858,19.757857,0,0,15,7,177,312,0,0,66,7,232,49,157,8288882,1869.000000,5240.000000
1732477774866,00008,111,2,139,139,1,83,0,3053,1910,291,240,2522,116,1143,769410,0,291,219,223,853,1467,0,0,489,314,814,694,742,51564779,6,476,330,0,0,476,146,142795,18.392679,0,0,0,22,155,299,0,0,0,0,63,193,220,7683644,2252.000000,7336.000000
1732477774866,00009,111,2,139,139,1,83,0,3053,1910,291,240,2522,116,1143,769410,0,291,219,223,853,1467,0,0,489,314,814,694,742,51564779,6,496,340,0,0,496,156,148808,18.889107,0,0,0,0,179,317,0,0,0,0,53,223,220,7226244,2651.000000,7231.000000
1732477774866,00012,111,2,139,139,1,83,0,3053,1910,291,240,2522,116,1143,769410,0,291,219,223,853,1467,0,0,489,314,814,694,742,51564779,6,572,299,45,196,331,273,125107,22.364107,0,45,196,0,74,257,0,0,108,246,45,173,0,9595194,1143.000000,1257.000000
1732477774966,00001,111,2,139,139,1,82,0,3139,1919,576,29,2534,115,1220,719007,76,500,2,47,1293,1221,0,162,692,83,1034,585,583,63176049,7,488,332,0,26,462,156,132558,18.715357,0,0,0,26,155,307,0,0,0,78,196,62,152,8656506,1770.000000,6078.000000
1732477774966,00003,111,2,139,139,1,82,0,3139,1919,576,29,2534,115,1220,719007,76,500,2,47,1293,1221,0,162,692,83,1034,585,583,63176049,7,592,309,262,0,330,283,88299,21.917321,0,262,0,19,311,0,0,0,374,1,63,154,0,10485532,707.000000,0.000000
1732477774966,00006,111,2,139,139,1,82,0,3139,1919,576,29,2534,115,1220,719007,76,500,2,47,1293,1221,0,162,692,83,1034,585,583,63176049,7,534,320,62,2,470,214,130589,19.857143,0,62,1,1,163,307,0,0,122,2,205,204,1,8478556,1847.000000,4192.000000
1732477774966,00008,111,2,139,139,1,82,0,3139,1919,576,29,2534,115,1220,719007,76,500,2,47,1293,1221,0,162,692,83,1034,585,583,63176049,7,480,327,0,0,480,153,143572,18.665714,0,0,0,1,190,289,0,0,0,2,277,2,199,7854151,2258.000000,7336.000000
1732477774966,00009,111,2,139,139,1,82,0,3139,1919,576,29,2534,115,1220,719007,76,500,2,47,1293,1221,0,162,692,83,1034,585,583,63176049,7,474,334,0,0,474,140,136110,18.020357,0,0,0,0,164,310,0,0,0,0,81,162,231,7398480,2585.000000,7126.000000
1732477774966,00012,111,2,139,139,1,82,0,3139,1919,576,29,2534,115,1220,719007,76,500,2,47,1293,1221,0,162,692,83,1034,585,583,63176049,7,570,296,251,1,318,274,87876,21.942143,75,176,1,0,310,8,0,162,196,0,211,1,0,9817584,1106.000000,628.000000
1732477774966,00002,111,2,139,139,1,82,0,3139,1919,576,29,2534,115,1220,719007,76,500,2,47,1293,1221,0,162,692,83,1034,585,583,63176049,7,1,1,1,0,0,0,3,0.000528,1,0,0,0,0,0,0,0,0,0,1,0,0,10485240,742.000000,104.000000
1732477775066,00001,111,2,139,139,1,84,0,3038,1937,298,259,2481,117,1101,752383,1,297,235,194,890,1421,0,102,595,101,968,510,762,64064887,7,494,324,0,24,470,170,134603,20.030893,0,0,0,194,0,300,0,0,0,60,201,71,162,8836772,1808.000000,4401.000000
1732477775066,00003,111,2,139,139,1,84,0,3038,1937,298,259,2481,117,1101,752383,1,297,235,194,890,1421,0,102,595,101,968,510,762,64064887,7,584,303,283,2,299,281,86283,22.091071,0,283,2,0,299,0,0,102,274,0,206,2,0,10485112,722.000000,419.000000
1732477775066,00006,111,2,139,139,1,84,0,3038,1937,298,259,2481,117,1101,752383,1,297,235,194,890,1421,0,102,595,101,968,510,762,64064887,7,489,330,0,14,475,159,136083,19.013214,0,0,14,0,160,315,0,0,2,41,218,66,162,8654342,1880.000000,6078.000000
1732477775066,00008,111,2,139,139,1,84,0,3038,1937,298,259,2481,117,1101,752383,1,297,235,194,890,1421,0,102,595,101,968,510,762,64064887,7,463,329,0,0,463,134,146660,18.814643,0,0,0,0,180,283,0,0,0,0,37,209,217,8018070,2287.000000,7860.000000
1732477775066,00009,111,2,139,139,1,84,0,3038,1937,298,259,2481,117,1101,752383,1,297,235,194,890,1421,0,102,595,101,968,510,762,64064887,7,479,335,0,0,479,144,143632,18.417500,0,0,0,0,186,293,0,0,0,0,254,4,221,7561625,2565.000000,7860.000000
1732477775066,00012,111,2,139,139,1,84,0,3038,1937,298,259,2481,117,1101,752383,1,297,235,194,890,1421,0,102,595,101,968,510,762,64064887,7,529,316,15,219,295,213,105122,20.775536,1,14,219,0,65,230,0,0,319,0,52,158,0,10023726,1127.000000,2096.000000
1732477775066,00002,111,2,139,139,1,84,0,3038,1937,298,259,2481,117,1101,752383,1,297,235,194,890,1421,0,102,595,101,968,510,762,64064887,7,0,0,0,0,0,0,0,0.000000,0,0,0,0,0,0,0,0,0,0,0,0,0,10485240,742.000000,0.000000
1732477775166,00001,111,2,139,139,1,83,0,2983,1907,302,270,2411,116,1076,747725,40,262,247,196,700,1538,0,94,553,109,927,541,759,64949137,7,505,333,0,23,482,172,131017,19.509643,0,0,0,196,0,309,0,0,0,58,233,49,165,9018134,1825.000000,5030.000000
1732477775166,00003,111,2,139,139,1,83,0,2983,1907,302,270,2411,116,1076,747725,40,262,247,196,700,1538,0,94,553,109,927,541,759,64949137,7,543,294,287,1,255,249,68445,21.693929,40,247,1,0,255,0,0,94,264,0,185,0,0,10484572,715.000000,0.000000
1732477775166,00006,111,2,139,139,1,83,0,2983,1907,302,270,2411,116,1076,747725,40,262,247,196,700,1538,0,94,553,109,927,541,759,64949137,7,481,323,0,21,460,158,141894,19.410357,0,0,21,0,173,287,0,0,0,51,209,76,145,8826983,1921.000000,5973.000000
1732477775166,00008,111,2,139,139,1,83,0,2983,1907,302,270,2411,116,1076,747725,40,262,247,196,700,1538,0,94,553,109,927,541,759,64949137,7,469,319,0,0,469,150,151457,19.211786,0,0,0,0,165,304,0,0,0,0,232,4,233,8184167,2311.000000,6707.000000
1732477775166,00009,111,2,139,139,1,83,0,2983,1907,302,270,2411,116,1076,747725,40,262,247,196,700,1538,0,94,553,109,927,541,759,64949137,7,478,334,0,0,478,144,153721,18.839464,0,0,0,0,21,457,0,0,0,0,1,261,216,7719672,2574.000000,7231.000000
1732477775166,00012,111,2,139,139,1,83,0,2983,1907,302,270,2411,116,1076,747725,40,262,247,196,700,1538,0,94,553,109,927,541,759,64949137,7,507,304,15,225,267,203,101191,20.477679,0,15,225,0,86,181,0,0,289,0,67,151,0,10230369,1146.000000,1048.000000
1732477775166,00002,111,2,139,139,1,83,0,2983,1907,302,270,2411,116,1076,747725,40,262,247,196,700,1538,0,94,553,109,927,541,759,64949137,7,0,0,0,0,0,0,0,0.000000,0,0,0,0,0,0,0,0,0,0,0,0,0,10485240,742.000000,0.000000
