timestamp,ueImsiComplete,plmId,nrCellId,dlAvailablePrbs,ulAvailablePrbs,qci,dlPrbUsage,ulPrbUsage,TB.TotNbrDl.1,TB.TotNbrDlInitial,TB.TotNbrDlInitial.Qpsk,TB.TotNbrDlInitial.16Qam,TB.TotNbrDlInitial.64Qam,RRU.PrbUsedDl,TB.ErrTotalNbrDl.1,QosFlow.PdcpPduVolumeDL_Filter,CARR.PDSCHMCSDist.Bin1,CARR.PDSCHMCSDist.Bin2,CARR.PDSCHMCSDist.Bin3,CARR.PDSCHMCSDist.Bin4,CARR.PDSCHMCSDist.Bin5,CARR.PDSCHMCSDist.Bin6,L1M.RS-SINR.Bin34,L1M.RS-SINR.Bin46, L1M.RS-SINR.Bin58,L1M.RS-SINR.Bin70,L1M.RS-SINR.Bin82,L1M.RS-SINR.Bin94,L1M.RS-SINR.Bin127,DRB.BufferSize.Qos,DRB.MeanActiveUeDl,TB.TotNbrDl.1.UEID,TB.TotNbrDlInitial.UEID,TB.TotNbrDlInitial.Qpsk.UEID,TB.TotNbrDlInitial.16Qam.UEID,TB.TotNbrDlInitial.64Qam.UEID,TB.ErrTotalNbrDl.1.UEID,QosFlow.PdcpPduVolumeDL_Filter.UEID,RRU.PrbUsedDl.UEID,CARR.PDSCHMCSDist.Bin1.UEID,CARR.PDSCHMCSDist.Bin2.UEID,CARR.PDSCHMCSDist.Bin3.UEID,CARR.PDSCHMCSDist.Bin4.UEID,CARR.PDSCHMCSDist.Bin5.UEID,CARR.PDSCHMCSDist.Bin6.UEID,L1M.RS-SINR.Bin34.UEID, L1M.RS-SINR.Bin46.UEID,L1M.RS-SINR.Bin58.UEID,L1M.RS-SINR.Bin70.UEID,L1M.RS-SINR.Bin82.UEID,L1M.RS-SINR.Bin94.UEID,L1M.RS-SINR.Bin127.UEID,DRB.BufferSize.Qos.UEID,DRB.UEThpDl.UEID, DRB.UEThpDlPdcpBased.UEID
1732477770366,00011,111,3,139,139,1,0,0,0,0,0,0,0,0,0,0,0,0,0,0,0,0,0,0,0,0,0,0,0,0,1,0,0,0,0,0,0,0,0.000000,0,0,0,0,0,0,0,0,0,0,0,0,0,0,0.000000,0.000000
1732477770466,00011,111,3,139,139,1,22,0,178,178,3,0,175,31,0,260967,3,0,0,0,0,175,0,0,0,0,0,177,1,0,1,178,178,3,0,175,0,260967,31.423929,3,0,0,0,0,175,0,0,0,0,0,177,1,0,13933.000000,18444.000000
1732477770566,00011,111,3,139,139,1,33,0,454,411,142,39,273,46,43,333233,3,139,39,0,0,273,0,1,146,34,0,1,272,438826,2,273,273,0,0,273,0,292335,34.253571,0,0,0,0,0,273,0,0,0,0,0,1,272,43,11785.000000,20855.000000
1732477770566,00004,111,3,139,139,1,33,0,454,411,142,39,273,46,43,333233,3,139,39,0,0,273,0,1,146,34,0,1,272,438826,2,181,138,142,39,0,43,40898,12.026622,3,139,39,0,0,0,0,1,146,34,0,0,0,438783,734.000000,733.000000
1732477770666,00011,111,3,139,139,1,83,0,800,685,325,112,363,116,115,387218,0,325,112,0,0,363,0,296,89,52,0,312,51,635833,2,363,363,0,0,363,0,287190,33.682679,0,0,0,0,0,363,0,0,0,0,0,312,51,43,10038.000000,20960.000000
1732477770666,00004,111,3,139,139,1,83,0,800,685,325,112,363,116,115,387218,0,325,112,0,0,363,0,296,89,52,0,312,51,635833,2,437,322,325,112,0,115,100028,83.573750,0,325,112,0,0,0,0,296,89,52,0,0,0,635790,1103.000000,3877.000000
1732477770766,00011,111,3,139,139,1,84,0,800,683,334,98,368,117,117,364599,255,79,98,0,0,368,0,361,65,6,0,0,368,850650,2,368,368,0,0,368,0,286322,33.583393,0,0,0,0,0,368,0,0,0,0,0,0,368,43,9322.000000,20960.000000
1732477770766,00004,111,3,139,139,1,84,0,800,683,334,98,368,117,117,364599,255,79,98,0,0,368,0,361,65,6,0,0,368,850650,2,432,315,334,98,0,117,78277,84.144643,255,79,98,0,0,0,0,361,65,6,0,0,0,850607,1137.000000,1571.000000
1732477770866,00011,111,3,139,139,1,84,0,800,668,346,90,364,117,132,336475,346,0,90,0,0,364,0,372,63,1,0,0,364,1085170,2,364,364,0,0,364,0,284216,33.335179,0,0,0,0,0,364,0,0,0,0,0,0,364,43,8954.000000,20855.000000
1732477770866,00004,111,3,139,139,1,84,0,800,668,346,90,364,117,132,336475,346,0,90,0,0,364,0,372,63,1,0,0,364,1085170,2,436,304,346,90,0,132,52259,84.591429,346,0,90,0,0,0,0,372,63,1,0,0,0,1085127,1040.000000,209.000000
1732477770966,00011,111,3,139,139,1,24,0,206,206,0,0,206,34,0,296989,0,0,0,0,0,206,0,0,0,0,0,0,206,0,1,206,206,0,0,206,0,296989,34.774821,0,0,0,0,0,206,0,0,0,0,0,0,206,0,9517.000000,21169.000000
1732477771066,00011,111,3,139,139,1,24,0,200,200,0,0,200,34,0,296800,0,0,0,0,0,200,0,0,0,0,0,0,200,0,1,200,200,0,0,200,0,296800,34.750000,0,0,0,0,0,200,0,0,0,0,0,0,200,0,9991.000000,20960.000000
1732477771166,00011,111,3,139,139,1,24,0,200,200,0,0,200,34,0,296800,0,0,0,0,0,200,0,0,0,0,0,200,0,0,1,200,200,0,0,200,0,296800,34.750000,0,0,0,0,0,200,0,0,0,0,0,200,0,0,10376.000000,20960.000000
1732477771266,00011,111,3,139,139,1,29,0,209,199,0,0,209,41,10,290853,0,0,0,0,203,6,0,0,0,0,0,209,0,0,1,209,199,0,0,209,10,290853,41.526250,0,0,0,0,203,6,0,0,0,0,0,209,0,0,13797.000000,0.000000
1732477771366,00011,111,3,139,139,1,24,0,200,200,0,0,200,34,0,296598,0,0,0,0,2,198,0,0,0,0,0,0,200,0,1,200,200,0,0,200,0,296598,34.799643,0,0,0,0,2,198,0,0,0,0,0,0,200,0,14122.000000,21588.000000
1732477771466,00011,111,3,139,139,1,24,0,200,200,0,0,200,34,0,296800,0,0,0,0,0,200,0,0,0,0,0,200,0,0,1,200,200,0,0,200,0,296800,34.750000,0,0,0,0,0,200,0,0,0,0,0,200,0,0,14125.000000,20960.000000
1732477771566,00011,111,3,139,139,1,24,0,200,200,0,0,200,34,0,296800,0,0,0,0,0,200,0,0,0,0,0,199,1,0,1,200,200,0,0,200,0,296800,34.750000,0,0,0,0,0,200,0,0,0,0,0,199,1,0,14127.000000,20960.000000
1732477771666,00011,111,3,139,139,1,24,0,200,200,0,0,200,34,0,296800,0,0,0,0,0,200,0,0,0,0,0,0,200,0,1,200,200,0,0,200,0,296800,34.750000,0,0,0,0,0,200,0,0,0,0,0,0,200,0,14127.000000,20960.000000
1732477771766,00011,111,3,139,139,1,24,0,200,200,0,0,200,34,0,296800,0,0,0,0,0,200,0,0,0,0,0,0,200,0,1,200,200,0,0,200,0,296800,34.750000,0,0,0,0,0,200,0,0,0,0,0,0,200,0,14127.000000,20960.000000
1732477771866,00011,111,3,139,139,1,24,0,200,200,0,0,200,34,0,296800,0,0,0,0,0,200,0,0,0,0,0,199,1,0,1,200,200,0,0,200,0,296800,34.750000,0,0,0,0,0,200,0,0,0,0,0,199,1,0,14128.000000,20960.000000
1732477771966,00011,111,3,139,139,1,24,0,200,200,0,0,200,34,0,296800,0,0,0,0,0,200,0,0,0,0,0,1,199,0,1,200,200,0,0,200,0,296800,34.750000,0,0,0,0,0,200,0,0,0,0,0,1,199,0,14128.000000,20960.000000
1732477772066,00011,111,3,139,139,1,24,0,200,200,0,0,200,34,0,296800,0,0,0,0,0,200,0,0,0,0,0,0,200,0,1,200,200,0,0,200,0,296800,34.750000,0,0,0,0,0,200,0,0,0,0,0,0,200,0,14128.000000,20960.000000
1732477772166,00011,111,3,139,139,1,24,0,200,200,0,0,200,34,0,296800,0,0,0,0,0,200,0,0,0,0,0,0,200,0,1,200,200,0,0,200,0,296800,34.750000,0,0,0,0,0,200,0,0,0,0,0,0,200,0,14128.000000,20960.000000
1732477772266,00011,111,3,139,139,1,24,0,200,200,0,0,200,34,0,296800,0,0,0,0,0,200,0,0,0,0,0,200,0,0,1,200,200,0,0,200,0,296800,34.750000,0,0,0,0,0,200,0,0,0,0,0,200,0,0,14129.000000,104.000000
1732477772366,00011,111,3,139,139,1,24,0,200,200,0,0,200,34,0,296800,0,0,0,0,0,200,0,0,0,0,0,2,198,0,1,200,200,0,0,200,0,296800,34.750000,0,0,0,0,0,200,0,0,0,0,0,2,198,0,14129.000000,20960.000000
1732477772466,00011,111,3,139,139,1,24,0,200,200,0,0,200,34,0,296800,0,0,0,0,0,200,0,0,0,0,0,0,200,0,1,200,200,0,0,200,0,296800,34.750000,0,0,0,0,0,200,0,0,0,0,0,0,200,0,14129.000000,20960.000000
1732477772566,00011,111,3,139,139,1,24,0,200,200,0,0,200,34,0,296800,0,0,0,0,0,200,0,0,0,0,0,0,200,0,1,200,200,0,0,200,0,296800,34.750000,0,0,0,0,0,200,0,0,0,0,0,0,200,0,14129.000000,20960.000000
1732477772666,00011,111,3,139,139,1,24,0,200,200,0,0,200,34,0,296800,0,0,0,0,0,200,0,0,0,0,0,0,200,0,1,200,200,0,0,200,0,296800,34.750000,0,0,0,0,0,200,0,0,0,0,0,0,200,0,14129.000000,20960.000000
1732477772766,00011,111,3,139,139,1,24,0,200,200,0,0,200,34,0,296800,0,0,0,0,0,200,0,0,0,0,0,0,200,0,1,200,200,0,0,200,0,296800,34.750000,0,0,0,0,0,200,0,0,0,0,0,0,200,0,14129.000000,20960.000000
1732477772866,00011,111,3,139,139,1,24,0,200,200,0,0,200,34,0,296800,0,0,0,0,0,200,0,0,0,0,0,0,200,0,1,200,200,0,0,200,0,296800,34.750000,0,0,0,0,0,200,0,0,0,0,0,0,200,0,14129.000000,20960.000000
1732477772966,00011,111,3,139,139,1,24,0,200,200,0,0,200,34,0,296800,0,0,0,0,0,200,0,0,0,0,0,0,200,0,1,200,200,0,0,200,0,296800,34.750000,0,0,0,0,0,200,0,0,0,0,0,0,200,0,14129.000000,20960.000000
1732477773066,00011,111,3,139,139,1,24,0,200,200,0,0,200,34,0,296800,0,0,0,0,0,200,0,0,0,0,0,0,200,0,1,200,200,0,0,200,0,296800,34.750000,0,0,0,0,0,200,0,0,0,0,0,0,200,0,14129.000000,20960.000000
1732477773166,00011,111,3,139,139,1,24,0,200,200,0,0,200,34,0,296800,0,0,0,0,0,200,0,0,0,0,0,197,3,0,1,200,200,0,0,200,0,296800,34.750000,0,0,0,0,0,200,0,0,0,0,0,197,3,0,14129.000000,20960.000000
1732477773266,00011,111,3,139,139,1,24,0,200,200,0,0,200,34,0,296800,0,0,0,0,0,200,0,0,0,0,0,3,197,0,1,200,200,0,0,200,0,296800,34.750000,0,0,0,0,0,200,0,0,0,0,0,3,197,0,14129.000000,104.000000
1732477773366,00011,111,3,139,139,1,24,0,200,200,0,0,200,34,0,296800,0,0,0,0,0,200,0,0,0,0,0,0,200,0,1,200,200,0,0,200,0,296800,34.750000,0,0,0,0,0,200,0,0,0,0,0,0,200,0,14129.000000,20960.000000
1732477773466,00011,111,3,139,139,1,24,0,200,200,0,0,200,34,0,296800,0,0,0,0,0,200,0,0,0,0,0,0,200,0,1,200,200,0,0,200,0,296800,34.750000,0,0,0,0,0,200,0,0,0,0,0,0,200,0,14129.000000,20960.000000
1732477773566,00011,111,3,139,139,1,24,0,200,200,0,0,200,34,0,296800,0,0,0,0,0,200,0,0,0,0,0,0,200,0,1,200,200,0,0,200,0,296800,34.750000,0,0,0,0,0,200,0,0,0,0,0,0,200,0,14129.000000,20960.000000
1732477773666,00011,111,3,139,139,1,24,0,200,200,0,0,200,34,0,296800,0,0,0,0,0,200,0,0,0,0,0,196,4,0,1,200,200,0,0,200,0,296800,34.750000,0,0,0,0,0,200,0,0,0,0,0,196,4,0,14129.000000,20960.000000
1732477773766,00011,111,3,139,139,1,24,0,200,200,0,0,200,34,0,296800,0,0,0,0,0,200,0,0,0,0,0,4,196,0,1,200,200,0,0,200,0,296800,34.750000,0,0,0,0,0,200,0,0,0,0,0,4,196,0,14129.000000,20960.000000
1732477773866,00011,111,3,139,139,1,24,0,200,200,0,0,200,34,0,296800,0,0,0,0,0,200,0,0,0,0,0,0,200,0,1,200,200,0,0,200,0,296800,34.750000,0,0,0,0,0,200,0,0,0,0,0,0,200,0,14129.000000,20960.000000
1732477773966,00011,111,3,139,139,1,24,0,200,200,0,0,200,34,0,296800,0,0,0,0,0,200,0,0,0,0,0,0,200,0,1,200,200,0,0,200,0,296800,34.750000,0,0,0,0,0,200,0,0,0,0,0,0,200,0,14129.000000,20960.000000
1732477774066,00011,111,3,139,139,1,24,0,200,200,0,0,200,34,0,296800,0,0,0,0,0,200,0,0,0,0,0,0,200,0,1,200,200,0,0,200,0,296800,34.750000,0,0,0,0,0,200,0,0,0,0,0,0,200,0,14129.000000,20960.000000
1732477774166,00011,111,3,139,139,1,24,0,200,200,0,0,200,34,0,296800,0,0,0,0,0,200,0,0,0,0,0,195,5,0,1,200,200,0,0,200,0,296800,34.750000,0,0,0,0,0,200,0,0,0,0,0,195,5,0,14129.000000,20960.000000
1732477774266,00011,111,3,139,139,1,24,0,200,200,0,0,200,34,0,296800,0,0,0,0,0,200,0,0,0,0,0,5,195,0,1,200,200,0,0,200,0,296800,34.750000,0,0,0,0,0,200,0,0,0,0,0,5,195,0,14129.000000,104.000000
1732477774366,00011,111,3,139,139,1,24,0,435,384,120,54,261,34,51,325501,99,21,54,0,0,261,0,139,10,25,0,0,261,9194901,2,261,261,0,0,261,0,292164,34.228750,0,0,0,0,0,261,0,0,0,0,0,0,261,43,10859.000000,20750.000000
1732477774366,00004,111,3,139,139,1,24,0,435,384,120,54,261,34,51,325501,99,21,54,0,0,261,0,139,10,25,0,0,261,9194901,2,174,123,120,54,0,51,33337,0.794189,99,21,54,0,0,0,0,139,10,25,0,0,0,9194858,838.000000,1048.000000
1732477774466,00011,111,3,139,139,1,83,0,800,680,292,142,366,116,120,374842,287,5,142,0,0,366,0,369,59,6,0,0,366,9411126,2,366,366,0,0,366,0,287819,33.757143,0,0,0,0,0,366,0,0,0,0,0,0,366,43,9079.000000,21064.000000
1732477774466,00004,111,3,139,139,1,83,0,800,680,292,142,366,116,120,374842,287,5,142,0,0,366,0,369,59,6,0,0,366,9411126,2,434,314,292,142,0,120,87023,83.052500,287,5,142,0,0,0,0,369,59,6,0,0,0,9411083,979.000000,2305.000000
1732477774566,00011,111,3,139,139,1,83,0,800,677,291,148,361,116,123,372632,286,5,148,0,0,361,0,372,65,2,0,299,62,9627848,2,361,361,0,0,361,0,285285,33.459286,0,0,0,0,0,361,0,0,0,0,0,299,62,992,8644.000000,20855.000000
1732477774566,00004,111,3,139,139,1,83,0,800,677,291,148,361,116,123,372632,286,5,148,0,0,361,0,372,65,2,0,299,62,9627848,2,439,316,291,148,0,123,87347,83.300714,286,5,148,0,0,0,0,372,65,2,0,0,0,9626856,1026.000000,2620.000000
1732477774666,00011,111,3,139,139,1,83,0,800,672,302,136,362,116,128,373305,285,17,136,0,0,362,0,371,65,2,0,10,352,9843344,2,362,362,0,0,362,0,288260,33.806786,0,0,0,0,0,362,0,0,0,0,0,10,352,43,8441.000000,21064.000000
1732477774666,00004,111,3,139,139,1,83,0,800,672,302,136,362,116,128,373305,285,17,136,0,0,362,0,371,65,2,0,10,352,9843344,2,438,310,302,136,0,128,85045,83.151786,285,17,136,0,0,0,0,371,65,2,0,0,0,9843301,1048.000000,2200.000000
1732477774766,00011,111,3,139,139,1,84,0,800,687,351,80,369,118,113,390247,9,342,73,7,0,369,0,12,348,71,0,0,369,10037900,2,369,369,0,0,369,0,286102,33.558571,0,0,0,0,0,369,0,0,0,0,0,0,369,1310,8267.000000,20960.000000
1732477774766,00004,111,3,139,139,1,84,0,800,687,351,80,369,118,113,390247,9,342,73,7,0,369,0,12,348,71,0,0,369,10037900,2,431,318,351,80,0,113,104145,85.261607,9,342,73,7,0,0,0,12,348,71,0,0,0,10036590,1176.000000,2410.000000
1732477774866,00011,111,3,139,139,1,30,0,263,244,36,12,215,43,19,303294,26,10,12,0,0,215,0,36,12,0,0,0,215,10295188,2,215,215,0,0,215,0,295900,34.650714,0,0,0,0,0,215,0,0,0,0,0,0,215,0,8813.000000,21064.000000
1732477774866,00004,111,3,139,139,1,30,0,263,244,36,12,215,43,19,303294,26,10,12,0,0,215,0,36,12,0,0,0,215,10295188,2,48,29,36,12,0,19,7394,9.084643,26,10,12,0,0,0,0,36,12,0,0,0,0,10295188,1171.000000,0.000000
1732477774966,00011,111,3,139,139,1,24,0,279,279,0,0,279,34,0,292745,0,0,0,0,0,279,0,0,0,0,0,247,32,0,1,279,279,0,0,279,0,292745,34.303214,0,0,0,0,0,279,0,0,0,0,0,247,32,0,8992.000000,20960.000000
1732477775066,00011,111,3,139,139,1,24,0,200,200,0,0,200,34,0,296800,0,0,0,0,0,200,0,0,0,0,0,200,0,0,1,200,200,0,0,200,0,296800,34.750000,0,0,0,0,0,200,0,0,0,0,0,200,0,0,9419.000000,20960.000000
1732477775166,00011,111,3,139,139,1,24,0,200,200,0,0,200,34,0,296800,0,0,0,0,0,200,0,0,0,0,0,2,198,0,1,200,200,0,0,200,0,296800,34.750000,0,0,0,0,0,200,0,0,0,0,0,2,198,0,9781.000000,20960.000000
