timestamp,ueImsiComplete,numActiveUes,DRB.EstabSucc.5QI.UEID (numDrb),DRB.RelActNbr.5QI.UEID (0),L3 serving Id(m_cellId),UE (imsi),L3 serving SINR,L3 serving SINR 3gpp,L3 neigh Id 1 (cellId),L3 neigh SINR 1,L3 neigh SINR 3gpp 1 (convertedSinr),L3 neigh Id 2 (cellId),L3 neigh SINR 2,L3 neigh SINR 3gpp 2 (convertedSinr),L3 neigh Id 3 (cellId),L3 neigh SINR 3,L3 neigh SINR 3gpp 3 (convertedSinr),L3 neigh Id 4 (cellId),L3 neigh SINR 4,L3 neigh SINR 3gpp 4 (convertedSinr),L3 neigh Id 5 (cellId),L3 neigh SINR 5,L3 neigh SINR 3gpp 5 (convertedSinr),L3 neigh Id 6 (cellId),L3 neigh SINR 6,L3 neigh SINR 3gpp 6 (convertedSinr),L3 neigh Id 7 (cellId),L3 neigh SINR 7,L3 neigh SINR 3gpp 7 (convertedSinr),L3 neigh Id 8 (cellId),L3 neigh SINR 8,L3 neigh SINR 3gpp 8 (convertedSinr)
1732471156403,00001,7,0,0,2,1,26.073434,99.000000,3,21.842113,90.000000,,,,,,,,,,,,,,,,,,,,,
1732471156403,00002,7,0,0,2,2,14.689306,76.000000,3,11.098538,69.000000,,,,,,,,,,,,,,,,,,,,,
1732471156403,00003,7,0,0,2,3,25.426071,98.000000,3,23.484133,94.000000,,,,,,,,,,,,,,,,,,,,,
1732471156403,00006,7,0,0,2,6,17.247917,81.000000,3,12.606021,72.000000,,,,,,,,,,,,,,,,,,,,,
1732471156403,00008,7,0,0,2,8,19.376507,85.000000,3,7.419200,61.000000,,,,,,,,,,,,,,,,,,,,,
1732471156403,00009,7,0,0,2,9,30.137082,107.000000,3,6.999563,60.000000,,,,,,,,,,,,,,,,,,,,,
1732471156403,00012,7,0,0,2,12,30.519647,108.000000,3,11.022862,69.000000,,,,,,,,,,,,,,,,,,,,,
1732471156503,00001,7,0,0,2,1,24.912244,97.000000,3,21.292655,89.000000,,,,,,,,,,,,,,,,,,,,,
1732471156503,00002,7,0,0,2,2,15.501598,78.000000,3,11.122902,69.000000,,,,,,,,,,,,,,,,,,,,,
1732471156503,00003,7,0,0,2,3,26.550200,100.000000,3,25.709702,98.000000,,,,,,,,,,,,,,,,,,,,,
1732471156503,00006,7,0,0,2,6,17.932130,83.000000,3,13.243495,73.000000,,,,,,,,,,,,,,,,,,,,,
1732471156503,00008,7,0,0,2,8,22.831588,92.000000,3,8.657116,64.000000,,,,,,,,,,,,,,,,,,,,,
1732471156503,00009,7,0,0,2,9,30.092317,107.000000,3,11.343518,69.000000,,,,,,,,,,,,,,,,,,,,,
1732471156503,00012,7,0,0,2,12,30.827426,109.000000,3,11.824832,70.000000,,,,,,,,,,,,,,,,,,,,,
1732471156603,00001,7,0,0,2,1,24.666038,96.000000,3,21.182703,89.000000,,,,,,,,,,,,,,,,,,,,,
1732471156603,00002,7,0,0,2,2,15.039783,77.000000,3,12.969917,73.000000,,,,,,,,,,,,,,,,,,,,,
1732471156603,00003,7,0,0,2,3,23.955040,95.000000,3,22.474682,92.000000,,,,,,,,,,,,,,,,,,,,,
1732471156603,00006,7,0,0,2,6,18.717979,84.000000,3,14.643812,76.000000,,,,,,,,,,,,,,,,,,,,,
1732471156603,00008,7,0,0,2,8,19.819799,86.000000,3,8.863402,64.000000,,,,,,,,,,,,,,,,,,,,,
1732471156603,00009,7,0,0,2,9,28.289629,103.000000,3,7.683744,62.000000,,,,,,,,,,,,,,,,,,,,,
1732471156603,00012,7,0,0,2,12,31.772723,110.000000,3,13.143794,73.000000,,,,,,,,,,,,,,,,,,,,,
1732471156703,00001,7,0,0,2,1,23.943322,95.000000,3,21.621715,90.000000,,,,,,,,,,,,,,,,,,,,,
1732471156703,00002,7,0,0,2,2,15.301386,77.000000,3,10.186478,67.000000,,,,,,,,,,,,,,,,,,,,,
1732471156703,00003,7,0,0,2,3,25.744738,98.000000,3,24.461055,96.000000,,,,,,,,,,,,,,,,,,,,,
1732471156703,00006,7,0,0,2,6,18.579567,84.000000,3,15.861102,78.000000,,,,,,,,,,,,,,,,,,,,,
1732471156703,00008,7,0,0,2,8,22.028570,91.000000,3,6.420847,59.000000,,,,,,,,,,,,,,,,,,,,,
1732471156703,00009,7,0,0,2,9,28.184498,103.000000,3,9.689210,66.000000,,,,,,,,,,,,,,,,,,,,,
1732471156703,00012,7,0,0,2,12,30.400449,108.000000,3,13.002780,73.000000,,,,,,,,,,,,,,,,,,,,,
1732471156803,00001,7,0,0,2,1,23.895972,95.000000,3,21.078968,89.000000,,,,,,,,,,,,,,,,,,,,,
1732471156803,00002,7,0,0,2,2,15.454765,78.000000,3,11.582601,70.000000,,,,,,,,,,,,,,,,,,,,,
1732471156803,00003,7,0,0,2,3,25.788361,98.000000,3,24.411045,96.000000,,,,,,,,,,,,,,,,,,,,,
1732471156803,00006,7,0,0,2,6,18.369929,83.000000,3,16.103059,79.000000,,,,,,,,,,,,,,,,,,,,,
1732471156803,00008,7,0,0,2,8,22.384394,91.000000,3,7.932917,62.000000,,,,,,,,,,,,,,,,,,,,,
1732471156803,00009,7,0,0,2,9,28.604095,104.000000,3,12.604592,72.000000,,,,,,,,,,,,,,,,,,,,,
1732471156803,00012,7,0,0,2,12,31.378375,110.000000,3,12.656718,72.000000,,,,,,,,,,,,,,,,,,,,,
1732471156903,00001,7,0,0,2,1,23.345019,93.000000,3,17.298469,81.000000,,,,,,,,,,,,,,,,,,,,,
1732471156903,00002,7,0,0,2,2,15.947851,79.000000,3,11.112248,69.000000,,,,,,,,,,,,,,,,,,,,,
1732471156903,00003,7,0,0,2,3,26.339242,99.000000,3,24.117815,95.000000,,,,,,,,,,,,,,,,,,,,,
1732471156903,00006,7,0,0,2,6,18.732310,84.000000,3,14.919608,76.000000,,,,,,,,,,,,,,,,,,,,,
1732471156903,00008,7,0,0,2,8,21.923135,91.000000,3,8.871944,64.000000,,,,,,,,,,,,,,,,,,,,,
1732471156903,00009,7,0,0,2,9,30.069558,107.000000,3,10.954191,68.000000,,,,,,,,,,,,,,,,,,,,,
1732471156903,00012,7,0,0,2,12,27.484205,102.000000,3,11.908714,70.000000,,,,,,,,,,,,,,,,,,,,,
1732471157003,00001,7,0,0,2,1,25.297636,97.000000,3,19.640835,86.000000,,,,,,,,,,,,,,,,,,,,,
1732471157003,00002,7,0,0,2,2,14.946081,76.000000,3,10.822847,68.000000,,,,,,,,,,,,,,,,,,,,,
1732471157003,00003,7,0,0,2,3,25.749918,98.000000,3,24.998425,97.000000,,,,,,,,,,,,,,,,,,,,,
1732471157003,00006,7,0,0,2,6,17.182977,81.000000,3,14.480555,76.000000,,,,,,,,,,,,,,,,,,,,,
1732471157003,00008,7,0,0,2,8,23.069244,93.000000,3,6.446891,59.000000,,,,,,,,,,,,,,,,,,,,,
1732471157003,00009,7,0,0,2,9,30.478313,108.000000,3,11.606551,70.000000,,,,,,,,,,,,,,,,,,,,,
1732471157003,00012,7,0,0,2,12,30.887642,109.000000,3,11.234216,69.000000,,,,,,,,,,,,,,,,,,,,,
1732471157103,00001,7,0,0,2,1,25.355783,97.000000,3,20.514091,88.000000,,,,,,,,,,,,,,,,,,,,,
1732471157103,00002,7,0,0,2,2,15.453947,78.000000,3,8.464514,63.000000,,,,,,,,,,,,,,,,,,,,,
1732471157103,00003,7,0,0,2,3,25.210377,97.000000,3,22.912547,93.000000,,,,,,,,,,,,,,,,,,,,,
1732471157103,00006,7,0,0,2,6,17.926291,83.000000,3,13.833356,74.000000,,,,,,,,,,,,,,,,,,,,,
1732471157103,00008,7,0,0,2,8,22.044958,91.000000,3,9.728585,66.000000,,,,,,,,,,,,,,,,,,,,,
1732471157103,00009,7,0,0,2,9,29.353348,106.000000,3,8.975020,64.000000,,,,,,,,,,,,,,,,,,,,,
1732471157103,00012,7,0,0,2,12,30.191707,107.000000,3,12.620908,72.000000,,,,,,,,,,,,,,,,,,,,,
1732471157203,00001,7,0,0,2,1,25.156761,97.000000,3,21.632683,90.000000,,,,,,,,,,,,,,,,,,,,,
1732471157203,00002,7,0,0,2,2,15.037896,77.000000,3,9.924244,66.000000,,,,,,,,,,,,,,,,,,,,,
1732471157203,00003,7,0,0,2,3,24.032419,95.000000,3,24.308553,95.000000,,,,,,,,,,,,,,,,,,,,,
1732471157203,00006,7,0,0,2,6,18.844575,84.000000,3,12.707946,72.000000,,,,,,,,,,,,,,,,,,,,,
1732471157203,00008,7,0,0,2,8,23.389549,94.000000,3,7.237964,61.000000,,,,,,,,,,,,,,,,,,,,,
1732471157203,00009,7,0,0,2,9,29.171945,105.000000,3,11.745518,70.000000,,,,,,,,,,,,,,,,,,,,,
1732471157203,00012,7,0,0,2,12,30.603241,108.000000,3,12.783716,72.000000,,,,,,,,,,,,,,,,,,,,,
1732471157303,00001,7,0,0,2,1,23.166932,93.000000,3,22.554252,92.000000,,,,,,,,,,,,,,,,,,,,,
1732471157303,00002,7,0,0,2,2,14.770027,76.000000,3,11.042330,69.000000,,,,,,,,,,,,,,,,,,,,,
1732471157303,00003,7,0,0,2,3,24.923914,97.000000,3,22.529027,92.000000,,,,,,,,,,,,,,,,,,,,,
1732471157303,00006,7,0,0,2,6,19.285364,85.000000,3,14.327099,75.000000,,,,,,,,,,,,,,,,,,,,,
1732471157303,00008,7,0,0,2,8,20.862964,88.000000,3,7.534320,62.000000,,,,,,,,,,,,,,,,,,,,,
1732471157303,00009,7,0,0,2,9,27.653053,102.000000,3,10.673933,68.000000,,,,,,,,,,,,,,,,,,,,,
1732471157303,00012,7,0,0,2,12,32.547688,112.000000,3,13.947765,74.000000,,,,,,,,,,,,,,,,,,,,,
1732471157403,00001,7,0,0,2,1,24.773088,96.000000,3,20.892649,88.000000,,,,,,,,,,,,,,,,,,,,,
1732471157403,00002,7,0,0,2,2,14.901209,76.000000,3,10.648023,68.000000,,,,,,,,,,,,,,,,,,,,,
1732471157403,00003,7,0,0,2,3,26.808782,100.000000,3,24.845056,96.000000,,,,,,,,,,,,,,,,,,,,,
1732471157403,00006,7,0,0,2,6,17.832818,82.000000,3,12.427369,71.000000,,,,,,,,,,,,,,,,,,,,,
1732471157403,00008,7,0,0,2,8,21.004237,89.000000,3,6.914192,60.000000,,,,,,,,,,,,,,,,,,,,,
1732471157403,00009,7,0,0,2,9,31.304386,109.000000,3,11.509255,70.000000,,,,,,,,,,,,,,,,,,,,,
1732471157403,00012,7,0,0,2,12,31.932661,111.000000,3,12.763522,72.000000,,,,,,,,,,,,,,,,,,,,,
1732471157503,00001,7,0,0,2,1,20.986792,89.000000,3,21.095458,89.000000,,,,,,,,,,,,,,,,,,,,,
1732471157503,00002,7,0,0,2,2,15.663746,78.000000,3,9.022142,65.000000,,,,,,,,,,,,,,,,,,,,,
1732471157503,00003,7,0,0,2,3,26.009666,99.000000,3,22.457328,92.000000,,,,,,,,,,,,,,,,,,,,,
1732471157503,00006,7,0,0,2,6,18.420067,83.000000,3,15.775655,78.000000,,,,,,,,,,,,,,,,,,,,,
1732471157503,00008,7,0,0,2,8,22.517437,92.000000,3,7.697684,62.000000,,,,,,,,,,,,,,,,,,,,,
1732471157503,00009,7,0,0,2,9,27.411718,102.000000,3,11.443805,69.000000,,,,,,,,,,,,,,,,,,,,,
1732471157503,00012,7,0,0,2,12,29.733487,106.000000,3,14.611149,76.000000,,,,,,,,,,,,,,,,,,,,,
1732471157603,00001,7,0,0,2,1,26.836623,100.000000,3,21.274467,89.000000,,,,,,,,,,,,,,,,,,,,,
1732471157603,00002,7,0,0,2,2,13.868075,74.000000,3,13.377555,73.000000,,,,,,,,,,,,,,,,,,,,,
1732471157603,00003,7,0,0,2,3,25.474696,98.000000,3,25.289253,97.000000,,,,,,,,,,,,,,,,,,,,,
1732471157603,00006,7,0,0,2,6,17.451734,82.000000,3,13.353313,73.000000,,,,,,,,,,,,,,,,,,,,,
1732471157603,00008,7,0,0,2,8,21.999322,91.000000,3,6.198565,59.000000,,,,,,,,,,,,,,,,,,,,,
1732471157603,00009,7,0,0,2,9,31.386234,110.000000,3,10.431241,67.000000,,,,,,,,,,,,,,,,,,,,,
1732471157603,00012,7,0,0,2,12,28.575840,104.000000,3,12.477197,72.000000,,,,,,,,,,,,,,,,,,,,,
1732471157703,00001,7,0,0,2,1,24.732045,96.000000,3,21.438885,90.000000,,,,,,,,,,,,,,,,,,,,,
1732471157703,00002,7,0,0,2,2,16.447068,80.000000,3,10.313272,67.000000,,,,,,,,,,,,,,,,,,,,,
1732471157703,00003,7,0,0,2,3,22.426770,92.000000,3,23.074187,93.000000,,,,,,,,,,,,,,,,,,,,,
1732471157703,00006,7,0,0,2,6,18.944609,85.000000,3,14.981254,77.000000,,,,,,,,,,,,,,,,,,,,,
1732471157703,00008,7,0,0,2,8,23.566973,94.000000,3,6.785923,60.000000,,,,,,,,,,,,,,,,,,,,,
1732471157703,00009,7,0,0,2,9,26.062034,99.000000,3,12.259795,71.000000,,,,,,,,,,,,,,,,,,,,,
1732471157703,00012,7,0,0,2,12,30.362689,108.000000,3,12.886410,72.000000,,,,,,,,,,,,,,,,,,,,,
1732471157803,00001,7,0,0,2,1,24.421112,96.000000,3,22.152369,91.000000,,,,,,,,,,,,,,,,,,,,,
1732471157803,00002,7,0,0,2,2,13.898729,74.000000,3,11.186470,69.000000,,,,,,,,,,,,,,,,,,,,,
1732471157803,00003,7,0,0,2,3,25.536760,98.000000,3,24.398732,96.000000,,,,,,,,,,,,,,,,,,,,,
1732471157803,00006,7,0,0,2,6,19.042834,85.000000,3,14.968758,77.000000,,,,,,,,,,,,,,,,,,,,,
1732471157803,00008,7,0,0,2,8,21.965433,91.000000,3,7.119442,61.000000,,,,,,,,,,,,,,,,,,,,,
1732471157803,00009,7,0,0,2,9,28.739727,104.000000,3,10.766141,68.000000,,,,,,,,,,,,,,,,,,,,,
1732471157803,00012,7,0,0,2,12,30.823676,109.000000,3,12.967020,73.000000,,,,,,,,,,,,,,,,,,,,,
1732471157903,00001,7,0,0,2,1,26.476681,100.000000,3,20.774549,88.000000,,,,,,,,,,,,,,,,,,,,,
1732471157903,00002,7,0,0,2,2,14.726076,76.000000,3,11.276192,69.000000,,,,,,,,,,,,,,,,,,,,,
1732471157903,00003,7,0,0,2,3,26.149683,99.000000,3,25.679657,98.000000,,,,,,,,,,,,,,,,,,,,,
1732471157903,00006,7,0,0,2,6,18.440096,84.000000,3,14.185971,75.000000,,,,,,,,,,,,,,,,,,,,,
1732471157903,00008,7,0,0,2,8,22.158723,91.000000,3,7.858703,62.000000,,,,,,,,,,,,,,,,,,,,,
1732471157903,00009,7,0,0,2,9,27.753130,102.000000,3,11.227950,69.000000,,,,,,,,,,,,,,,,,,,,,
1732471157903,00012,7,0,0,2,12,30.959837,109.000000,3,13.525786,74.000000,,,,,,,,,,,,,,,,,,,,,
1732471158003,00001,7,0,0,2,1,25.404830,98.000000,3,23.347822,93.000000,,,,,,,,,,,,,,,,,,,,,
1732471158003,00002,7,0,0,2,2,14.713772,76.000000,3,7.883897,62.000000,,,,,,,,,,,,,,,,,,,,,
1732471158003,00003,7,0,0,2,3,25.009495,97.000000,3,16.761103,80.000000,,,,,,,,,,,,,,,,,,,,,
1732471158003,00006,7,0,0,2,6,16.987348,81.000000,3,12.957233,72.000000,,,,,,,,,,,,,,,,,,,,,
1732471158003,00008,7,0,0,2,8,22.452758,92.000000,3,6.266302,59.000000,,,,,,,,,,,,,,,,,,,,,
1732471158003,00009,7,0,0,2,9,30.449733,108.000000,3,10.567858,68.000000,,,,,,,,,,,,,,,,,,,,,
1732471158003,00012,7,0,0,2,12,31.628179,110.000000,3,11.463575,69.000000,,,,,,,,,,,,,,,,,,,,,
1732471158103,00001,7,0,0,2,1,24.989347,97.000000,3,20.977975,89.000000,,,,,,,,,,,,,,,,,,,,,
1732471158103,00002,7,0,0,2,2,15.598436,78.000000,3,11.072324,69.000000,,,,,,,,,,,,,,,,,,,,,
1732471158103,00003,7,0,0,2,3,25.379843,98.000000,3,26.055629,99.000000,,,,,,,,,,,,,,,,,,,,,
1732471158103,00006,7,0,0,2,6,17.497595,82.000000,3,14.722291,76.000000,,,,,,,,,,,,,,,,,,,,,
1732471158103,00008,7,0,0,2,8,20.478242,88.000000,3,8.789947,64.000000,,,,,,,,,,,,,,,,,,,,,
1732471158103,00009,7,0,0,2,9,25.434713,98.000000,3,10.686445,68.000000,,,,,,,,,,,,,,,,,,,,,
1732471158103,00012,7,0,0,2,12,29.607620,106.000000,3,14.300570,75.000000,,,,,,,,,,,,,,,,,,,,,
1732471158203,00001,7,0,0,2,1,27.753224,102.000000,3,18.843773,84.000000,,,,,,,,,,,,,,,,,,,,,
1732471158203,00002,7,0,0,2,2,16.946370,81.000000,3,11.254794,69.000000,,,,,,,,,,,,,,,,,,,,,
1732471158203,00003,7,0,0,2,3,26.063612,99.000000,3,22.228786,91.000000,,,,,,,,,,,,,,,,,,,,,
1732471158203,00006,7,0,0,2,6,17.075935,81.000000,3,13.412005,73.000000,,,,,,,,,,,,,,,,,,,,,
1732471158203,00008,7,0,0,2,8,22.840409,92.000000,3,7.772783,62.000000,,,,,,,,,,,,,,,,,,,,,
1732471158203,00009,7,0,0,2,9,29.656208,106.000000,3,10.234315,67.000000,,,,,,,,,,,,,,,,,,,,,
1732471158203,00012,7,0,0,2,12,30.975006,109.000000,3,12.662658,72.000000,,,,,,,,,,,,,,,,,,,,,
1732471158303,00001,7,0,0,2,1,24.152739,95.000000,3,22.181909,91.000000,,,,,,,,,,,,,,,,,,,,,
1732471158303,00002,7,0,0,2,2,14.789872,76.000000,3,12.587222,72.000000,,,,,,,,,,,,,,,,,,,,,
1732471158303,00003,7,0,0,2,3,25.827934,98.000000,3,20.776292,88.000000,,,,,,,,,,,,,,,,,,,,,
1732471158303,00006,7,0,0,2,6,17.431845,82.000000,3,14.267447,75.000000,,,,,,,,,,,,,,,,,,,,,
1732471158303,00008,7,0,0,2,8,22.578230,92.000000,3,6.895954,60.000000,,,,,,,,,,,,,,,,,,,,,
1732471158303,00009,7,0,0,2,9,30.286321,107.000000,3,11.501040,70.000000,,,,,,,,,,,,,,,,,,,,,
1732471158303,00012,7,0,0,2,12,29.271018,105.000000,3,12.834886,72.000000,,,,,,,,,,,,,,,,,,,,,
1732471158403,00001,7,0,0,2,1,23.944453,95.000000,3,19.001057,85.000000,,,,,,,,,,,,,,,,,,,,,
1732471158403,00002,7,0,0,2,2,16.335063,79.000000,3,12.379177,71.000000,,,,,,,,,,,,,,,,,,,,,
1732471158403,00003,7,0,0,2,3,25.189894,97.000000,3,24.499287,96.000000,,,,,,,,,,,,,,,,,,,,,
1732471158403,00006,7,0,0,2,6,18.453322,84.000000,3,15.724120,78.000000,,,,,,,,,,,,,,,,,,,,,
1732471158403,00008,7,0,0,2,8,22.390000,92.000000,3,9.516914,66.000000,,,,,,,,,,,,,,,,,,,,,
1732471158403,00009,7,0,0,2,9,29.917526,107.000000,3,10.114779,67.000000,,,,,,,,,,,,,,,,,,,,,
1732471158403,00012,7,0,0,2,12,30.169325,107.000000,3,14.242242,75.000000,,,,,,,,,,,,,,,,,,,,,
1732471158503,00001,7,0,0,2,1,24.244084,95.000000,3,21.228568,89.000000,,,,,,,,,,,,,,,,,,,,,
1732471158503,00002,7,0,0,2,2,15.688189,78.000000,3,9.963100,66.000000,,,,,,,,,,,,,,,,,,,,,
1732471158503,00003,7,0,0,2,3,24.892002,97.000000,3,24.607826,96.000000,,,,,,,,,,,,,,,,,,,,,
1732471158503,00006,7,0,0,2,6,17.448482,82.000000,3,14.469576,76.000000,,,,,,,,,,,,,,,,,,,,,
1732471158503,00008,7,0,0,2,8,23.216536,93.000000,3,5.769979,58.000000,,,,,,,,,,,,,,,,,,,,,
1732471158503,00009,7,0,0,2,9,30.534790,108.000000,3,5.186382,57.000000,,,,,,,,,,,,,,,,,,,,,
1732471158503,00012,7,0,0,2,12,31.304421,109.000000,3,13.782079,74.000000,,,,,,,,,,,,,,,,,,,,,
1732471158603,00001,7,0,0,2,1,24.289689,95.000000,3,23.313605,93.000000,,,,,,,,,,,,,,,,,,,,,
1732471158603,00002,7,0,0,2,2,13.708753,74.000000,3,10.771502,68.000000,,,,,,,,,,,,,,,,,,,,,
1732471158603,00003,7,0,0,2,3,23.256456,93.000000,3,20.838781,88.000000,,,,,,,,,,,,,,,,,,,,,
1732471158603,00006,7,0,0,2,6,14.934678,76.000000,3,14.024033,75.000000,,,,,,,,,,,,,,,,,,,,,
1732471158603,00008,7,0,0,2,8,21.218869,89.000000,3,7.225889,61.000000,,,,,,,,,,,,,,,,,,,,,
1732471158603,00009,7,0,0,2,9,28.362894,104.000000,3,8.926742,64.000000,,,,,,,,,,,,,,,,,,,,,
1732471158603,00012,7,0,0,2,12,29.705682,106.000000,3,12.830773,72.000000,,,,,,,,,,,,,,,,,,,,,
1732471158703,00001,7,0,0,2,1,26.145221,99.000000,3,20.741713,88.000000,,,,,,,,,,,,,,,,,,,,,
1732471158703,00002,7,0,0,2,2,14.999650,77.000000,3,11.693255,70.000000,,,,,,,,,,,,,,,,,,,,,
1732471158703,00003,7,0,0,2,3,25.203149,97.000000,3,23.629344,94.000000,,,,,,,,,,,,,,,,,,,,,
1732471158703,00006,7,0,0,2,6,17.696518,82.000000,3,14.751054,76.000000,,,,,,,,,,,,,,,,,,,,,
1732471158703,00008,7,0,0,2,8,21.783499,90.000000,3,9.504357,66.000000,,,,,,,,,,,,,,,,,,,,,
1732471158703,00009,7,0,0,2,9,29.427248,106.000000,3,6.491305,59.000000,,,,,,,,,,,,,,,,,,,,,
1732471158703,00012,7,0,0,2,12,30.838731,109.000000,3,13.321994,73.000000,,,,,,,,,,,,,,,,,,,,,
1732471158803,00001,7,0,0,2,1,24.174834,95.000000,3,21.513099,90.000000,,,,,,,,,,,,,,,,,,,,,
1732471158803,00002,7,0,0,2,2,13.560408,74.000000,3,10.629592,68.000000,,,,,,,,,,,,,,,,,,,,,
1732471158803,00003,7,0,0,2,3,25.616766,98.000000,3,25.303810,97.000000,,,,,,,,,,,,,,,,,,,,,
1732471158803,00006,7,0,0,2,6,19.766952,86.000000,3,14.381044,75.000000,,,,,,,,,,,,,,,,,,,,,
1732471158803,00008,7,0,0,2,8,22.109449,91.000000,3,6.491492,59.000000,,,,,,,,,,,,,,,,,,,,,
1732471158803,00009,7,0,0,2,9,31.854829,111.000000,3,11.153889,69.000000,,,,,,,,,,,,,,,,,,,,,
1732471158803,00012,7,0,0,2,12,30.711783,108.000000,3,9.227205,65.000000,,,,,,,,,,,,,,,,,,,,,
1732471158903,00001,7,0,0,2,1,22.695208,92.000000,3,20.269827,87.000000,,,,,,,,,,,,,,,,,,,,,
1732471158903,00002,7,0,0,2,2,15.561075,78.000000,3,11.397495,69.000000,,,,,,,,,,,,,,,,,,,,,
1732471158903,00003,7,0,0,2,3,26.600422,100.000000,3,25.297399,97.000000,,,,,,,,,,,,,,,,,,,,,
1732471158903,00006,7,0,0,2,6,20.140733,87.000000,3,13.938788,74.000000,,,,,,,,,,,,,,,,,,,,,
1732471158903,00008,7,0,0,2,8,20.402565,87.000000,3,5.150842,57.000000,,,,,,,,,,,,,,,,,,,,,
1732471158903,00009,7,0,0,2,9,29.847810,107.000000,3,10.908237,68.000000,,,,,,,,,,,,,,,,,,,,,
1732471158903,00012,7,0,0,2,12,29.924374,107.000000,3,14.881192,76.000000,,,,,,,,,,,,,,,,,,,,,
1732471159003,00001,7,0,0,2,1,24.981457,97.000000,3,21.192496,89.000000,,,,,,,,,,,,,,,,,,,,,
1732471159003,00002,7,0,0,2,2,15.166220,77.000000,3,11.483932,70.000000,,,,,,,,,,,,,,,,,,,,,
1732471159003,00003,7,0,0,2,3,28.173474,103.000000,3,23.466405,94.000000,,,,,,,,,,,,,,,,,,,,,
1732471159003,00006,7,0,0,2,6,18.346692,83.000000,3,14.352143,75.000000,,,,,,,,,,,,,,,,,,,,,
1732471159003,00008,7,0,0,2,8,22.953325,93.000000,3,7.066724,61.000000,,,,,,,,,,,,,,,,,,,,,
1732471159003,00009,7,0,0,2,9,30.102734,107.000000,3,10.990677,69.000000,,,,,,,,,,,,,,,,,,,,,
1732471159003,00012,7,0,0,2,12,32.513906,112.000000,3,10.877164,68.000000,,,,,,,,,,,,,,,,,,,,,
1732471159103,00001,7,0,0,2,1,25.860805,98.000000,3,22.552353,92.000000,,,,,,,,,,,,,,,,,,,,,
1732471159103,00002,7,0,0,2,2,16.245189,79.000000,3,6.422190,59.000000,,,,,,,,,,,,,,,,,,,,,
1732471159103,00003,7,0,0,2,3,25.068635,97.000000,3,24.389169,96.000000,,,,,,,,,,,,,,,,,,,,,
1732471159103,00006,7,0,0,2,6,16.339830,79.000000,3,13.840030,74.000000,,,,,,,,,,,,,,,,,,,,,
1732471159103,00008,7,0,0,2,8,22.781952,92.000000,3,7.446895,61.000000,,,,,,,,,,,,,,,,,,,,,
1732471159103,00009,7,0,0,2,9,29.677129,106.000000,3,10.229181,67.000000,,,,,,,,,,,,,,,,,,,,,
1732471159103,00012,7,0,0,2,12,30.347875,108.000000,3,13.245052,73.000000,,,,,,,,,,,,,,,,,,,,,
1732471159203,00001,7,0,0,2,1,23.589777,94.000000,3,21.024518,89.000000,,,,,,,,,,,,,,,,,,,,,
1732471159203,00002,7,0,0,2,2,13.518851,74.000000,3,12.131824,71.000000,,,,,,,,,,,,,,,,,,,,,
1732471159203,00003,7,0,0,2,3,26.220156,99.000000,3,24.174456,95.000000,,,,,,,,,,,,,,,,,,,,,
1732471159203,00006,7,0,0,2,6,16.800462,80.000000,3,14.203412,75.000000,,,,,,,,,,,,,,,,,,,,,
1732471159203,00008,7,0,0,2,8,22.822835,92.000000,3,6.844171,60.000000,,,,,,,,,,,,,,,,,,,,,
1732471159203,00009,7,0,0,2,9,28.757904,104.000000,3,11.119409,69.000000,,,,,,,,,,,,,,,,,,,,,
1732471159203,00012,7,0,0,2,12,31.505262,110.000000,3,13.534542,74.000000,,,,,,,,,,,,,,,,,,,,,
1732471159303,00001,7,0,0,2,1,22.970559,93.000000,3,21.093129,89.000000,,,,,,,,,,,,,,,,,,,,,
1732471159303,00002,7,0,0,2,2,15.297553,77.000000,3,10.552621,68.000000,,,,,,,,,,,,,,,,,,,,,
1732471159303,00003,7,0,0,2,3,24.651583,96.000000,3,24.535487,96.000000,,,,,,,,,,,,,,,,,,,,,
1732471159303,00006,7,0,0,2,6,17.182370,81.000000,3,10.478915,67.000000,,,,,,,,,,,,,,,,,,,,,
1732471159303,00008,7,0,0,2,8,21.276545,89.000000,3,5.989514,58.000000,,,,,,,,,,,,,,,,,,,,,
1732471159303,00009,7,0,0,2,9,28.902442,105.000000,3,10.963327,68.000000,,,,,,,,,,,,,,,,,,,,,
1732471159303,00012,7,0,0,2,12,29.250016,105.000000,3,11.688530,70.000000,,,,,,,,,,,,,,,,,,,,,
1732471159403,00001,7,0,0,2,1,26.276328,99.000000,3,21.152740,89.000000,,,,,,,,,,,,,,,,,,,,,
1732471159403,00002,7,0,0,2,2,15.156538,77.000000,3,11.722493,70.000000,,,,,,,,,,,,,,,,,,,,,
1732471159403,00003,7,0,0,2,3,26.410281,100.000000,3,24.900471,97.000000,,,,,,,,,,,,,,,,,,,,,
1732471159403,00006,7,0,0,2,6,18.094151,83.000000,3,14.475863,76.000000,,,,,,,,,,,,,,,,,,,,,
1732471159403,00008,7,0,0,2,8,23.019787,93.000000,3,6.706602,60.000000,,,,,,,,,,,,,,,,,,,,,
1732471159403,00009,7,0,0,2,9,30.846736,109.000000,3,10.705875,68.000000,,,,,,,,,,,,,,,,,,,,,
1732471159403,00012,7,0,0,2,12,29.232075,105.000000,3,13.622866,74.000000,,,,,,,,,,,,,,,,,,,,,
1732471159503,00001,7,0,0,2,1,25.044367,97.000000,3,22.311550,91.000000,,,,,,,,,,,,,,,,,,,,,
1732471159503,00002,7,0,0,2,2,14.021748,75.000000,3,11.283563,69.000000,,,,,,,,,,,,,,,,,,,,,
1732471159503,00003,7,0,0,2,3,25.647819,98.000000,3,23.454278,94.000000,,,,,,,,,,,,,,,,,,,,,
1732471159503,00006,7,0,0,2,6,19.417564,86.000000,3,12.756201,72.000000,,,,,,,,,,,,,,,,,,,,,
1732471159503,00008,7,0,0,2,8,21.040280,89.000000,3,8.144877,63.000000,,,,,,,,,,,,,,,,,,,,,
1732471159503,00009,7,0,0,2,9,30.446702,108.000000,3,11.681041,70.000000,,,,,,,,,,,,,,,,,,,,,
1732471159503,00012,7,0,0,2,12,30.401936,108.000000,3,11.928713,70.000000,,,,,,,,,,,,,,,,,,,,,
1732471159603,00001,7,0,0,2,1,25.218534,97.000000,3,23.417717,94.000000,,,,,,,,,,,,,,,,,,,,,
1732471159603,00002,7,0,0,2,2,14.269039,75.000000,3,10.498654,68.000000,,,,,,,,,,,,,,,,,,,,,
1732471159603,00003,7,0,0,2,3,25.572426,98.000000,3,23.808646,94.000000,,,,,,,,,,,,,,,,,,,,,
1732471159603,00006,7,0,0,2,6,18.015435,83.000000,3,13.964371,75.000000,,,,,,,,,,,,,,,,,,,,,
1732471159603,00008,7,0,0,2,8,22.642583,92.000000,3,6.309005,59.000000,,,,,,,,,,,,,,,,,,,,,
1732471159603,00009,7,0,0,2,9,28.444062,104.000000,3,10.464279,67.000000,,,,,,,,,,,,,,,,,,,,,
1732471159603,00012,7,0,0,2,12,31.332725,110.000000,3,10.498064,68.000000,,,,,,,,,,,,,,,,,,,,,
1732471159703,00001,7,0,0,2,1,23.646392,94.000000,3,22.309390,91.000000,,,,,,,,,,,,,,,,,,,,,
1732471159703,00002,7,0,0,2,2,18.235149,83.000000,3,10.713108,68.000000,,,,,,,,,,,,,,,,,,,,,
1732471159703,00003,7,0,0,2,3,27.410845,102.000000,3,23.781404,94.000000,,,,,,,,,,,,,,,,,,,,,
1732471159703,00006,7,0,0,2,6,17.745494,82.000000,3,13.090230,73.000000,,,,,,,,,,,,,,,,,,,,,
1732471159703,00008,7,0,0,2,8,23.564956,94.000000,3,9.190123,65.000000,,,,,,,,,,,,,,,,,,,,,
1732471159703,00009,7,0,0,2,9,29.005227,105.000000,3,9.733567,66.000000,,,,,,,,,,,,,,,,,,,,,
1732471159703,00012,7,0,0,2,12,28.199284,103.000000,3,13.418269,73.000000,,,,,,,,,,,,,,,,,,,,,
1732471159803,00001,7,0,0,2,1,24.238516,95.000000,3,20.097604,87.000000,,,,,,,,,,,,,,,,,,,,,
1732471159803,00002,7,0,0,2,2,16.339972,79.000000,3,10.940986,68.000000,,,,,,,,,,,,,,,,,,,,,
1732471159803,00003,7,0,0,2,3,25.938743,99.000000,3,23.593137,94.000000,,,,,,,,,,,,,,,,,,,,,
1732471159803,00006,7,0,0,2,6,20.418522,88.000000,3,15.441176,77.000000,,,,,,,,,,,,,,,,,,,,,
1732471159803,00008,7,0,0,2,8,22.445156,92.000000,3,2.504399,51.000000,,,,,,,,,,,,,,,,,,,,,
1732471159803,00009,7,0,0,2,9,30.596411,108.000000,3,10.468690,67.000000,,,,,,,,,,,,,,,,,,,,,
1732471159803,00012,7,0,0,2,12,30.585448,108.000000,3,12.565415,72.000000,,,,,,,,,,,,,,,,,,,,,
1732471159903,00001,7,0,0,2,1,24.244264,95.000000,3,21.162018,89.000000,,,,,,,,,,,,,,,,,,,,,
1732471159903,00002,7,0,0,2,2,15.343014,77.000000,3,9.100303,65.000000,,,,,,,,,,,,,,,,,,,,,
1732471159903,00003,7,0,0,2,3,22.583776,92.000000,3,23.723121,94.000000,,,,,,,,,,,,,,,,,,,,,
1732471159903,00006,7,0,0,2,6,18.508210,84.000000,3,14.235749,75.000000,,,,,,,,,,,,,,,,,,,,,
1732471159903,00008,7,0,0,2,8,20.553091,88.000000,3,5.931038,58.000000,,,,,,,,,,,,,,,,,,,,,
1732471159903,00009,7,0,0,2,9,29.406606,106.000000,3,11.117779,69.000000,,,,,,,,,,,,,,,,,,,,,
1732471159903,00012,7,0,0,2,12,29.730874,106.000000,3,13.867829,74.000000,,,,,,,,,,,,,,,,,,,,,
1732471160003,00001,7,0,0,2,1,24.329066,95.000000,3,21.602599,90.000000,,,,,,,,,,,,,,,,,,,,,
1732471160003,00002,7,0,0,2,2,13.591255,74.000000,3,9.652383,66.000000,,,,,,,,,,,,,,,,,,,,,
1732471160003,00003,7,0,0,2,3,27.268384,101.000000,3,23.011239,93.000000,,,,,,,,,,,,,,,,,,,,,
1732471160003,00006,7,0,0,2,6,18.117176,83.000000,3,13.849783,74.000000,,,,,,,,,,,,,,,,,,,,,
1732471160003,00008,7,0,0,2,8,21.982726,91.000000,3,7.708220,62.000000,,,,,,,,,,,,,,,,,,,,,
1732471160003,00009,7,0,0,2,9,30.301604,107.000000,3,10.726684,68.000000,,,,,,,,,,,,,,,,,,,,,
1732471160003,00012,7,0,0,2,12,30.562798,108.000000,3,11.622409,70.000000,,,,,,,,,,,,,,,,,,,,,
1732471160103,00001,7,0,0,2,1,25.143922,97.000000,3,20.831101,88.000000,,,,,,,,,,,,,,,,,,,,,
1732471160103,00002,7,0,0,2,2,15.639175,78.000000,3,9.692681,66.000000,,,,,,,,,,,,,,,,,,,,,
1732471160103,00003,7,0,0,2,3,19.414749,86.000000,3,25.042789,97.000000,,,,,,,,,,,,,,,,,,,,,
1732471160103,00006,7,0,0,2,6,17.711558,82.000000,3,17.015062,81.000000,,,,,,,,,,,,,,,,,,,,,
1732471160103,00008,7,0,0,2,8,23.074549,93.000000,3,8.146834,63.000000,,,,,,,,,,,,,,,,,,,,,
1732471160103,00009,7,0,0,2,9,29.034132,105.000000,3,10.270279,67.000000,,,,,,,,,,,,,,,,,,,,,
1732471160103,00012,7,0,0,2,12,29.841249,107.000000,3,11.665258,70.000000,,,,,,,,,,,,,,,,,,,,,
1732471160203,00001,6,0,0,2,1,25.008906,97.000000,3,20.883143,88.000000,,,,,,,,,,,,,,,,,,,,,
1732471160203,00002,6,0,0,2,2,13.194596,73.000000,3,10.999749,69.000000,,,,,,,,,,,,,,,,,,,,,
1732471160203,00006,6,0,0,2,6,18.571084,84.000000,3,15.868959,78.000000,,,,,,,,,,,,,,,,,,,,,
1732471160203,00008,6,0,0,2,8,22.375782,91.000000,3,8.468326,63.000000,,,,,,,,,,,,,,,,,,,,,
1732471160203,00009,6,0,0,2,9,30.448416,108.000000,3,10.905387,68.000000,,,,,,,,,,,,,,,,,,,,,
1732471160203,00012,6,0,0,2,12,30.703398,108.000000,3,12.466093,71.000000,,,,,,,,,,,,,,,,,,,,,
1732471160303,00001,6,0,0,2,1,24.924143,97.000000,3,21.263095,89.000000,,,,,,,,,,,,,,,,,,,,,
1732471160303,00002,6,0,0,2,2,15.450338,78.000000,3,11.776638,70.000000,,,,,,,,,,,,,,,,,,,,,
1732471160303,00006,6,0,0,2,6,17.128798,81.000000,3,14.812071,76.000000,,,,,,,,,,,,,,,,,,,,,
1732471160303,00008,6,0,0,2,8,21.711763,90.000000,3,6.836348,60.000000,,,,,,,,,,,,,,,,,,,,,
1732471160303,00009,6,0,0,2,9,30.127990,107.000000,3,10.395285,67.000000,,,,,,,,,,,,,,,,,,,,,
1732471160303,00012,6,0,0,2,12,30.844194,109.000000,3,12.712834,72.000000,,,,,,,,,,,,,,,,,,,,,
1732471160403,00001,7,0,0,2,1,23.673572,94.000000,3,21.654100,90.000000,,,,,,,,,,,,,,,,,,,,,
1732471160403,00002,7,0,0,2,2,15.238545,77.000000,3,11.766455,70.000000,,,,,,,,,,,,,,,,,,,,,
1732471160403,00006,7,0,0,2,6,18.232900,83.000000,3,14.384898,75.000000,,,,,,,,,,,,,,,,,,,,,
1732471160403,00008,7,0,0,2,8,22.062891,91.000000,3,7.549456,62.000000,,,,,,,,,,,,,,,,,,,,,
1732471160403,00009,7,0,0,2,9,30.538878,108.000000,3,12.581601,72.000000,,,,,,,,,,,,,,,,,,,,,
1732471160403,00012,7,0,0,2,12,30.476452,108.000000,3,12.099236,71.000000,,,,,,,,,,,,,,,,,,,,,
1732471160403,00003,7,0,0,2,3,26.752620,100.000000,3,23.757958,94.000000,,,,,,,,,,,,,,,,,,,,,
1732471160503,00001,7,0,0,2,1,26.063287,99.000000,3,21.242589,89.000000,,,,,,,,,,,,,,,,,,,,,
1732471160503,00002,7,0,0,2,2,15.007690,77.000000,3,11.733951,70.000000,,,,,,,,,,,,,,,,,,,,,
1732471160503,00006,7,0,0,2,6,15.380200,77.000000,3,15.013280,77.000000,,,,,,,,,,,,,,,,,,,,,
1732471160503,00008,7,0,0,2,8,23.182073,93.000000,3,6.696126,60.000000,,,,,,,,,,,,,,,,,,,,,
1732471160503,00009,7,0,0,2,9,30.143867,107.000000,3,11.502151,70.000000,,,,,,,,,,,,,,,,,,,,,
1732471160503,00012,7,0,0,2,12,31.196571,109.000000,3,12.015464,71.000000,,,,,,,,,,,,,,,,,,,,,
1732471160503,00003,7,0,0,2,3,25.669772,98.000000,3,23.116411,93.000000,,,,,,,,,,,,,,,,,,,,,
1732471160603,00001,7,0,0,2,1,22.804454,92.000000,3,20.947530,89.000000,,,,,,,,,,,,,,,,,,,,,
1732471160603,00002,7,0,0,2,2,15.591200,78.000000,3,10.534013,68.000000,,,,,,,,,,,,,,,,,,,,,
1732471160603,00006,7,0,0,2,6,17.242148,81.000000,3,15.595003,78.000000,,,,,,,,,,,,,,,,,,,,,
1732471160603,00008,7,0,0,2,8,22.382448,91.000000,3,7.888113,62.000000,,,,,,,,,,,,,,,,,,,,,
1732471160603,00009,7,0,0,2,9,29.749818,106.000000,3,7.979624,62.000000,,,,,,,,,,,,,,,,,,,,,
1732471160603,00012,7,0,0,2,12,32.031462,111.000000,3,12.667920,72.000000,,,,,,,,,,,,,,,,,,,,,
1732471160603,00003,7,0,0,2,3,25.701893,98.000000,3,23.352795,93.000000,,,,,,,,,,,,,,,,,,,,,
1732471160703,00001,7,0,0,2,1,20.879454,88.000000,3,19.738416,86.000000,,,,,,,,,,,,,,,,,,,,,
1732471160703,00002,7,0,0,2,2,15.545341,78.000000,3,12.854640,72.000000,,,,,,,,,,,,,,,,,,,,,
1732471160703,00006,7,0,0,2,6,18.254640,83.000000,3,15.651768,78.000000,,,,,,,,,,,,,,,,,,,,,
1732471160703,00008,7,0,0,2,8,22.707693,92.000000,3,5.884356,58.000000,,,,,,,,,,,,,,,,,,,,,
1732471160703,00009,7,0,0,2,9,30.337201,108.000000,3,12.063087,71.000000,,,,,,,,,,,,,,,,,,,,,
1732471160703,00012,7,0,0,2,12,31.156779,109.000000,3,11.741004,70.000000,,,,,,,,,,,,,,,,,,,,,
1732471160703,00003,7,0,0,2,3,23.740673,94.000000,3,22.486357,92.000000,,,,,,,,,,,,,,,,,,,,,
1732471160803,00001,7,0,0,2,1,25.566384,98.000000,3,19.986963,87.000000,,,,,,,,,,,,,,,,,,,,,
1732471160803,00002,7,0,0,2,2,13.269670,73.000000,3,11.297792,69.000000,,,,,,,,,,,,,,,,,,,,,
1732471160803,00006,7,0,0,2,6,18.004304,83.000000,3,13.983868,75.000000,,,,,,,,,,,,,,,,,,,,,
1732471160803,00008,7,0,0,2,8,22.911241,93.000000,3,8.237159,63.000000,,,,,,,,,,,,,,,,,,,,,
1732471160803,00009,7,0,0,2,9,29.071140,105.000000,3,11.541318,70.000000,,,,,,,,,,,,,,,,,,,,,
1732471160803,00012,7,0,0,2,12,29.750126,106.000000,3,12.832329,72.000000,,,,,,,,,,,,,,,,,,,,,
1732471160803,00003,7,0,0,2,3,25.239794,97.000000,3,23.746589,94.000000,,,,,,,,,,,,,,,,,,,,,
1732471160903,00001,7,0,0,2,1,24.159689,95.000000,3,20.317777,87.000000,,,,,,,,,,,,,,,,,,,,,
1732471160903,00002,7,0,0,2,2,14.690293,76.000000,3,9.601510,66.000000,,,,,,,,,,,,,,,,,,,,,
1732471160903,00006,7,0,0,2,6,18.114219,83.000000,3,15.750625,78.000000,,,,,,,,,,,,,,,,,,,,,
1732471160903,00008,7,0,0,2,8,22.529356,92.000000,3,9.018676,65.000000,,,,,,,,,,,,,,,,,,,,,
1732471160903,00009,7,0,0,2,9,29.186823,105.000000,3,9.560533,66.000000,,,,,,,,,,,,,,,,,,,,,
1732471160903,00012,7,0,0,2,12,30.568670,108.000000,3,11.733988,70.000000,,,,,,,,,,,,,,,,,,,,,
1732471160903,00003,7,0,0,2,3,22.113486,91.000000,3,24.532628,96.000000,,,,,,,,,,,,,,,,,,,,,
1732471161003,00001,7,0,0,2,1,22.403520,92.000000,3,20.775016,88.000000,,,,,,,,,,,,,,,,,,,,,
1732471161003,00002,7,0,0,2,2,14.924485,76.000000,3,11.248865,69.000000,,,,,,,,,,,,,,,,,,,,,
1732471161003,00006,7,0,0,2,6,17.385406,81.000000,3,14.446428,75.000000,,,,,,,,,,,,,,,,,,,,,
1732471161003,00008,7,0,0,2,8,21.017365,89.000000,3,6.777293,60.000000,,,,,,,,,,,,,,,,,,,,,
1732471161003,00009,7,0,0,2,9,30.233553,107.000000,3,11.553908,70.000000,,,,,,,,,,,,,,,,,,,,,
1732471161003,00012,7,0,0,2,12,29.235643,105.000000,3,12.431725,71.000000,,,,,,,,,,,,,,,,,,,,,
1732471161003,00003,7,0,0,2,3,25.703841,98.000000,3,23.244497,93.000000,,,,,,,,,,,,,,,,,,,,,
1732471161103,00001,7,0,0,2,1,23.913794,95.000000,3,22.528394,92.000000,,,,,,,,,,,,,,,,,,,,,
1732471161103,00002,7,0,0,2,2,14.476658,76.000000,3,11.587455,70.000000,,,,,,,,,,,,,,,,,,,,,
1732471161103,00006,7,0,0,2,6,18.167105,83.000000,3,12.475904,72.000000,,,,,,,,,,,,,,,,,,,,,
1732471161103,00008,7,0,0,2,8,21.630290,90.000000,3,6.987219,60.000000,,,,,,,,,,,,,,,,,,,,,
1732471161103,00009,7,0,0,2,9,30.546274,108.000000,3,10.499560,68.000000,,,,,,,,,,,,,,,,,,,,,
1732471161103,00012,7,0,0,2,12,31.912075,111.000000,3,11.273147,69.000000,,,,,,,,,,,,,,,,,,,,,
1732471161103,00003,7,0,0,2,3,26.144741,99.000000,3,23.654041,94.000000,,,,,,,,,,,,,,,,,,,,,
1732471161203,00001,7,0,0,2,1,23.628530,94.000000,3,17.707105,82.000000,,,,,,,,,,,,,,,,,,,,,
1732471161203,00002,7,0,0,2,2,15.929700,78.000000,3,11.471322,69.000000,,,,,,,,,,,,,,,,,,,,,
1732471161203,00006,7,0,0,2,6,17.369856,81.000000,3,15.040967,77.000000,,,,,,,,,,,,,,,,,,,,,
1732471161203,00008,7,0,0,2,8,23.906336,95.000000,3,7.007322,60.000000,,,,,,,,,,,,,,,,,,,,,
1732471161203,00009,7,0,0,2,9,31.984628,111.000000,3,11.465653,69.000000,,,,,,,,,,,,,,,,,,,,,
1732471161203,00012,7,0,0,2,12,32.863080,113.000000,3,13.381898,73.000000,,,,,,,,,,,,,,,,,,,,,
1732471161203,00003,7,0,0,2,3,25.909043,99.000000,3,23.806557,94.000000,,,,,,,,,,,,,,,,,,,,,
