timestamp,ueImsiComplete,DRB.PdcpSduDelayDl (cellAverageLatency),m_pDCPBytesUL (0),m_pDCPBytesDL (cellDlTxVolume),DRB.PdcpSduVolumeDl_Filter.UEID (txBytes),Tot.PdcpSduNbrDl.UEID (txDlPackets),DRB.PdcpSduBitRateDl.UEID (pdcpThroughput),DRB.PdcpSduDelayDl.UEID (pdcpLatency),QosFlow.PdcpPduVolumeDL_Filter.UEID(txPdcpPduBytesNrRlc),DRB.PdcpPduNbrDl.Qos.UEID (txPdcpPduNrRlc)
1732471156403,00003,0.000000,0,0.000000,0.000000,0,0.000000,0.000000,,
1732471156403,00001,0.000000,0,0.000000,0.000000,0,0.000000,0.000000,,
1732471156403,00004,0.000000,0,0.000000,0.000000,0,0.000000,0.000000,,
1732471156403,00009,0.000000,0,0.000000,0.000000,0,0.000000,0.000000,,
1732471156403,00002,0.000000,0,0.000000,0.000000,0,0.000000,0.000000,,
1732471156403,00007,0.000000,0,0.000000,0.000000,0,0.000000,0.000000,,
1732471156403,00008,0.000000,0,0.000000,0.000000,0,0.000000,0.000000,,
1732471156403,00005,0.000000,0,0.000000,0.000000,0,0.000000,0.000000,,
1732471156403,00011,0.000000,0,0.000000,0.000000,0,0.000000,0.000000,,
1732471156403,00012,0.000000,0,0.000000,0.000000,0,0.000000,0.000000,,
1732471156403,00010,0.000000,0,0.000000,0.000000,0,0.000000,0.000000,,
1732471156403,00006,0.000000,0,0.000000,0.000000,0,0.000000,0.000000,,
1732471156503,00003,258.479335,0,22511.040000,1875.920000,179,18759.200000,0.000000,,
1732471156503,00001,258.479335,0,22511.040000,1875.920000,179,18759.200000,80.332300,,
1732471156503,00004,258.479335,0,22511.040000,1875.920000,179,18759.200000,346.557833,,
1732471156503,00009,258.479335,0,22511.040000,1875.920000,179,18759.200000,0.000000,,
1732471156503,00002,258.479335,0,22511.040000,1875.920000,179,18759.200000,555.351255,,
1732471156503,00007,258.479335,0,22511.040000,1875.920000,179,18759.200000,275.940419,,
1732471156503,00008,258.479335,0,22511.040000,1875.920000,179,18759.200000,324.786768,,
1732471156503,00005,258.479335,0,22511.040000,1875.920000,179,18759.200000,401.323324,,
1732471156503,00011,258.479335,0,22511.040000,1875.920000,179,18759.200000,329.033820,,
1732471156503,00012,258.479335,0,22511.040000,1875.920000,179,18759.200000,0.000000,,
1732471156503,00010,258.479335,0,22511.040000,1875.920000,179,18759.200000,372.389858,,
1732471156503,00006,258.479335,0,22511.040000,1875.920000,179,18759.200000,416.036441,,
1732471156603,00003,938.819798,0,25152.000000,2096.000000,200,20960.000000,1535.846417,,
1732471156603,00001,938.819798,0,25152.000000,2096.000000,200,20960.000000,1091.076340,,
1732471156603,00004,938.819798,0,25152.000000,2096.000000,200,20960.000000,1019.057758,,
1732471156603,00009,938.819798,0,25152.000000,2096.000000,200,20960.000000,0.000000,,
1732471156603,00002,938.819798,0,25152.000000,2096.000000,200,20960.000000,1225.213269,,
1732471156603,00007,938.819798,0,25152.000000,2096.000000,200,20960.000000,878.989029,,
1732471156603,00008,938.819798,0,25152.000000,2096.000000,200,20960.000000,917.431001,,
1732471156603,00005,938.819798,0,25152.000000,2096.000000,200,20960.000000,1111.593211,,
1732471156603,00011,938.819798,0,25152.000000,2096.000000,200,20960.000000,1223.736205,,
1732471156603,00012,938.819798,0,25152.000000,2096.000000,200,20960.000000,0.000000,,
1732471156603,00010,938.819798,0,25152.000000,2096.000000,200,20960.000000,1148.782716,,
1732471156603,00006,938.819798,0,25152.000000,2096.000000,200,20960.000000,1114.111632,,
1732471156703,00003,1422.912896,0,25152.000000,2096.000000,200,20960.000000,0.000000,,
1732471156703,00001,1422.912896,0,25152.000000,2096.000000,200,20960.000000,1894.201340,,
1732471156703,00004,1422.912896,0,25152.000000,2096.000000,200,20960.000000,1730.151088,,
1732471156703,00009,1422.912896,0,25152.000000,2096.000000,200,20960.000000,0.000000,,
1732471156703,00002,1422.912896,0,25152.000000,2096.000000,200,20960.000000,2142.238161,,
1732471156703,00007,1422.912896,0,25152.000000,2096.000000,200,20960.000000,1583.123616,,
1732471156703,00008,1422.912896,0,25152.000000,2096.000000,200,20960.000000,1605.294791,,
1732471156703,00005,1422.912896,0,25152.000000,2096.000000,200,20960.000000,1928.133984,,
1732471156703,00011,1422.912896,0,25152.000000,2096.000000,200,20960.000000,2075.682627,,
1732471156703,00012,1422.912896,0,25152.000000,2096.000000,200,20960.000000,0.000000,,
1732471156703,00010,1422.912896,0,25152.000000,2096.000000,200,20960.000000,2035.330014,,
1732471156703,00006,1422.912896,0,25152.000000,2096.000000,200,20960.000000,2080.799132,,
1732471156803,00003,2271.040122,0,25152.000000,2096.000000,200,20960.000000,2920.072600,,
1732471156803,00001,2271.040122,0,25152.000000,2096.000000,200,20960.000000,2632.951340,,
1732471156803,00004,2271.040122,0,25152.000000,2096.000000,200,20960.000000,2572.635062,,
1732471156803,00009,2271.040122,0,25152.000000,2096.000000,200,20960.000000,0.000000,,
1732471156803,00002,2271.040122,0,25152.000000,2096.000000,200,20960.000000,3024.793216,,
1732471156803,00007,2271.040122,0,25152.000000,2096.000000,200,20960.000000,2261.150725,,
1732471156803,00008,2271.040122,0,25152.000000,2096.000000,200,20960.000000,2223.892827,,
1732471156803,00005,2271.040122,0,25152.000000,2096.000000,200,20960.000000,2689.651158,,
1732471156803,00011,2271.040122,0,25152.000000,2096.000000,200,20960.000000,2846.637985,,
1732471156803,00012,2271.040122,0,25152.000000,2096.000000,200,20960.000000,0.000000,,
1732471156803,00010,2271.040122,0,25152.000000,2096.000000,200,20960.000000,2880.299202,,
1732471156803,00006,2271.040122,0,25152.000000,2096.000000,200,20960.000000,3200.397350,,
1732471156903,00003,2969.928827,0,25152.000000,2096.000000,200,20960.000000,3890.072600,,
1732471156903,00001,2969.928827,0,25152.000000,2096.000000,200,20960.000000,3678.193688,,
1732471156903,00004,2969.928827,0,25152.000000,2096.000000,200,20960.000000,3307.714242,,
1732471156903,00009,2969.928827,0,25152.000000,2096.000000,200,20960.000000,0.000000,,
1732471156903,00002,2969.928827,0,25152.000000,2096.000000,200,20960.000000,3814.815547,,
1732471156903,00007,2969.928827,0,25152.000000,2096.000000,200,20960.000000,2868.877250,,
1732471156903,00008,2969.928827,0,25152.000000,2096.000000,200,20960.000000,2873.152164,,
1732471156903,00005,2969.928827,0,25152.000000,2096.000000,200,20960.000000,3515.765289,,
1732471156903,00011,2969.928827,0,25152.000000,2096.000000,200,20960.000000,4085.640963,,
1732471156903,00012,2969.928827,0,25152.000000,2096.000000,200,20960.000000,0.000000,,
1732471156903,00010,2969.928827,0,25152.000000,2096.000000,200,20960.000000,3694.854140,,
1732471156903,00006,2969.928827,0,25152.000000,2096.000000,200,20960.000000,3910.060043,,
1732471157003,00003,3649.162496,0,25152.000000,2096.000000,200,20960.000000,4990.072600,,
1732471157003,00001,3649.162496,0,25152.000000,2096.000000,200,20960.000000,4530.066725,,
1732471157003,00004,3649.162496,0,25152.000000,2096.000000,200,20960.000000,4079.160830,,
1732471157003,00009,3649.162496,0,25152.000000,2096.000000,200,20960.000000,0.000000,,
1732471157003,00002,3649.162496,0,25152.000000,2096.000000,200,20960.000000,4744.904830,,
1732471157003,00007,3649.162496,0,25152.000000,2096.000000,200,20960.000000,3530.241458,,
1732471157003,00008,3649.162496,0,25152.000000,2096.000000,200,20960.000000,3494.064016,,
1732471157003,00005,3649.162496,0,25152.000000,2096.000000,200,20960.000000,4348.390289,,
1732471157003,00011,3649.162496,0,25152.000000,2096.000000,200,20960.000000,4857.917751,,
1732471157003,00012,3649.162496,0,25152.000000,2096.000000,200,20960.000000,0.000000,,
1732471157003,00010,3649.162496,0,25152.000000,2096.000000,200,20960.000000,4511.430535,,
1732471157003,00006,3649.162496,0,25152.000000,2096.000000,200,20960.000000,4703.700913,,
1732471157103,00003,4250.168521,0,25152.000000,2096.000000,200,20960.000000,5431.024980,,
1732471157103,00001,4250.168521,0,25152.000000,2096.000000,200,20960.000000,5333.332292,,
1732471157103,00004,4250.168521,0,25152.000000,2096.000000,200,20960.000000,4825.001215,,
1732471157103,00009,4250.168521,0,25152.000000,2096.000000,200,20960.000000,0.000000,,
1732471157103,00002,4250.168521,0,25152.000000,2096.000000,200,20960.000000,5556.114015,,
1732471157103,00007,4250.168521,0,25152.000000,2096.000000,200,20960.000000,4145.408866,,
1732471157103,00008,4250.168521,0,25152.000000,2096.000000,200,20960.000000,4105.266928,,
1732471157103,00005,4250.168521,0,25152.000000,2096.000000,200,20960.000000,5179.317411,,
1732471157103,00011,4250.168521,0,25152.000000,2096.000000,200,20960.000000,5666.879058,,
1732471157103,00012,4250.168521,0,25152.000000,2096.000000,200,20960.000000,0.000000,,
1732471157103,00010,4250.168521,0,25152.000000,2096.000000,200,20960.000000,5316.053951,,
1732471157103,00006,4250.168521,0,25152.000000,2096.000000,200,20960.000000,5443.623535,,
1732471157203,00003,4935.784097,0,25152.000000,2096.000000,200,20960.000000,6378.950151,,
1732471157203,00001,4935.784097,0,25152.000000,2096.000000,200,20960.000000,6146.582297,,
1732471157203,00004,4935.784097,0,25152.000000,2096.000000,200,20960.000000,5650.721142,,
1732471157203,00009,4935.784097,0,25152.000000,2096.000000,200,20960.000000,0.000000,,
1732471157203,00002,4935.784097,0,25152.000000,2096.000000,200,20960.000000,6431.665742,,
1732471157203,00007,4935.784097,0,25152.000000,2096.000000,200,20960.000000,4797.078974,,
1732471157203,00008,4935.784097,0,25152.000000,2096.000000,200,20960.000000,4714.668899,,
1732471157203,00005,4935.784097,0,25152.000000,2096.000000,200,20960.000000,5943.949813,,
1732471157203,00011,4935.784097,0,25152.000000,2096.000000,200,20960.000000,6616.791222,,
1732471157203,00012,4935.784097,0,25152.000000,2096.000000,200,20960.000000,0.000000,,
1732471157203,00010,4935.784097,0,25152.000000,2096.000000,200,20960.000000,6231.200008,,
1732471157203,00006,4935.784097,0,25152.000000,2096.000000,200,20960.000000,6317.800916,,
1732471157303,00003,1025.393605,0,125.760000,10.480000,1,104.800000,0.000000,,
1732471157303,00001,1025.393605,0,125.760000,10.480000,1,104.800000,0.000000,,
1732471157303,00004,1025.393605,0,125.760000,10.480000,1,104.800000,6686.847520,,
1732471157303,00009,1025.393605,0,125.760000,10.480000,1,104.800000,0.000000,,
1732471157303,00002,1025.393605,0,125.760000,10.480000,1,104.800000,0.000000,,
1732471157303,00007,1025.393605,0,125.760000,10.480000,1,104.800000,0.000000,,
1732471157303,00008,1025.393605,0,125.760000,10.480000,1,104.800000,5617.875740,,
1732471157303,00005,1025.393605,0,125.760000,10.480000,1,104.800000,0.000000,,
1732471157303,00011,1025.393605,0,125.760000,10.480000,1,104.800000,0.000000,,
1732471157303,00012,1025.393605,0,125.760000,10.480000,1,104.800000,0.000000,,
1732471157303,00010,1025.393605,0,125.760000,10.480000,1,104.800000,0.000000,,
1732471157303,00006,1025.393605,0,125.760000,10.480000,1,104.800000,0.000000,,
1732471157403,00003,6263.006592,0,25152.000000,2096.000000,200,20960.000000,7837.453547,,
1732471157403,00001,6263.006592,0,25152.000000,2096.000000,200,20960.000000,7958.725156,,
1732471157403,00004,6263.006592,0,25152.000000,2096.000000,200,20960.000000,7060.891167,,
1732471157403,00009,6263.006592,0,25152.000000,2096.000000,200,20960.000000,0.000000,,
1732471157403,00002,6263.006592,0,25152.000000,2096.000000,200,20960.000000,8188.517469,,
1732471157403,00007,6263.006592,0,25152.000000,2096.000000,200,20960.000000,6026.270244,,
1732471157403,00008,6263.006592,0,25152.000000,2096.000000,200,20960.000000,5945.926339,,
1732471157403,00005,6263.006592,0,25152.000000,2096.000000,200,20960.000000,7786.524217,,
1732471157403,00011,6263.006592,0,25152.000000,2096.000000,200,20960.000000,8316.712394,,
1732471157403,00012,6263.006592,0,25152.000000,2096.000000,200,20960.000000,0.000000,,
1732471157403,00010,6263.006592,0,25152.000000,2096.000000,200,20960.000000,8012.834303,,
1732471157403,00006,6263.006592,0,25152.000000,2096.000000,200,20960.000000,8022.224267,,
1732471157503,00003,6152.817982,0,25152.000000,2096.000000,200,20960.000000,0.000000,,
1732471157503,00001,6152.817982,0,25152.000000,2096.000000,200,20960.000000,8287.594200,,
1732471157503,00004,6152.817982,0,25152.000000,2096.000000,200,20960.000000,7832.865857,,
1732471157503,00009,6152.817982,0,25152.000000,2096.000000,200,20960.000000,0.000000,,
1732471157503,00002,6152.817982,0,25152.000000,2096.000000,200,20960.000000,8954.060237,,
1732471157503,00007,6152.817982,0,25152.000000,2096.000000,200,20960.000000,6601.048842,,
1732471157503,00008,6152.817982,0,25152.000000,2096.000000,200,20960.000000,6554.179858,,
1732471157503,00005,6152.817982,0,25152.000000,2096.000000,200,20960.000000,8560.615517,,
1732471157503,00011,6152.817982,0,25152.000000,2096.000000,200,20960.000000,9243.725700,,
1732471157503,00012,6152.817982,0,25152.000000,2096.000000,200,20960.000000,0.000000,,
1732471157503,00010,6152.817982,0,25152.000000,2096.000000,200,20960.000000,8747.542520,,
1732471157503,00006,6152.817982,0,25152.000000,2096.000000,200,20960.000000,9052.183057,,
1732471157603,00003,7540.872486,0,25152.000000,2096.000000,200,20960.000000,9640.786880,,
1732471157603,00001,7540.872486,0,25152.000000,2096.000000,200,20960.000000,9570.510863,,
1732471157603,00004,7540.872486,0,25152.000000,2096.000000,200,20960.000000,8618.195555,,
1732471157603,00009,7540.872486,0,25152.000000,2096.000000,200,20960.000000,0.000000,,
1732471157603,00002,7540.872486,0,25152.000000,2096.000000,200,20960.000000,9592.136975,,
1732471157603,00007,7540.872486,0,25152.000000,2096.000000,200,20960.000000,7208.640257,,
1732471157603,00008,7540.872486,0,25152.000000,2096.000000,200,20960.000000,7185.485118,,
1732471157603,00005,7540.872486,0,25152.000000,2096.000000,200,20960.000000,9317.011406,,
1732471157603,00011,7540.872486,0,25152.000000,2096.000000,200,20960.000000,10162.450486,,
1732471157603,00012,7540.872486,0,25152.000000,2096.000000,200,20960.000000,0.000000,,
1732471157603,00010,7540.872486,0,25152.000000,2096.000000,200,20960.000000,9500.041639,,
1732471157603,00006,7540.872486,0,25152.000000,2096.000000,200,20960.000000,9695.210655,,
1732471157703,00003,7347.727090,0,25152.000000,2096.000000,200,20960.000000,0.000000,,
1732471157703,00001,7347.727090,0,25152.000000,2096.000000,200,20960.000000,10282.757893,,
1732471157703,00004,7347.727090,0,25152.000000,2096.000000,200,20960.000000,9380.329659,,
1732471157703,00009,7347.727090,0,25152.000000,2096.000000,200,20960.000000,0.000000,,
1732471157703,00002,7347.727090,0,25152.000000,2096.000000,200,20960.000000,10702.697490,,
1732471157703,00007,7347.727090,0,25152.000000,2096.000000,200,20960.000000,7888.813861,,
1732471157703,00008,7347.727090,0,25152.000000,2096.000000,200,20960.000000,7837.605536,,
1732471157703,00005,7347.727090,0,25152.000000,2096.000000,200,20960.000000,10045.423026,,
1732471157703,00011,7347.727090,0,25152.000000,2096.000000,200,20960.000000,10979.501507,,
1732471157703,00012,7347.727090,0,25152.000000,2096.000000,200,20960.000000,0.000000,,
1732471157703,00010,7347.727090,0,25152.000000,2096.000000,200,20960.000000,10369.331417,,
1732471157703,00006,7347.727090,0,25152.000000,2096.000000,200,20960.000000,10686.264689,,
1732471157803,00003,7987.396571,0,25152.000000,2096.000000,200,20960.000000,0.000000,,
1732471157803,00001,7987.396571,0,25152.000000,2096.000000,200,20960.000000,11378.368017,,
1732471157803,00004,7987.396571,0,25152.000000,2096.000000,200,20960.000000,10212.972516,,
1732471157803,00009,7987.396571,0,25152.000000,2096.000000,200,20960.000000,0.000000,,
1732471157803,00002,7987.396571,0,25152.000000,2096.000000,200,20960.000000,11409.583400,,
1732471157803,00007,7987.396571,0,25152.000000,2096.000000,200,20960.000000,8545.172259,,
1732471157803,00008,7987.396571,0,25152.000000,2096.000000,200,20960.000000,8456.931480,,
1732471157803,00005,7987.396571,0,25152.000000,2096.000000,200,20960.000000,11092.955764,,
1732471157803,00011,7987.396571,0,25152.000000,2096.000000,200,20960.000000,12023.302523,,
1732471157803,00012,7987.396571,0,25152.000000,2096.000000,200,20960.000000,0.000000,,
1732471157803,00010,7987.396571,0,25152.000000,2096.000000,200,20960.000000,11307.428724,,
1732471157803,00006,7987.396571,0,25152.000000,2096.000000,200,20960.000000,11422.044172,,
1732471157903,00003,8604.317433,0,25152.000000,2096.000000,200,20960.000000,12625.786880,,
1732471157903,00001,8604.317433,0,25152.000000,2096.000000,200,20960.000000,12105.723897,,
1732471157903,00004,8604.317433,0,25152.000000,2096.000000,200,20960.000000,10961.883232,,
1732471157903,00009,8604.317433,0,25152.000000,2096.000000,200,20960.000000,0.000000,,
1732471157903,00002,8604.317433,0,25152.000000,2096.000000,200,20960.000000,12489.805622,,
1732471157903,00007,8604.317433,0,25152.000000,2096.000000,200,20960.000000,9205.786444,,
1732471157903,00008,8604.317433,0,25152.000000,2096.000000,200,20960.000000,9079.056868,,
1732471157903,00005,8604.317433,0,25152.000000,2096.000000,200,20960.000000,11826.420052,,
1732471157903,00011,8604.317433,0,25152.000000,2096.000000,200,20960.000000,12766.664772,,
1732471157903,00012,8604.317433,0,25152.000000,2096.000000,200,20960.000000,0.000000,,
1732471157903,00010,8604.317433,0,25152.000000,2096.000000,200,20960.000000,0.000000,,
1732471157903,00006,8604.317433,0,25152.000000,2096.000000,200,20960.000000,12190.681434,,
1732471158003,00003,10220.740749,0,25152.000000,2096.000000,200,20960.000000,13293.581529,,
1732471158003,00001,10220.740749,0,25152.000000,2096.000000,200,20960.000000,12551.129910,,
1732471158003,00004,10220.740749,0,25152.000000,2096.000000,200,20960.000000,11713.966788,,
1732471158003,00009,10220.740749,0,25152.000000,2096.000000,200,20960.000000,0.000000,,
1732471158003,00002,10220.740749,0,25152.000000,2096.000000,200,20960.000000,13273.065544,,
1732471158003,00007,10220.740749,0,25152.000000,2096.000000,200,20960.000000,9847.973600,,
1732471158003,00008,10220.740749,0,25152.000000,2096.000000,200,20960.000000,9686.453953,,
1732471158003,00005,10220.740749,0,25152.000000,2096.000000,200,20960.000000,12643.362687,,
1732471158003,00011,10220.740749,0,25152.000000,2096.000000,200,20960.000000,13645.588883,,
1732471158003,00012,10220.740749,0,25152.000000,2096.000000,200,20960.000000,0.000000,,
1732471158003,00010,10220.740749,0,25152.000000,2096.000000,200,20960.000000,12978.779468,,
1732471158003,00006,10220.740749,0,25152.000000,2096.000000,200,20960.000000,13014.986631,,
1732471158103,00003,10884.438328,0,25152.000000,2096.000000,200,20960.000000,14022.572600,,
1732471158103,00001,10884.438328,0,25152.000000,2096.000000,200,20960.000000,13641.365204,,
1732471158103,00004,10884.438328,0,25152.000000,2096.000000,200,20960.000000,12471.456360,,
1732471158103,00009,10884.438328,0,25152.000000,2096.000000,200,20960.000000,0.000000,,
1732471158103,00002,10884.438328,0,25152.000000,2096.000000,200,20960.000000,13933.501771,,
1732471158103,00007,10884.438328,0,25152.000000,2096.000000,200,20960.000000,10381.895475,,
1732471158103,00008,10884.438328,0,25152.000000,2096.000000,200,20960.000000,10283.807422,,
1732471158103,00005,10884.438328,0,25152.000000,2096.000000,200,20960.000000,13662.273222,,
1732471158103,00011,10884.438328,0,25152.000000,2096.000000,200,20960.000000,14472.486200,,
1732471158103,00012,10884.438328,0,25152.000000,2096.000000,200,20960.000000,0.000000,,
1732471158103,00010,10884.438328,0,25152.000000,2096.000000,200,20960.000000,13840.111471,,
1732471158103,00006,10884.438328,0,25152.000000,2096.000000,200,20960.000000,13903.790204,,
1732471158203,00003,11592.506155,0,25152.000000,2096.000000,200,20960.000000,15172.572600,,
1732471158203,00001,11592.506155,0,25152.000000,2096.000000,200,20960.000000,14473.941600,,
1732471158203,00004,11592.506155,0,25152.000000,2096.000000,200,20960.000000,13220.397079,,
1732471158203,00009,11592.506155,0,25152.000000,2096.000000,200,20960.000000,0.000000,,
1732471158203,00002,11592.506155,0,25152.000000,2096.000000,200,20960.000000,14980.049921,,
1732471158203,00007,11592.506155,0,25152.000000,2096.000000,200,20960.000000,10951.144434,,
1732471158203,00008,11592.506155,0,25152.000000,2096.000000,200,20960.000000,11011.542575,,
1732471158203,00005,11592.506155,0,25152.000000,2096.000000,200,20960.000000,14363.549679,,
1732471158203,00011,11592.506155,0,25152.000000,2096.000000,200,20960.000000,15443.835404,,
1732471158203,00012,11592.506155,0,25152.000000,2096.000000,200,20960.000000,0.000000,,
1732471158203,00010,11592.506155,0,25152.000000,2096.000000,200,20960.000000,14708.343777,,
1732471158203,00006,11592.506155,0,25152.000000,2096.000000,200,20960.000000,14784.696793,,
1732471158303,00003,0.000000,0,125.760000,10.480000,1,104.800000,0.000000,,
1732471158303,00001,0.000000,0,125.760000,10.480000,1,104.800000,0.000000,,
1732471158303,00004,0.000000,0,125.760000,10.480000,1,104.800000,0.000000,,
1732471158303,00009,0.000000,0,125.760000,10.480000,1,104.800000,0.000000,,
1732471158303,00002,0.000000,0,125.760000,10.480000,1,104.800000,0.000000,,
1732471158303,00007,0.000000,0,125.760000,10.480000,1,104.800000,0.000000,,
1732471158303,00008,0.000000,0,125.760000,10.480000,1,104.800000,0.000000,,
1732471158303,00005,0.000000,0,125.760000,10.480000,1,104.800000,0.000000,,
1732471158303,00011,0.000000,0,125.760000,10.480000,1,104.800000,0.000000,,
1732471158303,00012,0.000000,0,125.760000,10.480000,1,104.800000,0.000000,,
1732471158303,00010,0.000000,0,125.760000,10.480000,1,104.800000,0.000000,,
1732471158303,00006,0.000000,0,125.760000,10.480000,1,104.800000,0.000000,,
1732471158403,00003,11514.109462,0,25152.000000,2096.000000,200,20960.000000,0.000000,,
1732471158403,00001,11514.109462,0,25152.000000,2096.000000,200,20960.000000,16075.037381,,
1732471158403,00004,11514.109462,0,25152.000000,2096.000000,200,20960.000000,14822.479049,,
1732471158403,00009,11514.109462,0,25152.000000,2096.000000,200,20960.000000,0.000000,,
1732471158403,00002,11514.109462,0,25152.000000,2096.000000,200,20960.000000,16732.226254,,
1732471158403,00007,11514.109462,0,25152.000000,2096.000000,200,20960.000000,12292.327682,,
1732471158403,00008,11514.109462,0,25152.000000,2096.000000,200,20960.000000,12286.464456,,
1732471158403,00005,11514.109462,0,25152.000000,2096.000000,200,20960.000000,15858.910893,,
1732471158403,00011,11514.109462,0,25152.000000,2096.000000,200,20960.000000,17235.164773,,
1732471158403,00012,11514.109462,0,25152.000000,2096.000000,200,20960.000000,0.000000,,
1732471158403,00010,11514.109462,0,25152.000000,2096.000000,200,20960.000000,16237.773971,,
1732471158403,00006,11514.109462,0,25152.000000,2096.000000,200,20960.000000,16628.929089,,
1732471158503,00003,13561.303973,0,25152.000000,2096.000000,200,20960.000000,17727.215460,,
1732471158503,00001,13561.303973,0,25152.000000,2096.000000,200,20960.000000,16804.112065,,
1732471158503,00004,13561.303973,0,25152.000000,2096.000000,200,20960.000000,15566.195044,,
1732471158503,00009,13561.303973,0,25152.000000,2096.000000,200,20960.000000,0.000000,,
1732471158503,00002,13561.303973,0,25152.000000,2096.000000,200,20960.000000,17511.382102,,
1732471158503,00007,13561.303973,0,25152.000000,2096.000000,200,20960.000000,12872.490480,,
1732471158503,00008,13561.303973,0,25152.000000,2096.000000,200,20960.000000,12975.891617,,
1732471158503,00005,13561.303973,0,25152.000000,2096.000000,200,20960.000000,16664.572891,,
1732471158503,00011,13561.303973,0,25152.000000,2096.000000,200,20960.000000,18244.093343,,
1732471158503,00012,13561.303973,0,25152.000000,2096.000000,200,20960.000000,0.000000,,
1732471158503,00010,13561.303973,0,25152.000000,2096.000000,200,20960.000000,16994.086285,,
1732471158503,00006,13561.303973,0,25152.000000,2096.000000,200,20960.000000,17375.608383,,
1732471158603,00003,12735.285575,0,25152.000000,2096.000000,200,20960.000000,18475.215460,,
1732471158603,00001,12735.285575,0,25152.000000,2096.000000,200,20960.000000,0.000000,,
1732471158603,00004,12735.285575,0,25152.000000,2096.000000,200,20960.000000,16317.594600,,
1732471158603,00009,12735.285575,0,25152.000000,2096.000000,200,20960.000000,0.000000,,
1732471158603,00002,12735.285575,0,25152.000000,2096.000000,200,20960.000000,18337.608910,,
1732471158603,00007,12735.285575,0,25152.000000,2096.000000,200,20960.000000,13429.792793,,
1732471158603,00008,12735.285575,0,25152.000000,2096.000000,200,20960.000000,13603.925240,,
1732471158603,00005,12735.285575,0,25152.000000,2096.000000,200,20960.000000,17458.512538,,
1732471158603,00011,12735.285575,0,25152.000000,2096.000000,200,20960.000000,19174.807625,,
1732471158603,00012,12735.285575,0,25152.000000,2096.000000,200,20960.000000,0.000000,,
1732471158603,00010,12735.285575,0,25152.000000,2096.000000,200,20960.000000,17909.739066,,
1732471158603,00006,12735.285575,0,25152.000000,2096.000000,200,20960.000000,18116.230673,,
1732471158703,00003,14882.900323,0,25152.000000,2096.000000,200,20960.000000,18782.929740,,
1732471158703,00001,14882.900323,0,25152.000000,2096.000000,200,20960.000000,18574.464950,,
1732471158703,00004,14882.900323,0,25152.000000,2096.000000,200,20960.000000,17135.974497,,
1732471158703,00009,14882.900323,0,25152.000000,2096.000000,200,20960.000000,0.000000,,
1732471158703,00002,14882.900323,0,25152.000000,2096.000000,200,20960.000000,19452.404824,,
1732471158703,00007,14882.900323,0,25152.000000,2096.000000,200,20960.000000,14074.791307,,
1732471158703,00008,14882.900323,0,25152.000000,2096.000000,200,20960.000000,14246.977127,,
1732471158703,00005,14882.900323,0,25152.000000,2096.000000,200,20960.000000,18385.229573,,
1732471158703,00011,14882.900323,0,25152.000000,2096.000000,200,20960.000000,19968.646912,,
1732471158703,00012,14882.900323,0,25152.000000,2096.000000,200,20960.000000,0.000000,,
1732471158703,00010,14882.900323,0,25152.000000,2096.000000,200,20960.000000,18821.059031,,
1732471158703,00006,14882.900323,0,25152.000000,2096.000000,200,20960.000000,19152.325916,,
1732471158803,00003,13897.538156,0,25152.000000,2096.000000,200,20960.000000,0.000000,,
1732471158803,00001,13897.538156,0,25152.000000,2096.000000,200,20960.000000,19458.308480,,
1732471158803,00004,13897.538156,0,25152.000000,2096.000000,200,20960.000000,17861.133231,,
1732471158803,00009,13897.538156,0,25152.000000,2096.000000,200,20960.000000,0.000000,,
1732471158803,00002,13897.538156,0,25152.000000,2096.000000,200,20960.000000,20214.031814,,
1732471158803,00007,13897.538156,0,25152.000000,2096.000000,200,20960.000000,14792.877309,,
1732471158803,00008,13897.538156,0,25152.000000,2096.000000,200,20960.000000,14925.035493,,
1732471158803,00005,13897.538156,0,25152.000000,2096.000000,200,20960.000000,19063.220647,,
1732471158803,00011,13897.538156,0,25152.000000,2096.000000,200,20960.000000,20897.802133,,
1732471158803,00012,13897.538156,0,25152.000000,2096.000000,200,20960.000000,0.000000,,
1732471158803,00010,13897.538156,0,25152.000000,2096.000000,200,20960.000000,19547.336286,,
1732471158803,00006,13897.538156,0,25152.000000,2096.000000,200,20960.000000,20010.712474,,
1732471158903,00003,16177.973447,0,25152.000000,2096.000000,200,20960.000000,20622.751170,,
1732471158903,00001,16177.973447,0,25152.000000,2096.000000,200,20960.000000,20180.374810,,
1732471158903,00004,16177.973447,0,25152.000000,2096.000000,200,20960.000000,18677.918944,,
1732471158903,00009,16177.973447,0,25152.000000,2096.000000,200,20960.000000,0.000000,,
1732471158903,00002,16177.973447,0,25152.000000,2096.000000,200,20960.000000,20995.104409,,
1732471158903,00007,16177.973447,0,25152.000000,2096.000000,200,20960.000000,15405.041442,,
1732471158903,00008,16177.973447,0,25152.000000,2096.000000,200,20960.000000,15479.971479,,
1732471158903,00005,16177.973447,0,25152.000000,2096.000000,200,20960.000000,19899.347879,,
1732471158903,00011,16177.973447,0,25152.000000,2096.000000,200,20960.000000,21727.896919,,
1732471158903,00012,16177.973447,0,25152.000000,2096.000000,200,20960.000000,0.000000,,
1732471158903,00010,16177.973447,0,25152.000000,2096.000000,200,20960.000000,20262.179543,,
1732471158903,00006,16177.973447,0,25152.000000,2096.000000,200,20960.000000,20885.094767,,
1732471159003,00003,16896.618159,0,25152.000000,2096.000000,200,20960.000000,21842.479431,,
1732471159003,00001,16896.618159,0,25152.000000,2096.000000,200,20960.000000,21105.451340,,
1732471159003,00004,16896.618159,0,25152.000000,2096.000000,200,20960.000000,19515.324408,,
1732471159003,00009,16896.618159,0,25152.000000,2096.000000,200,20960.000000,0.000000,,
1732471159003,00002,16896.618159,0,25152.000000,2096.000000,200,20960.000000,22123.425241,,
1732471159003,00007,16896.618159,0,25152.000000,2096.000000,200,20960.000000,15997.774640,,
1732471159003,00008,16896.618159,0,25152.000000,2096.000000,200,20960.000000,16118.583497,,
1732471159003,00005,16896.618159,0,25152.000000,2096.000000,200,20960.000000,20825.061306,,
1732471159003,00011,16896.618159,0,25152.000000,2096.000000,200,20960.000000,22614.271917,,
1732471159003,00012,16896.618159,0,25152.000000,2096.000000,200,20960.000000,0.000000,,
1732471159003,00010,16896.618159,0,25152.000000,2096.000000,200,20960.000000,21011.633907,,
1732471159003,00006,16896.618159,0,25152.000000,2096.000000,200,20960.000000,21605.412222,,
1732471159103,00003,13849.225413,0,25152.000000,2096.000000,200,20960.000000,0.000000,,
1732471159103,00001,13849.225413,0,25152.000000,2096.000000,200,20960.000000,0.000000,,
1732471159103,00004,13849.225413,0,25152.000000,2096.000000,200,20960.000000,20318.143302,,
1732471159103,00009,13849.225413,0,25152.000000,2096.000000,200,20960.000000,0.000000,,
1732471159103,00002,13849.225413,0,25152.000000,2096.000000,200,20960.000000,22815.269116,,
1732471159103,00007,13849.225413,0,25152.000000,2096.000000,200,20960.000000,16640.127491,,
1732471159103,00008,13849.225413,0,25152.000000,2096.000000,200,20960.000000,16729.420010,,
1732471159103,00005,13849.225413,0,25152.000000,2096.000000,200,20960.000000,21556.697828,,
1732471159103,00011,13849.225413,0,25152.000000,2096.000000,200,20960.000000,23522.724293,,
1732471159103,00012,13849.225413,0,25152.000000,2096.000000,200,20960.000000,0.000000,,
1732471159103,00010,13849.225413,0,25152.000000,2096.000000,200,20960.000000,21945.068424,,
1732471159103,00006,13849.225413,0,25152.000000,2096.000000,200,20960.000000,22663.254486,,
1732471159203,00003,16304.853007,0,25152.000000,2096.000000,200,20960.000000,23260.072600,,
1732471159203,00001,16304.853007,0,25152.000000,2096.000000,200,20960.000000,0.000000,,
1732471159203,00004,16304.853007,0,25152.000000,2096.000000,200,20960.000000,21049.590105,,
1732471159203,00009,16304.853007,0,25152.000000,2096.000000,200,20960.000000,0.000000,,
1732471159203,00002,16304.853007,0,25152.000000,2096.000000,200,20960.000000,23541.422690,,
1732471159203,00007,16304.853007,0,25152.000000,2096.000000,200,20960.000000,17246.133900,,
1732471159203,00008,16304.853007,0,25152.000000,2096.000000,200,20960.000000,17347.947172,,
1732471159203,00005,16304.853007,0,25152.000000,2096.000000,200,20960.000000,22414.398292,,
1732471159203,00011,16304.853007,0,25152.000000,2096.000000,200,20960.000000,24548.517949,,
1732471159203,00012,16304.853007,0,25152.000000,2096.000000,200,20960.000000,0.000000,,
1732471159203,00010,16304.853007,0,25152.000000,2096.000000,200,20960.000000,22755.330012,,
1732471159203,00006,16304.853007,0,25152.000000,2096.000000,200,20960.000000,23494.823369,,
1732471159303,00003,1517.219713,0,125.760000,10.480000,1,104.800000,0.000000,,
1732471159303,00001,1517.219713,0,125.760000,10.480000,1,104.800000,0.000000,,
1732471159303,00004,1517.219713,0,125.760000,10.480000,1,104.800000,0.000000,,
1732471159303,00009,1517.219713,0,125.760000,10.480000,1,104.800000,0.000000,,
1732471159303,00002,1517.219713,0,125.760000,10.480000,1,104.800000,0.000000,,
1732471159303,00007,1517.219713,0,125.760000,10.480000,1,104.800000,18206.636550,,
1732471159303,00008,1517.219713,0,125.760000,10.480000,1,104.800000,0.000000,,
1732471159303,00005,1517.219713,0,125.760000,10.480000,1,104.800000,0.000000,,
1732471159303,00011,1517.219713,0,125.760000,10.480000,1,104.800000,0.000000,,
1732471159303,00012,1517.219713,0,125.760000,10.480000,1,104.800000,0.000000,,
1732471159303,00010,1517.219713,0,125.760000,10.480000,1,104.800000,0.000000,,
1732471159303,00006,1517.219713,0,125.760000,10.480000,1,104.800000,0.000000,,
1732471159403,00003,19544.696842,0,25152.000000,2096.000000,200,20960.000000,25267.572600,,
1732471159403,00001,19544.696842,0,25152.000000,2096.000000,200,20960.000000,24477.679609,,
1732471159403,00004,19544.696842,0,25152.000000,2096.000000,200,20960.000000,22541.791961,,
1732471159403,00009,19544.696842,0,25152.000000,2096.000000,200,20960.000000,0.000000,,
1732471159403,00002,19544.696842,0,25152.000000,2096.000000,200,20960.000000,25462.096389,,
1732471159403,00007,19544.696842,0,25152.000000,2096.000000,200,20960.000000,18557.440118,,
1732471159403,00008,19544.696842,0,25152.000000,2096.000000,200,20960.000000,18556.087929,,
1732471159403,00005,19544.696842,0,25152.000000,2096.000000,200,20960.000000,24072.803614,,
1732471159403,00011,19544.696842,0,25152.000000,2096.000000,200,20960.000000,26352.511713,,
1732471159403,00012,19544.696842,0,25152.000000,2096.000000,200,20960.000000,0.000000,,
1732471159403,00010,19544.696842,0,25152.000000,2096.000000,200,20960.000000,24341.150476,,
1732471159403,00006,19544.696842,0,25152.000000,2096.000000,200,20960.000000,24907.227697,,
1732471159503,00003,20214.729892,0,25152.000000,2096.000000,200,20960.000000,26362.929740,,
1732471159503,00001,20214.729892,0,25152.000000,2096.000000,200,20960.000000,25144.439437,,
1732471159503,00004,20214.729892,0,25152.000000,2096.000000,200,20960.000000,23309.333780,,
1732471159503,00009,20214.729892,0,25152.000000,2096.000000,200,20960.000000,0.000000,,
1732471159503,00002,20214.729892,0,25152.000000,2096.000000,200,20960.000000,26222.869120,,
1732471159503,00007,20214.729892,0,25152.000000,2096.000000,200,20960.000000,19224.972467,,
1732471159503,00008,20214.729892,0,25152.000000,2096.000000,200,20960.000000,19192.553165,,
1732471159503,00005,20214.729892,0,25152.000000,2096.000000,200,20960.000000,24861.789725,,
1732471159503,00011,20214.729892,0,25152.000000,2096.000000,200,20960.000000,27218.691559,,
1732471159503,00012,20214.729892,0,25152.000000,2096.000000,200,20960.000000,0.000000,,
1732471159503,00010,20214.729892,0,25152.000000,2096.000000,200,20960.000000,25044.419269,,
1732471159503,00006,20214.729892,0,25152.000000,2096.000000,200,20960.000000,25994.760440,,
1732471159603,00003,20807.560592,0,25152.000000,2096.000000,200,20960.000000,26886.263073,,
1732471159603,00001,20807.560592,0,25152.000000,2096.000000,200,20960.000000,25767.772770,,
1732471159603,00004,20807.560592,0,25152.000000,2096.000000,200,20960.000000,24028.788654,,
1732471159603,00009,20807.560592,0,25152.000000,2096.000000,200,20960.000000,0.000000,,
1732471159603,00002,20807.560592,0,25152.000000,2096.000000,200,20960.000000,26978.089355,,
1732471159603,00007,20807.560592,0,25152.000000,2096.000000,200,20960.000000,19860.751026,,
1732471159603,00008,20807.560592,0,25152.000000,2096.000000,200,20960.000000,19870.405891,,
1732471159603,00005,20807.560592,0,25152.000000,2096.000000,200,20960.000000,25695.110526,,
1732471159603,00011,20807.560592,0,25152.000000,2096.000000,200,20960.000000,28073.914773,,
1732471159603,00012,20807.560592,0,25152.000000,2096.000000,200,20960.000000,0.000000,,
1732471159603,00010,20807.560592,0,25152.000000,2096.000000,200,20960.000000,25844.653866,,
1732471159603,00006,20807.560592,0,25152.000000,2096.000000,200,20960.000000,26684.977173,,
1732471159703,00003,21563.540528,0,25152.000000,2096.000000,200,20960.000000,27914.596407,,
1732471159703,00001,21563.540528,0,25152.000000,2096.000000,200,20960.000000,27342.772770,,
1732471159703,00004,21563.540528,0,25152.000000,2096.000000,200,20960.000000,24809.842415,,
1732471159703,00009,21563.540528,0,25152.000000,2096.000000,200,20960.000000,0.000000,,
1732471159703,00002,21563.540528,0,25152.000000,2096.000000,200,20960.000000,27989.688883,,
1732471159703,00007,21563.540528,0,25152.000000,2096.000000,200,20960.000000,20464.547261,,
1732471159703,00008,21563.540528,0,25152.000000,2096.000000,200,20960.000000,20440.385268,,
1732471159703,00005,21563.540528,0,25152.000000,2096.000000,200,20960.000000,26552.151342,,
1732471159703,00011,21563.540528,0,25152.000000,2096.000000,200,20960.000000,28991.794237,,
1732471159703,00012,21563.540528,0,25152.000000,2096.000000,200,20960.000000,0.000000,,
1732471159703,00010,21563.540528,0,25152.000000,2096.000000,200,20960.000000,26678.057517,,
1732471159703,00006,21563.540528,0,25152.000000,2096.000000,200,20960.000000,27578.650239,,
1732471159803,00003,22179.604901,0,25152.000000,2096.000000,200,20960.000000,28642.215460,,
1732471159803,00001,22179.604901,0,25152.000000,2096.000000,200,20960.000000,27966.106103,,
1732471159803,00004,22179.604901,0,25152.000000,2096.000000,200,20960.000000,25636.174047,,
1732471159803,00009,22179.604901,0,25152.000000,2096.000000,200,20960.000000,0.000000,,
1732471159803,00002,22179.604901,0,25152.000000,2096.000000,200,20960.000000,28804.257509,,
1732471159803,00007,22179.604901,0,25152.000000,2096.000000,200,20960.000000,21075.106940,,
1732471159803,00008,22179.604901,0,25152.000000,2096.000000,200,20960.000000,21013.952697,,
1732471159803,00005,22179.604901,0,25152.000000,2096.000000,200,20960.000000,27342.406993,,
1732471159803,00011,22179.604901,0,25152.000000,2096.000000,200,20960.000000,29791.712392,,
1732471159803,00012,22179.604901,0,25152.000000,2096.000000,200,20960.000000,0.000000,,
1732471159803,00010,22179.604901,0,25152.000000,2096.000000,200,20960.000000,27432.854140,,
1732471159803,00006,22179.604901,0,25152.000000,2096.000000,200,20960.000000,28450.472529,,
1732471159903,00003,22796.874219,0,25152.000000,2096.000000,200,20960.000000,29137.215460,,
1732471159903,00001,22796.874219,0,25152.000000,2096.000000,200,20960.000000,28686.939437,,
1732471159903,00004,22796.874219,0,25152.000000,2096.000000,200,20960.000000,26472.745072,,
1732471159903,00009,22796.874219,0,25152.000000,2096.000000,200,20960.000000,0.000000,,
1732471159903,00002,22796.874219,0,25152.000000,2096.000000,200,20960.000000,29586.941510,,
1732471159903,00007,22796.874219,0,25152.000000,2096.000000,200,20960.000000,21723.455742,,
1732471159903,00008,22796.874219,0,25152.000000,2096.000000,200,20960.000000,21584.436969,,
1732471159903,00005,22796.874219,0,25152.000000,2096.000000,200,20960.000000,28221.103632,,
1732471159903,00011,22796.874219,0,25152.000000,2096.000000,200,20960.000000,30660.276381,,
1732471159903,00012,22796.874219,0,25152.000000,2096.000000,200,20960.000000,0.000000,,
1732471159903,00010,22796.874219,0,25152.000000,2096.000000,200,20960.000000,28212.603029,,
1732471159903,00006,22796.874219,0,25152.000000,2096.000000,200,20960.000000,29276.773397,,
1732471160003,00003,23536.272772,0,25152.000000,2096.000000,200,20960.000000,30599.215460,,
1732471160003,00001,23536.272772,0,25152.000000,2096.000000,200,20960.000000,29687.772770,,
1732471160003,00004,23536.272772,0,25152.000000,2096.000000,200,20960.000000,27238.799897,,
1732471160003,00009,23536.272772,0,25152.000000,2096.000000,200,20960.000000,0.000000,,
1732471160003,00002,23536.272772,0,25152.000000,2096.000000,200,20960.000000,30388.677151,,
1732471160003,00007,23536.272772,0,25152.000000,2096.000000,200,20960.000000,22309.942878,,
1732471160003,00008,23536.272772,0,25152.000000,2096.000000,200,20960.000000,22241.766590,,
1732471160003,00005,23536.272772,0,25152.000000,2096.000000,200,20960.000000,28970.570482,,
1732471160003,00011,23536.272772,0,25152.000000,2096.000000,200,20960.000000,31716.248955,,
1732471160003,00012,23536.272772,0,25152.000000,2096.000000,200,20960.000000,0.000000,,
1732471160003,00010,23536.272772,0,25152.000000,2096.000000,200,20960.000000,29101.863888,,
1732471160003,00006,23536.272772,0,25152.000000,2096.000000,200,20960.000000,30180.415197,,
1732471160103,00003,18991.101780,0,25152.000000,2096.000000,200,20960.000000,0.000000,,
1732471160103,00001,18991.101780,0,25152.000000,2096.000000,200,20960.000000,30404.925025,,
1732471160103,00004,18991.101780,0,25152.000000,2096.000000,200,20960.000000,28033.865372,,
1732471160103,00009,18991.101780,0,25152.000000,2096.000000,200,20960.000000,0.000000,,
1732471160103,00002,18991.101780,0,25152.000000,2096.000000,200,20960.000000,31300.746666,,
1732471160103,00007,18991.101780,0,25152.000000,2096.000000,200,20960.000000,22893.097100,,
1732471160103,00008,18991.101780,0,25152.000000,2096.000000,200,20960.000000,22837.723520,,
1732471160103,00005,18991.101780,0,25152.000000,2096.000000,200,20960.000000,29901.160695,,
1732471160103,00011,18991.101780,0,25152.000000,2096.000000,200,20960.000000,32699.164774,,
1732471160103,00012,18991.101780,0,25152.000000,2096.000000,200,20960.000000,0.000000,,
1732471160103,00010,18991.101780,0,25152.000000,2096.000000,200,20960.000000,29822.538212,,
1732471160103,00006,18991.101780,0,25152.000000,2096.000000,200,20960.000000,0.000000,,
1732471160203,00003,24883.987939,0,25152.000000,2096.000000,200,20960.000000,32241.358316,,
1732471160203,00001,24883.987939,0,25152.000000,2096.000000,200,20960.000000,31140.213242,,
1732471160203,00004,24883.987939,0,25152.000000,2096.000000,200,20960.000000,28899.916125,,
1732471160203,00009,24883.987939,0,25152.000000,2096.000000,200,20960.000000,0.000000,,
1732471160203,00002,24883.987939,0,25152.000000,2096.000000,200,20960.000000,32230.014722,,
1732471160203,00007,24883.987939,0,25152.000000,2096.000000,200,20960.000000,23617.381617,,
1732471160203,00008,24883.987939,0,25152.000000,2096.000000,200,20960.000000,23538.452338,,
1732471160203,00005,24883.987939,0,25152.000000,2096.000000,200,20960.000000,30725.792346,,
1732471160203,00011,24883.987939,0,25152.000000,2096.000000,200,20960.000000,33544.700480,,
1732471160203,00012,24883.987939,0,25152.000000,2096.000000,200,20960.000000,0.000000,,
1732471160203,00010,24883.987939,0,25152.000000,2096.000000,200,20960.000000,30668.239859,,
1732471160203,00006,24883.987939,0,25152.000000,2096.000000,200,20960.000000,32001.786227,,
1732471160303,00003,5446.618343,0,125.760000,10.480000,1,104.800000,0.000000,,
1732471160303,00001,5446.618343,0,125.760000,10.480000,1,104.800000,32259.379920,,
1732471160303,00004,5446.618343,0,125.760000,10.480000,1,104.800000,0.000000,,
1732471160303,00009,5446.618343,0,125.760000,10.480000,1,104.800000,0.000000,,
1732471160303,00002,5446.618343,0,125.760000,10.480000,1,104.800000,0.000000,,
1732471160303,00007,5446.618343,0,125.760000,10.480000,1,104.800000,0.000000,,
1732471160303,00008,5446.618343,0,125.760000,10.480000,1,104.800000,0.000000,,
1732471160303,00005,5446.618343,0,125.760000,10.480000,1,104.800000,0.000000,,
1732471160303,00011,5446.618343,0,125.760000,10.480000,1,104.800000,0.000000,,
1732471160303,00012,5446.618343,0,125.760000,10.480000,1,104.800000,0.000000,,
1732471160303,00010,5446.618343,0,125.760000,10.480000,1,104.800000,0.000000,,
1732471160303,00006,5446.618343,0,125.760000,10.480000,1,104.800000,33100.040200,,
1732471160403,00003,26147.892146,0,25152.000000,2096.000000,200,20960.000000,33882.036883,,
1732471160403,00001,26147.892146,0,25152.000000,2096.000000,200,20960.000000,32494.856107,,
1732471160403,00004,26147.892146,0,25152.000000,2096.000000,200,20960.000000,30547.446595,,
1732471160403,00009,26147.892146,0,25152.000000,2096.000000,200,20960.000000,0.000000,,
1732471160403,00002,26147.892146,0,25152.000000,2096.000000,200,20960.000000,33898.797686,,
1732471160403,00007,26147.892146,0,25152.000000,2096.000000,200,20960.000000,25026.257850,,
1732471160403,00008,26147.892146,0,25152.000000,2096.000000,200,20960.000000,24660.638775,,
1732471160403,00005,26147.892146,0,25152.000000,2096.000000,200,20960.000000,32259.186157,,
1732471160403,00011,26147.892146,0,25152.000000,2096.000000,200,20960.000000,35306.968343,,
1732471160403,00012,26147.892146,0,25152.000000,2096.000000,200,20960.000000,0.000000,,
1732471160403,00010,26147.892146,0,25152.000000,2096.000000,200,20960.000000,32099.032710,,
1732471160403,00006,26147.892146,0,25152.000000,2096.000000,200,20960.000000,33599.484644,,
1732471160503,00003,26836.775583,0,25152.000000,2096.000000,200,20960.000000,34578.048793,,
1732471160503,00001,26836.775583,0,25152.000000,2096.000000,200,20960.000000,33562.556605,,
1732471160503,00004,26836.775583,0,25152.000000,2096.000000,200,20960.000000,31335.870334,,
1732471160503,00009,26836.775583,0,25152.000000,2096.000000,200,20960.000000,0.000000,,
1732471160503,00002,26836.775583,0,25152.000000,2096.000000,200,20960.000000,34807.029827,,
1732471160503,00007,26836.775583,0,25152.000000,2096.000000,200,20960.000000,25669.329216,,
1732471160503,00008,26836.775583,0,25152.000000,2096.000000,200,20960.000000,25273.001795,,
1732471160503,00005,26836.775583,0,25152.000000,2096.000000,200,20960.000000,33046.239914,,
1732471160503,00011,26836.775583,0,25152.000000,2096.000000,200,20960.000000,36103.995944,,
1732471160503,00012,26836.775583,0,25152.000000,2096.000000,200,20960.000000,0.000000,,
1732471160503,00010,26836.775583,0,25152.000000,2096.000000,200,20960.000000,33160.194369,,
1732471160503,00006,26836.775583,0,25152.000000,2096.000000,200,20960.000000,34505.040200,,
1732471160603,00003,27496.465312,0,25152.000000,2096.000000,200,20960.000000,35624.715460,,
1732471160603,00001,27496.465312,0,25152.000000,2096.000000,200,20960.000000,34435.237060,,
1732471160603,00004,27496.465312,0,25152.000000,2096.000000,200,20960.000000,32121.297797,,
1732471160603,00009,27496.465312,0,25152.000000,2096.000000,200,20960.000000,0.000000,,
1732471160603,00002,27496.465312,0,25152.000000,2096.000000,200,20960.000000,35722.014206,,
1732471160603,00007,27496.465312,0,25152.000000,2096.000000,200,20960.000000,26254.734552,,
1732471160603,00008,27496.465312,0,25152.000000,2096.000000,200,20960.000000,25912.289436,,
1732471160603,00005,27496.465312,0,25152.000000,2096.000000,200,20960.000000,33847.368549,,
1732471160603,00011,27496.465312,0,25152.000000,2096.000000,200,20960.000000,36700.254065,,
1732471160603,00012,27496.465312,0,25152.000000,2096.000000,200,20960.000000,0.000000,,
1732471160603,00010,27496.465312,0,25152.000000,2096.000000,200,20960.000000,33927.132420,,
1732471160603,00006,27496.465312,0,25152.000000,2096.000000,200,20960.000000,35412.540200,,
1732471160703,00003,28136.190783,0,25152.000000,2096.000000,200,20960.000000,36557.394033,,
1732471160703,00001,28136.190783,0,25152.000000,2096.000000,200,20960.000000,35151.237060,,
1732471160703,00004,28136.190783,0,25152.000000,2096.000000,200,20960.000000,32904.970102,,
1732471160703,00009,28136.190783,0,25152.000000,2096.000000,200,20960.000000,0.000000,,
1732471160703,00002,28136.190783,0,25152.000000,2096.000000,200,20960.000000,36454.652729,,
1732471160703,00007,28136.190783,0,25152.000000,2096.000000,200,20960.000000,26859.122809,,
1732471160703,00008,28136.190783,0,25152.000000,2096.000000,200,20960.000000,26492.147896,,
1732471160703,00005,28136.190783,0,25152.000000,2096.000000,200,20960.000000,34551.360526,,
1732471160703,00011,28136.190783,0,25152.000000,2096.000000,200,20960.000000,37763.833605,,
1732471160703,00012,28136.190783,0,25152.000000,2096.000000,200,20960.000000,0.000000,,
1732471160703,00010,28136.190783,0,25152.000000,2096.000000,200,20960.000000,34731.232119,,
1732471160703,00006,28136.190783,0,25152.000000,2096.000000,200,20960.000000,36168.338520,,
1732471160803,00003,28817.774188,0,25152.000000,2096.000000,200,20960.000000,37427.334513,,
1732471160803,00001,28817.774188,0,25152.000000,2096.000000,200,20960.000000,36071.304519,,
1732471160803,00004,28817.774188,0,25152.000000,2096.000000,200,20960.000000,33676.375165,,
1732471160803,00009,28817.774188,0,25152.000000,2096.000000,200,20960.000000,0.000000,,
1732471160803,00002,28817.774188,0,25152.000000,2096.000000,200,20960.000000,37347.022177,,
1732471160803,00007,28817.774188,0,25152.000000,2096.000000,200,20960.000000,27506.598549,,
1732471160803,00008,28817.774188,0,25152.000000,2096.000000,200,20960.000000,27097.297275,,
1732471160803,00005,28817.774188,0,25152.000000,2096.000000,200,20960.000000,35361.970647,,
1732471160803,00011,28817.774188,0,25152.000000,2096.000000,200,20960.000000,38645.837848,,
1732471160803,00012,28817.774188,0,25152.000000,2096.000000,200,20960.000000,0.000000,,
1732471160803,00010,28817.774188,0,25152.000000,2096.000000,200,20960.000000,35621.562934,,
1732471160803,00006,28817.774188,0,25152.000000,2096.000000,200,20960.000000,37057.986631,,
1732471160903,00003,26298.375846,0,25152.000000,2096.000000,200,20960.000000,0.000000,,
1732471160903,00001,26298.375846,0,25152.000000,2096.000000,200,20960.000000,36857.170089,,
1732471160903,00004,26298.375846,0,25152.000000,2096.000000,200,20960.000000,34484.517782,,
1732471160903,00009,26298.375846,0,25152.000000,2096.000000,200,20960.000000,0.000000,,
1732471160903,00002,26298.375846,0,25152.000000,2096.000000,200,20960.000000,38180.561512,,
1732471160903,00007,26298.375846,0,25152.000000,2096.000000,200,20960.000000,28211.897082,,
1732471160903,00008,26298.375846,0,25152.000000,2096.000000,200,20960.000000,27721.120248,,
1732471160903,00005,26298.375846,0,25152.000000,2096.000000,200,20960.000000,36190.522613,,
1732471160903,00011,26298.375846,0,25152.000000,2096.000000,200,20960.000000,39673.260010,,
1732471160903,00012,26298.375846,0,25152.000000,2096.000000,200,20960.000000,0.000000,,
1732471160903,00010,26298.375846,0,25152.000000,2096.000000,200,20960.000000,36426.321404,,
1732471160903,00006,26298.375846,0,25152.000000,2096.000000,200,20960.000000,37835.139412,,
1732471161003,00003,26905.813680,0,25152.000000,2096.000000,200,20960.000000,0.000000,,
1732471161003,00001,26905.813680,0,25152.000000,2096.000000,200,20960.000000,37438.129910,,
1732471161003,00004,26905.813680,0,25152.000000,2096.000000,200,20960.000000,35345.686804,,
1732471161003,00009,26905.813680,0,25152.000000,2096.000000,200,20960.000000,0.000000,,
1732471161003,00002,26905.813680,0,25152.000000,2096.000000,200,20960.000000,39113.021715,,
1732471161003,00007,26905.813680,0,25152.000000,2096.000000,200,20960.000000,28884.384729,,
1732471161003,00008,26905.813680,0,25152.000000,2096.000000,200,20960.000000,28362.530831,,
1732471161003,00005,26905.813680,0,25152.000000,2096.000000,200,20960.000000,36925.549771,,
1732471161003,00011,26905.813680,0,25152.000000,2096.000000,200,20960.000000,40615.760012,,
1732471161003,00012,26905.813680,0,25152.000000,2096.000000,200,20960.000000,0.000000,,
1732471161003,00010,26905.813680,0,25152.000000,2096.000000,200,20960.000000,37355.168428,,
1732471161003,00006,26905.813680,0,25152.000000,2096.000000,200,20960.000000,38829.531961,,
1732471161103,00003,30849.267347,0,25152.000000,2096.000000,200,20960.000000,39693.001180,,
1732471161103,00001,30849.267347,0,25152.000000,2096.000000,200,20960.000000,38629.826345,,
1732471161103,00004,30849.267347,0,25152.000000,2096.000000,200,20960.000000,36159.520510,,
1732471161103,00009,30849.267347,0,25152.000000,2096.000000,200,20960.000000,0.000000,,
1732471161103,00002,30849.267347,0,25152.000000,2096.000000,200,20960.000000,39939.011975,,
1732471161103,00007,30849.267347,0,25152.000000,2096.000000,200,20960.000000,29561.324045,,
1732471161103,00008,30849.267347,0,25152.000000,2096.000000,200,20960.000000,29097.924762,,
1732471161103,00005,30849.267347,0,25152.000000,2096.000000,200,20960.000000,37710.924017,,
1732471161103,00011,30849.267347,0,25152.000000,2096.000000,200,20960.000000,41596.652867,,
1732471161103,00012,30849.267347,0,25152.000000,2096.000000,200,20960.000000,0.000000,,
1732471161103,00010,30849.267347,0,25152.000000,2096.000000,200,20960.000000,38169.876205,,
1732471161103,00006,30849.267347,0,25152.000000,2096.000000,200,20960.000000,39633.146262,,
1732471161203,00003,31453.022798,0,25152.000000,2096.000000,200,20960.000000,40294.001180,,
1732471161203,00001,31453.022798,0,25152.000000,2096.000000,200,20960.000000,39465.068693,,
1732471161203,00004,31453.022798,0,25152.000000,2096.000000,200,20960.000000,36977.748878,,
1732471161203,00009,31453.022798,0,25152.000000,2096.000000,200,20960.000000,0.000000,,
1732471161203,00002,31453.022798,0,25152.000000,2096.000000,200,20960.000000,40883.337371,,
1732471161203,00007,31453.022798,0,25152.000000,2096.000000,200,20960.000000,30109.560353,,
1732471161203,00008,31453.022798,0,25152.000000,2096.000000,200,20960.000000,29678.644203,,
1732471161203,00005,31453.022798,0,25152.000000,2096.000000,200,20960.000000,38665.042498,,
1732471161203,00011,31453.022798,0,25152.000000,2096.000000,200,20960.000000,41913.914780,,
1732471161203,00012,31453.022798,0,25152.000000,2096.000000,200,20960.000000,0.000000,,
1732471161203,00010,31453.022798,0,25152.000000,2096.000000,200,20960.000000,38957.876466,,
1732471161203,00006,31453.022798,0,25152.000000,2096.000000,200,20960.000000,40491.079158,,
