timestamp,ueImsiComplete,plmId,nrCellId,dlAvailablePrbs,ulAvailablePrbs,qci,dlPrbUsage,ulPrbUsage,TB.TotNbrDl.1,TB.TotNbrDlInitial,TB.TotNbrDlInitial.Qpsk,TB.TotNbrDlInitial.16Qam,TB.TotNbrDlInitial.64Qam,RRU.PrbUsedDl,TB.ErrTotalNbrDl.1,QosFlow.PdcpPduVolumeDL_Filter,CARR.PDSCHMCSDist.Bin1,CARR.PDSCHMCSDist.Bin2,CARR.PDSCHMCSDist.Bin3,CARR.PDSCHMCSDist.Bin4,CARR.PDSCHMCSDist.Bin5,CARR.PDSCHMCSDist.Bin6,L1M.RS-SINR.Bin34,L1M.RS-SINR.Bin46, L1M.RS-SINR.Bin58,L1M.RS-SINR.Bin70,L1M.RS-SINR.Bin82,L1M.RS-SINR.Bin94,L1M.RS-SINR.Bin127,DRB.BufferSize.Qos,DRB.MeanActiveUeDl,TB.TotNbrDl.1.UEID,TB.TotNbrDlInitial.UEID,TB.TotNbrDlInitial.Qpsk.UEID,TB.TotNbrDlInitial.16Qam.UEID,TB.TotNbrDlInitial.64Qam.UEID,TB.ErrTotalNbrDl.1.UEID,QosFlow.PdcpPduVolumeDL_Filter.UEID,RRU.PrbUsedDl.UEID,CARR.PDSCHMCSDist.Bin1.UEID,CARR.PDSCHMCSDist.Bin2.UEID,CARR.PDSCHMCSDist.Bin3.UEID,CARR.PDSCHMCSDist.Bin4.UEID,CARR.PDSCHMCSDist.Bin5.UEID,CARR.PDSCHMCSDist.Bin6.UEID,L1M.RS-SINR.Bin34.UEID, L1M.RS-SINR.Bin46.UEID,L1M.RS-SINR.Bin58.UEID,L1M.RS-SINR.Bin70.UEID,L1M.RS-SINR.Bin82.UEID,L1M.RS-SINR.Bin94.UEID,L1M.RS-SINR.Bin127.UEID,DRB.BufferSize.Qos.UEID,DRB.UEThpDl.UEID, DRB.UEThpDlPdcpBased.UEID
1732471156403,00004,111,3,139,139,1,0,0,0,0,0,0,0,0,0,0,0,0,0,0,0,0,0,0,0,0,0,0,0,0,5,0,0,0,0,0,0,0,0.000000,0,0,0,0,0,0,0,0,0,0,0,0,0,0,0.000000,0.000000
1732471156403,00005,111,3,139,139,1,0,0,0,0,0,0,0,0,0,0,0,0,0,0,0,0,0,0,0,0,0,0,0,0,5,0,0,0,0,0,0,0,0.000000,0,0,0,0,0,0,0,0,0,0,0,0,0,0,0.000000,0.000000
1732471156403,00007,111,3,139,139,1,0,0,0,0,0,0,0,0,0,0,0,0,0,0,0,0,0,0,0,0,0,0,0,0,5,0,0,0,0,0,0,0,0.000000,0,0,0,0,0,0,0,0,0,0,0,0,0,0,0.000000,0.000000
1732471156403,00010,111,3,139,139,1,0,0,0,0,0,0,0,0,0,0,0,0,0,0,0,0,0,0,0,0,0,0,0,0,5,0,0,0,0,0,0,0,0.000000,0,0,0,0,0,0,0,0,0,0,0,0,0,0,0.000000,0.000000
1732471156403,00011,111,3,139,139,1,0,0,0,0,0,0,0,0,0,0,0,0,0,0,0,0,0,0,0,0,0,0,0,0,5,0,0,0,0,0,0,0,0.000000,0,0,0,0,0,0,0,0,0,0,0,0,0,0,0.000000,0.000000
1732471156503,00004,111,3,139,139,1,72,0,2012,1435,546,625,841,101,577,392230,15,531,321,357,557,231,0,0,1050,390,463,48,61,920815,5,385,300,3,255,127,85,89938,19.981250,3,0,0,255,127,0,0,0,0,330,55,0,0,171424,1836.000000,4716.000000
1732471156503,00005,111,3,139,139,1,72,0,2012,1435,546,625,841,101,577,392230,15,531,321,357,557,231,0,0,1050,390,463,48,61,920815,5,429,288,3,295,131,141,73073,21.991786,3,0,295,0,77,54,0,0,356,1,45,27,0,191202,1060.000000,1676.000000
1732471156503,00007,111,3,139,139,1,72,0,2012,1435,546,625,841,101,577,392230,15,531,321,357,557,231,0,0,1050,390,463,48,61,920815,5,381,295,3,0,378,86,126592,20.204643,3,0,0,0,242,136,0,0,0,1,319,0,61,145617,2639.000000,6183.000000
1732471156503,00010,111,3,139,139,1,72,0,2012,1435,546,625,841,101,577,392230,15,531,321,357,557,231,0,0,1050,390,463,48,61,920815,5,405,272,253,0,152,133,66646,21.247143,3,250,0,0,111,41,0,0,340,0,44,21,0,198893,884.000000,1048.000000
1732471156503,00011,111,3,139,139,1,72,0,2012,1435,546,625,841,101,577,392230,15,531,321,357,557,231,0,0,1050,390,463,48,61,920815,5,412,280,284,75,53,132,35981,20.874821,3,281,26,102,0,0,0,0,354,58,0,0,0,213679,484.000000,314.000000
1732471156603,00004,111,3,139,139,1,83,0,2267,1657,328,986,953,116,610,460542,0,328,643,695,361,240,0,0,809,1180,142,58,78,1944162,5,435,343,0,298,137,92,99998,22.835714,0,0,0,298,137,0,0,0,0,369,66,0,0,362886,1864.000000,5554.000000
1732471156603,00005,111,3,139,139,1,83,0,2267,1657,328,986,953,116,610,460542,0,328,643,695,361,240,0,0,809,1180,142,58,78,1944162,5,453,336,0,289,164,117,105504,23.903036,0,0,289,0,91,73,0,0,0,384,41,28,0,390315,1359.000000,4611.000000
1732471156603,00007,111,3,139,139,1,83,0,2267,1657,328,986,953,116,610,460542,0,328,643,695,361,240,0,0,809,1180,142,58,78,1944162,5,445,337,0,0,445,108,132325,23.034286,0,0,0,272,6,167,0,0,0,367,0,0,78,322175,2411.000000,7231.000000
1732471156603,00010,111,3,139,139,1,83,0,2267,1657,328,986,953,116,610,460542,0,328,643,695,361,240,0,0,809,1180,142,58,78,1944162,5,459,319,4,328,127,140,71628,24.399464,0,4,328,0,127,0,0,0,394,0,35,30,0,420305,948.000000,1571.000000
1732471156603,00011,111,3,139,139,1,83,0,2267,1657,328,986,953,116,610,460542,0,328,643,695,361,240,0,0,809,1180,142,58,78,1944162,5,475,322,324,71,80,153,51087,24.771786,0,324,26,125,0,0,0,0,415,60,0,0,0,448481,599.000000,1152.000000
1732471156703,00004,111,3,139,139,1,83,0,2260,1695,335,983,942,116,565,454472,0,335,619,682,422,202,0,0,412,1554,204,25,65,2970355,5,441,345,0,299,142,96,99929,23.282500,0,0,0,299,142,0,0,0,0,376,65,0,0,554490,1863.000000,5240.000000
1732471156703,00005,111,3,139,139,1,83,0,2260,1695,335,983,942,116,565,454472,0,335,619,682,422,202,0,0,412,1554,204,25,65,2970355,5,434,348,0,319,115,86,80571,22.885357,0,0,319,0,68,47,0,0,0,368,41,25,0,601533,1351.000000,3563.000000
1732471156703,00007,111,3,139,139,1,83,0,2260,1695,335,983,942,116,565,454472,0,335,619,682,422,202,0,0,412,1554,204,25,65,2970355,5,470,333,0,0,470,137,139429,24.995179,0,0,0,315,0,155,0,0,0,404,1,0,65,498887,2319.000000,6078.000000
1732471156703,00010,111,3,139,139,1,83,0,2260,1695,335,983,942,116,565,454472,0,335,619,682,422,202,0,0,412,1554,204,25,65,2970355,5,446,343,0,300,146,103,80170,23.158393,0,0,300,0,146,0,0,0,1,374,71,0,0,633389,1063.000000,3877.000000
1732471156703,00011,111,3,139,139,1,83,0,2260,1695,335,983,942,116,565,454472,0,335,619,682,422,202,0,0,412,1554,204,25,65,2970355,5,469,326,335,65,69,143,54373,24.697321,0,335,0,68,66,0,0,0,411,32,26,0,0,682056,641.000000,1048.000000
1732471156803,00004,111,3,139,139,1,83,0,2273,1622,328,946,999,116,651,465391,0,328,903,156,585,301,0,0,796,801,539,63,74,4004129,5,451,324,0,276,175,127,91480,23.853393,0,0,273,42,136,0,0,0,0,368,83,0,0,760385,1771.000000,4087.000000
1732471156803,00005,111,3,139,139,1,83,0,2273,1622,328,946,999,116,651,465391,0,328,903,156,585,301,0,0,796,801,539,63,74,4004129,5,455,328,0,267,188,127,111304,23.828571,0,0,267,0,104,84,0,0,1,370,51,33,0,800942,1426.000000,4820.000000
1732471156803,00007,111,3,139,139,1,83,0,2273,1622,328,946,999,116,651,465391,0,328,903,156,585,301,0,0,796,801,539,63,74,4004129,5,441,330,0,0,441,111,144318,22.810893,0,0,0,2,277,162,0,0,0,0,367,0,74,665270,2373.000000,7126.000000
1732471156803,00010,111,3,139,139,1,83,0,2273,1622,328,946,999,116,651,465391,0,328,903,156,585,301,0,0,796,801,539,63,74,4004129,5,456,322,0,333,123,134,76136,24.126429,0,0,333,0,68,55,0,0,388,0,38,30,0,853820,1054.000000,2724.000000
1732471156803,00011,111,3,139,139,1,83,0,2273,1622,328,946,999,116,651,465391,0,328,903,156,585,301,0,0,796,801,539,63,74,4004129,5,470,318,328,70,72,152,42153,24.325000,0,328,30,112,0,0,0,0,407,63,0,0,0,923712,604.000000,838.000000
1732471156903,00004,111,3,139,139,1,83,0,2322,1636,659,734,929,116,686,421997,0,659,647,136,660,220,0,0,1247,407,551,38,79,5059845,5,439,345,0,291,148,94,82694,22.364107,0,0,291,28,120,0,0,0,0,365,74,0,0,966062,1713.000000,4296.000000
1732471156903,00005,111,3,139,139,1,83,0,2322,1636,659,734,929,116,686,421997,0,659,647,136,660,220,0,0,1247,407,551,38,79,5059845,5,484,307,0,350,134,177,82810,24.846250,0,0,350,0,61,73,0,0,417,0,29,38,0,1021472,1332.000000,1152.000000
1732471156903,00007,111,3,139,139,1,83,0,2322,1636,659,734,929,116,686,421997,0,659,647,136,660,220,0,0,1247,407,551,38,79,5059845,5,434,342,0,0,434,92,135883,21.867679,0,0,0,0,287,147,0,0,0,0,355,0,79,830964,2410.000000,7650.000000
1732471156903,00010,111,3,139,139,1,83,0,2322,1636,659,734,929,116,686,421997,0,659,647,136,660,220,0,0,1247,407,551,38,79,5059845,5,481,323,329,6,146,158,62729,24.300179,0,329,6,21,125,0,0,0,414,0,67,0,0,1084969,993.000000,524.000000
1732471156903,00011,111,3,139,139,1,83,0,2322,1636,659,734,929,116,686,421997,0,659,647,136,660,220,0,0,1247,407,551,38,79,5059845,5,484,319,330,87,67,165,57881,25.417143,0,330,0,87,67,0,0,0,416,42,26,0,0,1156378,629.000000,628.000000
1732471157003,00004,111,3,139,139,1,83,0,2256,1672,643,692,921,116,584,423115,0,643,606,501,235,271,0,0,810,793,527,58,68,6113309,5,443,346,0,290,153,97,83807,22.860536,0,0,290,53,100,0,0,0,0,381,62,0,0,1171303,1677.000000,4611.000000
1732471157003,00005,111,3,139,139,1,83,0,2256,1672,643,692,921,116,584,423115,0,643,606,501,235,271,0,0,810,793,527,58,68,6113309,5,458,326,326,1,131,132,65778,23.778929,0,326,1,0,63,68,0,0,397,0,31,30,0,1249285,1238.000000,1048.000000
1732471157003,00007,111,3,139,139,1,83,0,2256,1672,643,692,921,116,584,423115,0,643,606,501,235,271,0,0,810,793,527,58,68,6113309,5,443,344,0,0,443,99,132938,23.555536,0,0,0,291,4,148,0,0,0,0,375,0,68,1005991,2386.000000,6707.000000
1732471157003,00010,111,3,139,139,1,83,0,2256,1672,643,692,921,116,584,423115,0,643,606,501,235,271,0,0,810,793,527,58,68,6113309,5,441,343,3,315,123,98,85849,23.406607,0,3,315,0,68,55,0,0,0,377,36,28,0,1295882,1047.000000,3772.000000
1732471157003,00011,111,3,139,139,1,83,0,2256,1672,643,692,921,116,584,423115,0,643,606,501,235,271,0,0,810,793,527,58,68,6113309,5,471,313,314,86,71,158,54743,25.293036,0,314,0,157,0,0,0,0,413,35,23,0,0,1390848,646.000000,1257.000000
1732471157103,00004,111,3,139,139,1,83,0,2199,1772,361,1036,802,116,427,442401,0,361,705,373,567,193,0,0,817,798,502,35,47,7114186,5,429,358,0,321,108,71,97224,22.959821,0,0,3,318,108,0,0,0,1,382,46,0,0,1359512,1718.000000,5868.000000
1732471157103,00005,111,3,139,139,1,83,0,2199,1772,361,1036,802,116,427,442401,0,361,705,373,567,193,0,0,817,798,502,35,47,7114186,5,432,360,2,330,100,72,77111,23.406607,0,2,330,0,65,35,0,0,1,386,29,16,0,1460097,1254.000000,3877.000000
1732471157103,00007,111,3,139,139,1,83,0,2199,1772,361,1036,802,116,427,442401,0,361,705,373,567,193,0,0,817,798,502,35,47,7114186,5,429,360,0,0,429,69,136140,23.232857,0,0,0,1,325,103,0,0,0,0,382,0,47,1163925,2441.000000,8384.000000
1732471157103,00010,111,3,139,139,1,83,0,2199,1772,361,1036,802,116,427,442401,0,361,705,373,567,193,0,0,817,798,502,35,47,7114186,5,456,347,0,332,124,109,88259,24.697321,0,0,332,0,69,55,0,0,409,0,28,19,0,1505713,1091.000000,3877.000000
1732471157103,00011,111,3,139,139,1,83,0,2199,1772,361,1036,802,116,427,442401,0,361,705,373,567,193,0,0,817,798,502,35,47,7114186,5,453,347,359,53,41,106,43667,24.771786,0,359,40,54,0,0,0,0,406,30,17,0,0,1624939,656.000000,1048.000000
1732471157203,00004,111,3,139,139,1,84,0,2122,1863,745,771,606,117,259,308863,0,745,724,448,127,78,0,0,1212,809,60,12,29,8185440,5,426,374,0,390,36,52,50915,24.027143,0,0,371,34,21,0,0,0,401,14,11,0,0,1582366,1631.000000,2724.000000
1732471157203,00005,111,3,139,139,1,84,0,2122,1863,745,771,606,117,259,308863,0,745,724,448,127,78,0,0,1212,809,60,12,29,8185440,5,426,369,367,6,53,57,45113,24.051964,0,367,6,0,32,21,0,0,399,0,15,12,0,1690851,1200.000000,1886.000000
1732471157203,00007,111,3,139,139,1,84,0,2122,1863,745,771,606,117,259,308863,0,745,724,448,127,78,0,0,1212,809,60,12,29,8185440,5,410,381,0,0,410,29,106533,22.860536,0,0,0,353,4,53,0,0,0,381,0,0,29,1334651,2438.000000,7021.000000
1732471157203,00010,111,3,139,139,1,84,0,2122,1863,745,771,606,117,259,308863,0,745,724,448,127,78,0,0,1212,809,60,12,29,8185440,5,430,371,374,4,52,59,44290,24.250536,0,374,4,21,27,4,0,0,411,0,19,0,0,1738220,1050.000000,1991.000000
1732471157203,00011,111,3,139,139,1,84,0,2122,1863,745,771,606,117,259,308863,0,745,724,448,127,78,0,0,1212,809,60,12,29,8185440,5,430,368,4,371,55,62,62012,23.828571,0,4,343,40,43,0,0,0,1,414,15,0,0,1839352,730.000000,3877.000000
1732471157303,00004,111,3,139,139,1,84,0,2278,1717,1011,99,1168,117,561,421311,0,1011,50,170,900,147,0,0,1211,68,907,21,71,9215696,5,444,348,0,2,442,96,127730,23.381786,0,0,2,0,442,0,0,0,0,0,444,0,0,1749859,2323.000000,104.000000
1732471157303,00005,111,3,139,139,1,84,0,2278,1717,1011,99,1168,117,561,421311,0,1011,50,170,900,147,0,0,1211,68,907,21,71,9215696,5,453,352,355,0,98,101,52359,23.232857,0,355,0,0,98,0,0,0,411,0,21,21,0,1922631,622.000000,0.000000
1732471157303,00007,111,3,139,139,1,84,0,2278,1717,1011,99,1168,117,561,421311,0,1011,50,170,900,147,0,0,1211,68,907,21,71,9215696,5,449,352,0,0,449,97,142693,23.183214,0,0,0,2,300,147,0,0,0,0,378,0,71,1495119,1007.000000,0.000000
1732471157303,00010,111,3,139,139,1,84,0,2278,1717,1011,99,1168,117,561,421311,0,1011,50,170,900,147,0,0,1211,68,907,21,71,9215696,5,459,335,345,0,114,124,46673,24.151250,0,345,0,54,60,0,0,0,395,0,64,0,0,1974586,0.000000,0.000000
1732471157303,00011,111,3,139,139,1,84,0,2278,1717,1011,99,1168,117,561,421311,0,1011,50,170,900,147,0,0,1211,68,907,21,71,9215696,5,473,330,311,97,65,143,51856,24.846250,0,311,48,114,0,0,0,0,405,68,0,0,0,2073501,609.000000,0.000000
1732471157403,00004,111,3,139,139,1,83,0,2282,1666,341,1045,896,116,616,474983,0,341,689,432,620,200,0,0,818,806,563,33,62,10220366,5,458,339,0,322,136,119,103884,23.654821,0,0,0,322,136,0,0,0,0,392,66,0,0,1943173,1741.000000,4716.000000
1732471157403,00005,111,3,139,139,1,83,0,2282,1666,341,1045,896,116,616,474983,0,341,689,432,620,200,0,0,818,806,563,33,62,10220366,5,444,340,1,310,133,104,95909,23.034286,0,1,310,0,64,69,0,0,0,380,31,33,0,2123939,1577.000000,4192.000000
1732471157403,00007,111,3,139,139,1,83,0,2282,1666,341,1045,896,116,616,474983,0,341,689,432,620,200,0,0,818,806,563,33,62,10220366,5,439,336,0,0,439,103,152900,22.686786,0,0,0,0,308,131,0,0,0,0,377,0,62,1648170,2816.000000,8174.000000
1732471157403,00010,111,3,139,139,1,83,0,2282,1666,341,1045,896,116,616,474983,0,341,689,432,620,200,0,0,818,806,563,33,62,10220366,5,468,321,2,350,116,147,72354,24.945536,0,2,350,4,112,0,0,0,409,0,59,0,0,2197022,965.000000,1886.000000
1732471157403,00011,111,3,139,139,1,83,0,2282,1666,341,1045,896,116,616,474983,0,341,689,432,620,200,0,0,818,806,563,33,62,10220366,5,473,330,338,63,72,143,49936,24.647679,0,338,29,106,0,0,0,0,409,34,30,0,0,2308062,675.000000,943.000000
1732471157503,00004,111,3,139,139,1,83,0,2214,1742,4,1349,861,116,472,464150,0,4,961,459,610,180,0,0,412,821,870,62,49,11210834,5,441,349,0,307,134,92,74139,23.853393,0,0,304,53,84,0,0,0,0,408,33,0,0,2157037,1524.000000,3877.000000
1732471157503,00005,111,3,139,139,1,83,0,2214,1742,4,1349,861,116,472,464150,0,4,961,459,610,180,0,0,412,821,870,62,49,11210834,5,461,336,0,350,111,125,77198,24.796607,0,0,350,0,109,2,0,0,412,0,30,19,0,2338617,1357.000000,3248.000000
1732471157503,00007,111,3,139,139,1,83,0,2214,1742,4,1349,861,116,472,464150,0,4,961,459,610,180,0,0,412,821,870,62,49,11210834,5,430,356,0,0,430,74,135593,23.158393,0,0,0,0,329,101,0,0,0,0,381,0,49,1807315,2769.000000,8279.000000
1732471157503,00010,111,3,139,139,1,83,0,2214,1742,4,1349,861,116,472,464150,0,4,961,459,610,180,0,0,412,821,870,62,49,11210834,5,446,353,0,334,112,93,110820,23.778929,0,0,2,332,35,77,0,0,0,0,403,43,0,2383342,1473.000000,5344.000000
1732471157503,00011,111,3,139,139,1,83,0,2214,1742,4,1349,861,116,472,464150,0,4,961,459,610,180,0,0,412,821,870,62,49,11210834,5,436,348,4,358,74,88,66400,23.530714,0,4,305,74,53,0,0,0,0,413,23,0,0,2524523,928.000000,3563.000000
1732471157603,00004,111,3,139,139,1,84,0,2273,1662,626,682,965,117,611,475247,0,626,295,496,597,259,0,0,421,1170,576,25,81,12228739,5,442,342,0,288,154,100,101392,22.984643,0,0,2,286,154,0,0,0,0,373,69,0,0,2349874,1624.000000,5344.000000
1732471157603,00005,111,3,139,139,1,84,0,2273,1662,626,682,965,117,611,475247,0,626,295,496,597,259,0,0,421,1170,576,25,81,12228739,5,426,340,0,286,140,86,93423,22.314464,0,0,286,0,79,61,0,0,0,360,41,25,0,2539714,1444.000000,4820.000000
1732471157603,00007,111,3,139,139,1,84,0,2273,1662,626,682,965,117,611,475247,0,626,295,496,597,259,0,0,421,1170,576,25,81,12228739,5,455,329,0,0,455,126,159918,24.374643,0,0,0,0,257,198,0,0,0,0,374,0,81,1968618,2740.000000,8069.000000
1732471157603,00010,111,3,139,139,1,84,0,2273,1662,626,682,965,117,611,475247,0,626,295,496,597,259,0,0,421,1170,576,25,81,12228739,5,489,319,324,9,156,170,68237,25.243393,0,324,0,58,107,0,0,0,421,0,68,0,0,2612315,1237.000000,1257.000000
1732471157603,00011,111,3,139,139,1,84,0,2273,1662,626,682,965,117,611,475247,0,626,295,496,597,259,0,0,421,1170,576,25,81,12228739,5,461,332,302,99,60,129,52277,24.002321,0,302,7,152,0,0,0,0,0,437,24,0,0,2758218,873.000000,1571.000000
1732471157703,00004,111,3,139,139,1,83,0,2287,1635,963,373,951,116,652,379048,0,963,319,554,303,148,0,0,1201,424,564,25,73,13318023,5,436,339,0,291,145,97,67697,22.637143,0,0,288,81,67,0,0,0,0,384,52,0,0,2567971,1519.000000,3563.000000
1732471157703,00005,111,3,139,139,1,83,0,2287,1635,963,373,951,116,652,379048,0,963,319,554,303,148,0,0,1201,424,564,25,73,13318023,5,481,313,327,2,152,168,70300,25.789464,0,327,2,46,102,4,0,0,404,0,52,25,0,2768140,1285.000000,1257.000000
1732471157703,00007,111,3,139,139,1,83,0,2287,1635,963,373,951,116,652,379048,0,963,319,554,303,148,0,0,1201,424,564,25,73,13318023,5,442,345,0,0,442,97,122335,22.289643,0,0,0,296,2,144,0,0,0,0,369,0,73,2147330,2588.000000,5973.000000
1732471157703,00010,111,3,139,139,1,83,0,2287,1635,963,373,951,116,652,379048,0,963,319,554,303,148,0,0,1201,424,564,25,73,13318023,5,465,323,333,0,132,142,67005,23.927857,0,333,0,0,132,0,0,0,406,0,59,0,0,2841199,1118.000000,1152.000000
1732471157703,00011,111,3,139,139,1,83,0,2287,1635,963,373,951,116,652,379048,0,963,319,554,303,148,0,0,1201,424,564,25,73,13318023,5,463,315,303,80,80,148,51711,24.250536,0,303,29,131,0,0,0,0,391,40,32,0,0,2993383,837.000000,1467.000000
1732471157803,00004,111,3,139,139,1,84,0,2279,1668,328,1040,911,117,611,442859,0,328,661,690,352,248,0,0,817,1173,131,82,76,14351105,5,449,335,0,287,162,114,106242,23.257679,0,0,1,291,157,0,0,0,0,380,35,34,0,2759879,1584.000000,5240.000000
1732471157803,00005,111,3,139,139,1,84,0,2279,1668,328,1040,911,117,611,442859,0,328,661,690,352,248,0,0,817,1173,131,82,76,14351105,5,461,337,4,351,106,124,67865,24.002321,0,4,351,0,65,41,0,0,404,0,35,22,0,2988416,1226.000000,1571.000000
1732471157803,00007,111,3,139,139,1,84,0,2279,1668,328,1040,911,117,611,442859,0,328,661,690,352,248,0,0,817,1173,131,82,76,14351105,5,457,345,0,0,457,112,131158,23.630000,0,0,0,306,0,151,0,0,0,381,0,0,76,2323198,2495.000000,6812.000000
1732471157803,00010,111,3,139,139,1,84,0,2279,1668,328,1040,911,117,611,442859,0,328,661,690,352,248,0,0,817,1173,131,82,76,14351105,5,440,340,2,309,129,100,82497,23.158393,0,2,309,0,73,56,0,0,2,374,38,26,0,3052720,1156.000000,3563.000000
1732471157803,00011,111,3,139,139,1,84,0,2279,1668,328,1040,911,117,611,442859,0,328,661,690,352,248,0,0,817,1173,131,82,76,14351105,5,472,311,322,93,57,161,55097,24.895893,0,322,0,93,57,0,0,0,411,38,23,0,0,3226892,813.000000,733.000000
1732471157903,00004,111,3,139,139,1,83,0,2315,1601,634,804,877,116,714,415278,0,634,652,232,543,254,0,0,1229,433,522,34,97,15420896,5,426,337,0,304,122,89,80690,21.569821,0,0,300,4,122,0,0,0,0,358,68,0,0,2967254,1569.000000,4192.000000
1732471157903,00005,111,3,139,139,1,83,0,2315,1601,634,804,877,116,714,415278,0,634,652,232,543,254,0,0,1229,433,522,34,97,15420896,5,492,315,0,318,174,177,87045,25.218571,0,0,318,0,101,73,0,0,417,0,41,34,0,3208434,1189.000000,1886.000000
1732471157903,00007,111,3,139,139,1,83,0,2315,1601,634,804,877,116,714,415278,0,634,652,232,543,254,0,0,1229,433,522,34,97,15420896,5,444,333,0,0,444,111,145587,22.537857,0,0,0,2,264,178,0,0,0,1,346,0,97,2488619,2504.000000,7440.000000
1732471157903,00010,111,3,139,139,1,83,0,2315,1601,634,804,877,116,714,415278,0,634,652,232,543,254,0,0,1229,433,522,34,97,15420896,5,477,316,327,73,77,161,44156,24.250536,0,327,34,113,0,3,0,0,402,35,40,0,0,3294432,1052.000000,0.000000
1732471157903,00011,111,3,139,139,1,83,0,2315,1601,634,804,877,116,714,415278,0,634,652,232,543,254,0,0,1229,433,522,34,97,15420896,5,476,300,307,109,60,176,57800,24.995179,0,307,0,113,56,0,0,0,410,39,27,0,0,3462157,799.000000,1048.000000
1732471158003,00004,111,3,139,139,1,84,0,2317,1644,1008,362,947,117,673,438886,0,1008,12,350,786,161,0,0,1249,401,192,395,80,16458654,5,440,346,0,301,139,94,98059,22.686786,0,0,2,299,139,0,0,0,0,374,66,0,0,3160520,1602.000000,5554.000000
1732471158003,00005,111,3,139,139,1,84,0,2317,1644,1008,362,947,117,673,438886,0,1008,12,350,786,161,0,0,1249,401,192,395,80,16458654,5,495,319,352,7,136,176,64360,25.168929,0,352,7,0,134,2,0,0,426,0,32,37,0,3438112,1123.000000,1152.000000
1732471158003,00007,111,3,139,139,1,84,0,2317,1644,1008,362,947,117,673,438886,0,1008,12,350,786,161,0,0,1249,401,192,395,80,16458654,5,439,340,0,0,439,99,153165,22.339286,0,0,0,0,280,159,0,0,0,0,1,358,80,2640075,2560.000000,8384.000000
1732471158003,00010,111,3,139,139,1,84,0,2317,1644,1008,362,947,117,673,438886,0,1008,12,350,786,161,0,0,1249,401,192,395,80,16458654,5,487,324,328,5,154,163,70532,24.523571,0,328,3,2,154,0,0,0,422,0,65,0,0,3523596,1009.000000,1152.000000
1732471158003,00011,111,3,139,139,1,84,0,2317,1644,1008,362,947,117,673,438886,0,1008,12,350,786,161,0,0,1249,401,192,395,80,16458654,5,456,315,328,49,79,141,52770,24.002321,0,328,0,49,79,0,0,0,401,27,28,0,0,3696351,787.000000,1676.000000
1732471158103,00004,111,3,139,139,1,83,0,2273,1652,655,639,979,116,621,455994,0,655,600,117,614,287,0,0,814,805,513,61,80,17489686,5,433,334,0,285,148,99,87324,22.314464,0,0,281,4,148,0,0,0,0,359,74,0,0,3365755,1593.000000,4401.000000
1732471158103,00005,111,3,139,139,1,83,0,2273,1652,655,639,979,116,621,455994,0,655,600,117,614,287,0,0,814,805,513,61,80,17489686,5,454,325,307,0,147,129,76750,23.630000,0,307,0,0,80,67,0,0,386,0,42,26,0,3661793,1088.000000,943.000000
1732471158103,00007,111,3,139,139,1,83,0,2273,1652,655,639,979,116,621,455994,0,655,600,117,614,287,0,0,814,805,513,61,80,17489686,5,435,335,0,0,435,100,156513,22.860536,0,0,0,0,285,150,0,0,0,0,354,1,80,2790687,2615.000000,8384.000000
1732471158103,00010,111,3,139,139,1,83,0,2273,1652,655,639,979,116,621,455994,0,655,600,117,614,287,0,0,814,805,513,61,80,17489686,5,460,332,4,292,164,128,90986,24.101607,0,4,292,0,94,70,0,0,3,380,43,34,0,3733942,1048.000000,4087.000000
1732471158103,00011,111,3,139,139,1,83,0,2273,1652,655,639,979,116,621,455994,0,655,600,117,614,287,0,0,814,805,513,61,80,17489686,5,491,326,344,62,85,165,44421,25.963214,0,344,27,113,7,0,0,0,425,66,0,0,0,3937509,752.000000,628.000000
1732471158203,00004,111,3,139,139,1,82,0,2267,1667,319,1003,945,115,600,480337,0,319,698,387,616,247,0,0,1187,409,556,56,59,18493104,5,444,334,0,286,158,110,107342,23.605179,0,0,2,284,158,0,0,0,0,379,65,0,0,3557474,1628.000000,5135.000000
1732471158203,00005,111,3,139,139,1,82,0,2267,1667,319,1003,945,115,600,480337,0,319,698,387,616,247,0,0,1187,409,556,56,59,18493104,5,451,330,3,319,129,121,79463,23.803750,0,3,319,0,65,64,0,0,386,0,34,31,0,3879119,1090.000000,2829.000000
1732471158203,00007,111,3,139,139,1,82,0,2267,1667,319,1003,945,115,600,480337,0,319,698,387,616,247,0,0,1187,409,556,56,59,18493104,5,437,344,0,0,437,93,154098,22.885357,0,0,0,0,305,132,0,0,0,0,378,0,59,2939900,2654.000000,9012.000000
1732471158203,00010,111,3,139,139,1,82,0,2267,1667,319,1003,945,115,600,480337,0,319,698,387,616,247,0,0,1187,409,556,56,59,18493104,5,480,336,0,341,139,144,90846,24.771786,0,0,341,0,88,51,0,0,413,1,41,25,0,3944259,1068.000000,3248.000000
1732471158203,00011,111,3,139,139,1,82,0,2267,1667,319,1003,945,115,600,480337,0,319,698,387,616,247,0,0,1187,409,556,56,59,18493104,5,455,323,316,57,82,132,48588,23.927857,0,316,36,103,0,0,0,0,388,29,38,0,0,4172352,743.000000,943.000000
1732471158303,00004,111,3,139,139,1,82,0,2313,1645,325,950,1038,115,668,477988,0,325,604,733,337,314,0,0,789,844,538,65,77,19523780,5,446,337,0,303,143,109,68493,22.810893,0,0,301,76,69,0,0,0,0,390,56,0,0,3775247,1430.000000,0.000000
1732471158303,00005,111,3,139,139,1,82,0,2313,1645,325,950,1038,115,668,477988,0,325,604,733,337,314,0,0,789,844,538,65,77,19523780,5,483,325,0,309,174,158,126808,24.672500,0,0,5,304,77,97,0,0,3,412,33,35,0,4070331,2215.000000,0.000000
1732471158303,00007,111,3,139,139,1,82,0,2313,1645,325,950,1038,115,668,477988,0,325,604,733,337,314,0,0,789,844,538,65,77,19523780,5,448,339,0,0,448,109,132277,22.984643,0,0,0,278,6,164,0,0,0,0,371,0,77,3118402,2660.000000,0.000000
1732471158303,00010,111,3,139,139,1,82,0,2313,1645,325,950,1038,115,668,477988,0,325,604,733,337,314,0,0,789,844,538,65,77,19523780,5,460,329,0,298,162,131,92908,23.778929,0,0,298,0,109,53,0,0,385,0,45,30,0,4155012,1038.000000,0.000000
1732471158303,00011,111,3,139,139,1,82,0,2313,1645,325,950,1038,115,668,477988,0,325,604,733,337,314,0,0,789,844,538,65,77,19523780,5,476,315,325,40,111,161,57502,24.746964,0,325,0,75,76,0,0,0,401,42,33,0,0,4404788,882.000000,0.000000
1732471158403,00004,111,3,139,139,1,84,0,2281,1658,329,946,1006,117,623,477747,0,329,861,511,305,275,0,0,417,1529,198,58,79,20539494,5,437,344,0,294,143,93,84941,23.083929,0,0,294,38,105,0,0,0,0,364,73,0,0,3979893,1512.000000,4296.000000
1732471158403,00005,111,3,139,139,1,84,0,2281,1658,329,946,1006,117,623,477747,0,329,861,511,305,275,0,0,417,1529,198,58,79,20539494,5,456,329,0,296,160,127,104647,23.704464,0,0,293,3,106,54,0,0,0,381,53,22,0,4270090,1618.000000,4087.000000
1732471158403,00007,111,3,139,139,1,84,0,2281,1658,329,946,1006,117,623,477747,0,329,861,511,305,275,0,0,417,1529,198,58,79,20539494,5,456,333,0,0,456,123,127716,23.481071,0,0,0,314,0,142,0,0,0,375,2,0,79,3297376,2108.000000,5659.000000
1732471158403,00010,111,3,139,139,1,84,0,2281,1658,329,946,1006,117,623,477747,0,329,861,511,305,275,0,0,417,1529,198,58,79,20539494,5,447,337,0,274,173,110,106153,23.356964,0,0,274,0,94,79,0,0,1,369,41,36,0,4353225,1683.000000,5135.000000
1732471158403,00011,111,3,139,139,1,84,0,2281,1658,329,946,1006,117,623,477747,0,329,861,511,305,275,0,0,417,1529,198,58,79,20539494,5,485,315,329,82,74,170,54290,25.342679,0,329,0,156,0,0,0,0,416,40,29,0,0,4638910,743.000000,1362.000000
1732471158503,00004,111,3,139,139,1,83,0,2304,1655,332,1112,860,116,649,466539,0,332,727,423,583,239,0,0,821,818,544,40,81,21546339,5,437,345,0,304,133,92,96388,22.786071,0,0,3,323,111,0,0,0,0,373,64,0,0,4173701,1665.000000,5449.000000
1732471158503,00005,111,3,139,139,1,83,0,2304,1655,332,1112,860,116,649,466539,0,332,727,423,583,239,0,0,821,818,544,40,81,21546339,5,470,332,0,304,166,138,94181,23.903036,0,0,304,0,82,84,0,0,0,381,49,40,0,4478754,1459.000000,3248.000000
1732471158503,00007,111,3,139,139,1,83,0,2304,1655,332,1112,860,116,649,466539,0,332,727,423,583,239,0,0,821,818,544,40,81,21546339,5,447,338,0,0,447,109,169380,22.810893,0,0,0,3,289,155,0,0,0,1,365,0,81,3436475,2673.000000,8174.000000
1732471158503,00010,111,3,139,139,1,83,0,2304,1655,332,1112,860,116,649,466539,0,332,727,423,583,239,0,0,821,818,544,40,81,21546339,5,473,324,0,359,114,149,67193,24.424286,0,0,359,13,101,0,0,0,406,1,66,0,0,4575991,1290.000000,1048.000000
1732471158503,00011,111,3,139,139,1,83,0,2304,1655,332,1112,860,116,649,466539,0,332,727,423,583,239,0,0,821,818,544,40,81,21546339,5,477,316,332,145,0,161,39397,25.020000,0,332,61,84,0,0,0,0,415,62,0,0,0,4881418,618.000000,628.000000
1732471158603,00004,111,3,139,139,1,83,0,2284,1612,306,976,1002,116,672,480727,0,306,651,389,641,297,0,0,810,775,553,56,90,22568324,5,454,324,0,268,186,130,108499,23.952679,0,0,0,271,183,0,0,0,0,374,80,0,0,4367467,1723.000000,5135.000000
1732471158603,00005,111,3,139,139,1,83,0,2284,1612,306,976,1002,116,672,480727,0,306,651,389,641,297,0,0,810,775,553,56,90,22568324,5,492,304,0,327,165,188,91177,25.715000,0,0,327,0,102,63,0,0,420,2,43,27,0,4697072,1317.000000,1362.000000
1732471158603,00007,111,3,139,139,1,83,0,2284,1612,306,976,1002,116,672,480727,0,306,651,389,641,297,0,0,810,775,553,56,90,22568324,5,440,337,0,0,440,103,145693,22.537857,0,0,0,0,267,173,0,0,0,0,350,0,90,3599721,2652.000000,8384.000000
1732471158603,00010,111,3,139,139,1,83,0,2284,1612,306,976,1002,116,672,480727,0,306,651,389,641,297,0,0,810,775,553,56,90,22568324,5,433,333,0,283,150,100,84527,22.438571,0,0,283,0,89,61,0,0,0,353,51,29,0,4787392,1301.000000,3772.000000
1732471158603,00011,111,3,139,139,1,83,0,2284,1612,306,976,1002,116,672,480727,0,306,651,389,641,297,0,0,810,775,553,56,90,22568324,5,465,314,306,98,61,151,50831,24.374643,0,306,41,118,0,0,0,0,390,46,29,0,0,5116672,643.000000,838.000000
1732471158703,00004,111,3,139,139,1,84,0,2340,1627,3,1271,1066,117,713,478350,0,3,1236,377,376,348,0,0,819,1176,174,88,83,23598255,5,459,347,0,296,163,112,87058,22.637143,0,0,291,23,145,0,0,0,0,386,73,0,0,4571778,1657.000000,3772.000000
1732471158703,00005,111,3,139,139,1,84,0,2340,1627,3,1271,1066,117,713,478350,0,3,1236,377,376,348,0,0,819,1176,174,88,83,23598255,5,467,333,0,308,159,134,108997,23.282500,0,0,308,0,21,138,0,0,1,401,9,56,0,4898346,1375.000000,4087.000000
1732471158703,00007,111,3,139,139,1,84,0,2340,1627,3,1271,1066,117,713,478350,0,3,1236,377,376,348,0,0,819,1176,174,88,83,23598255,5,444,334,0,0,444,110,126920,22.537857,0,0,0,286,7,151,0,0,0,358,3,0,83,3777523,2528.000000,5973.000000
1732471158703,00010,111,3,139,139,1,84,0,2340,1627,3,1271,1066,117,713,478350,0,3,1236,377,376,348,0,0,819,1176,174,88,83,23598255,5,489,309,0,323,166,180,89151,26.112143,0,0,323,0,107,59,0,0,404,0,53,32,0,5005939,1248.000000,1991.000000
1732471158703,00011,111,3,139,139,1,84,0,2340,1627,3,1271,1066,117,713,478350,0,3,1236,377,376,348,0,0,819,1176,174,88,83,23598255,5,481,304,3,344,134,177,66224,24.349821,0,3,314,68,96,0,0,0,414,31,36,0,0,5344669,707.000000,1886.000000
1732471158803,00004,111,3,139,139,1,84,0,2314,1658,628,1016,670,117,656,417029,0,628,638,460,367,221,0,0,810,1204,202,42,56,24662830,5,452,334,0,275,177,118,78752,23.257679,0,0,275,40,137,0,0,0,0,364,88,0,0,4786715,1573.000000,3668.000000
1732471158803,00005,111,3,139,139,1,84,0,2314,1658,628,1016,670,117,656,417029,0,628,638,460,367,221,0,0,810,1204,202,42,56,24662830,5,476,328,328,8,140,148,62653,23.927857,0,328,8,0,139,1,0,0,406,3,67,0,0,5126773,1250.000000,838.000000
1732471158803,00007,111,3,139,139,1,84,0,2314,1658,628,1016,670,117,656,417029,0,628,638,460,367,221,0,0,810,1204,202,42,56,24662830,5,457,344,0,296,161,113,123369,23.133571,0,0,0,298,0,159,0,0,0,389,0,12,56,3962887,2421.000000,6078.000000
1732471158803,00010,111,3,139,139,1,84,0,2314,1658,628,1016,670,117,656,417029,0,628,638,460,367,221,0,0,810,1204,202,42,56,24662830,5,449,338,0,297,152,111,97410,23.059107,0,0,297,0,91,61,0,0,1,371,47,30,0,5207648,1310.000000,4192.000000
1732471158803,00011,111,3,139,139,1,84,0,2314,1658,628,1016,670,117,656,417029,0,628,638,460,367,221,0,0,810,1204,202,42,56,24662830,5,480,314,300,140,40,166,54845,25.590893,0,300,58,122,0,0,0,0,403,77,0,0,0,5578807,714.000000,1362.000000
1732471158903,00004,111,3,139,139,1,84,0,2219,1752,687,690,842,117,467,427923,0,687,665,118,500,249,0,0,789,813,504,60,53,25686865,5,429,361,0,326,103,68,67943,23.108750,0,0,326,49,54,0,0,0,0,381,48,0,0,5000374,1524.000000,3877.000000
1732471158903,00005,111,3,139,139,1,84,0,2219,1752,687,690,842,117,467,427923,0,687,665,118,500,249,0,0,789,813,504,60,53,25686865,5,449,339,336,0,113,110,66825,24.473929,0,336,0,0,53,60,0,0,395,0,27,27,0,5352222,1182.000000,1676.000000
1732471158903,00007,111,3,139,139,1,84,0,2219,1752,687,690,842,117,467,427923,0,687,665,118,500,249,0,0,789,813,504,60,53,25686865,5,449,350,0,3,446,99,158688,23.878214,0,0,0,4,319,126,0,0,0,2,394,0,53,4108435,2515.000000,9327.000000
1732471158903,00010,111,3,139,139,1,84,0,2219,1752,687,690,842,117,467,427923,0,687,665,118,500,249,0,0,789,813,504,60,53,25686865,5,445,347,0,308,137,98,101014,24.126429,0,0,308,0,74,63,0,0,0,377,35,33,0,5405022,1376.000000,4716.000000
1732471158903,00011,111,3,139,139,1,84,0,2219,1752,687,690,842,117,467,427923,0,687,665,118,500,249,0,0,789,813,504,60,53,25686865,5,447,355,351,53,43,92,33453,23.381786,0,351,31,65,0,0,0,0,394,53,0,0,0,5820812,676.000000,1048.000000
1732471159003,00004,111,3,139,139,1,83,0,2277,1658,343,998,936,116,619,455207,0,343,663,442,588,241,0,0,800,791,542,63,81,26713734,5,445,341,0,294,151,104,75694,23.158393,0,0,294,34,117,0,0,0,0,375,70,0,0,5215978,1484.000000,3563.000000
1732471159003,00005,111,3,139,139,1,83,0,2277,1658,343,998,936,116,619,455207,0,343,663,442,588,241,0,0,800,791,542,63,81,26713734,5,462,325,5,304,153,137,119219,24.399464,0,5,0,304,77,76,0,0,1,381,43,37,0,5541974,1278.000000,5449.000000
1732471159003,00007,111,3,139,139,1,83,0,2277,1658,343,998,936,116,619,455207,0,343,663,442,588,241,0,0,800,791,542,63,81,26713734,5,442,341,0,0,442,101,144294,22.860536,0,0,0,0,277,165,0,0,0,0,361,0,81,4270831,2532.000000,7860.000000
1732471159003,00010,111,3,139,139,1,83,0,2277,1658,343,998,936,116,619,455207,0,343,663,442,588,241,0,0,800,791,542,63,81,26713734,5,464,317,0,347,117,147,68779,24.573214,0,0,347,0,117,0,0,0,401,3,34,26,0,5629089,1321.000000,1886.000000
1732471159003,00011,111,3,139,139,1,83,0,2277,1658,343,998,936,116,619,455207,0,343,663,442,588,241,0,0,800,791,542,63,81,26713734,5,464,334,338,53,73,130,47221,23.952679,0,338,22,104,0,0,0,0,398,32,34,0,0,6055862,674.000000,733.000000
1732471159103,00004,111,3,139,139,1,84,0,2298,1651,354,988,956,117,647,439662,0,354,944,82,698,220,0,0,822,773,593,35,75,27756899,5,447,341,0,288,159,106,93184,23.208036,0,0,288,1,158,0,0,0,0,361,86,0,0,5418317,1494.000000,4087.000000
1732471159103,00005,111,3,139,139,1,84,0,2298,1651,354,988,956,117,647,439662,0,354,944,82,698,220,0,0,822,773,593,35,75,27756899,5,460,333,0,288,172,127,94569,23.505893,0,0,283,5,97,75,0,0,0,375,50,35,0,5751328,1288.000000,3772.000000
1732471159103,00007,111,3,139,139,1,84,0,2298,1651,354,988,956,117,647,439662,0,354,944,82,698,220,0,0,822,773,593,35,75,27756899,5,443,333,0,0,443,110,140804,22.786071,0,0,0,0,298,145,0,0,0,0,368,0,75,4437356,2529.000000,7440.000000
1732471159103,00010,111,3,139,139,1,84,0,2298,1651,354,988,956,117,647,439662,0,354,944,82,698,220,0,0,822,773,593,35,75,27756899,5,492,325,1,346,145,167,74648,25.218571,0,1,346,0,145,0,0,0,422,0,70,0,0,5851404,1275.000000,1571.000000
1732471159103,00011,111,3,139,139,1,84,0,2298,1651,354,988,956,117,647,439662,0,354,944,82,698,220,0,0,822,773,593,35,75,27756899,5,456,319,353,66,37,137,36457,24.250536,0,353,27,76,0,0,0,0,400,37,19,0,0,6298494,648.000000,314.000000
1732471159203,00004,111,3,139,139,1,84,0,2298,1669,329,972,997,117,629,474013,0,329,625,409,781,154,0,0,820,768,594,38,78,28769055,5,446,342,0,279,167,104,102715,23.034286,0,0,4,275,167,0,0,0,0,367,79,0,0,5610106,1532.000000,5554.000000
1732471159203,00005,111,3,139,139,1,84,0,2298,1669,329,972,997,117,629,474013,0,329,625,409,781,154,0,0,820,768,594,38,78,28769055,5,479,336,0,336,143,143,75142,24.796607,0,0,336,0,143,0,0,0,414,1,64,0,0,5972305,1258.000000,3039.000000
1732471159203,00007,111,3,139,139,1,84,0,2298,1669,329,972,997,117,629,474013,0,329,625,409,781,154,0,0,820,768,594,38,78,28769055,5,459,330,0,0,459,129,161600,23.778929,0,0,0,0,305,154,0,0,0,0,381,0,78,4590205,2556.000000,8488.000000
1732471159203,00010,111,3,139,139,1,84,0,2298,1669,329,972,997,117,629,474013,0,329,625,409,781,154,0,0,820,768,594,38,78,28769055,5,451,338,0,285,166,113,85776,23.307321,0,0,285,0,166,0,0,0,0,372,41,38,0,6062991,1280.000000,3877.000000
1732471159203,00011,111,3,139,139,1,84,0,2298,1669,329,972,997,117,629,474013,0,329,625,409,781,154,0,0,820,768,594,38,78,28769055,5,463,323,329,72,62,140,48780,24.101607,0,329,0,134,0,0,0,0,406,28,29,0,0,6533448,652.000000,943.000000
1732471159303,00004,111,3,139,139,1,83,0,2320,1668,687,649,984,116,652,453930,0,687,314,671,420,228,0,0,826,1170,208,33,83,29801835,5,458,346,0,298,160,112,104724,23.456250,0,0,0,298,160,0,0,0,0,377,81,0,0,5801851,1787.000000,0.000000
1732471159303,00005,111,3,139,139,1,83,0,2320,1668,687,649,984,116,652,453930,0,687,314,671,420,228,0,0,826,1170,208,33,83,29801835,5,478,336,363,11,104,142,58243,24.151250,0,363,11,10,94,0,0,0,426,0,52,0,0,6203249,596.000000,0.000000
1732471159303,00007,111,3,139,139,1,83,0,2320,1668,687,649,984,116,652,453930,0,687,314,671,420,228,0,0,826,1170,208,33,83,29801835,5,458,337,0,0,458,121,128408,22.910179,0,0,0,291,5,162,0,0,0,372,3,0,83,4768991,3634.000000,104.000000
1732471159303,00010,111,3,139,139,1,83,0,2320,1668,687,649,984,116,652,453930,0,687,314,671,420,228,0,0,826,1170,208,33,83,29801835,5,455,333,0,306,149,122,104824,23.431429,0,0,303,3,83,66,0,0,0,383,39,33,0,6262611,2100.000000,0.000000
1732471159303,00011,111,3,139,139,1,83,0,2320,1668,687,649,984,116,652,453930,0,687,314,671,420,228,0,0,826,1170,208,33,83,29801835,5,471,316,324,34,113,155,57731,24.995179,0,324,0,69,78,0,0,0,400,38,33,0,0,6765133,667.000000,0.000000
1732471159403,00004,111,3,139,139,1,84,0,2239,1733,346,1012,881,117,506,428826,0,346,1005,429,229,230,0,0,402,1607,125,68,37,30834622,5,438,347,0,302,136,91,84627,23.431429,0,0,297,43,98,0,0,0,0,375,63,0,0,6005642,1544.000000,4716.000000
1732471159403,00005,111,3,139,139,1,84,0,2239,1733,346,1012,881,117,506,428826,0,346,1005,429,229,230,0,0,402,1607,125,68,37,30834622,5,456,353,5,321,130,103,97249,23.754107,0,5,321,0,75,55,0,0,2,397,31,26,0,6402383,1583.000000,4296.000000
1732471159403,00007,111,3,139,139,1,84,0,2239,1733,346,1012,881,117,506,428826,0,346,1005,429,229,230,0,0,402,1607,125,68,37,30834622,5,448,344,0,0,448,104,125662,24.027143,0,0,0,338,0,110,0,0,0,395,0,16,37,4946915,2119.000000,6707.000000
1732471159403,00010,111,3,139,139,1,84,0,2239,1733,346,1012,881,117,506,428826,0,346,1005,429,229,230,0,0,402,1607,125,68,37,30834622,5,444,347,0,324,120,97,85255,23.679643,0,0,324,0,55,65,0,0,0,388,30,26,0,6472728,1358.000000,3877.000000
1732471159403,00011,111,3,139,139,1,84,0,2239,1733,346,1012,881,117,506,428826,0,346,1005,429,229,230,0,0,402,1607,125,68,37,30834622,5,453,342,341,65,47,111,36033,24.200893,0,341,63,48,1,0,0,0,400,52,1,0,0,7006954,507.000000,733.000000
1732471159503,00004,111,3,139,139,1,84,0,2244,1709,6,1326,912,117,535,488754,0,6,951,722,256,309,0,0,398,1192,518,59,77,31833987,5,424,352,0,312,112,72,93935,22.165536,0,0,4,308,112,0,0,0,0,374,50,0,0,6197535,1705.000000,5449.000000
1732471159503,00005,111,3,139,139,1,84,0,2244,1709,6,1326,912,117,535,488754,0,6,951,722,256,309,0,0,398,1192,518,59,77,31833987,5,468,337,0,320,148,131,96497,24.846250,0,0,320,0,65,83,0,0,0,400,34,34,0,6611444,1456.000000,3982.000000
1732471159503,00007,111,3,139,139,1,84,0,2244,1709,6,1326,912,117,535,488754,0,6,951,722,256,309,0,0,398,1192,518,59,77,31833987,5,446,346,0,0,446,100,138198,23.977500,0,0,0,282,0,164,0,0,0,2,367,0,77,5118871,2239.000000,7231.000000
1732471159503,00010,111,3,139,139,1,84,0,2244,1709,6,1326,912,117,535,488754,0,6,951,722,256,309,0,0,398,1192,518,59,77,31833987,5,456,337,0,315,141,119,102019,24.051964,0,0,315,0,79,62,0,0,0,388,43,25,0,6673101,1478.000000,3563.000000
1732471159503,00011,111,3,139,139,1,84,0,2244,1709,6,1326,912,117,535,488754,0,6,951,722,256,309,0,0,398,1192,518,59,77,31833987,5,450,337,6,379,65,113,58105,24.027143,0,6,312,132,0,0,0,0,398,28,24,0,0,7233036,724.000000,2515.000000
1732471159603,00004,111,3,139,139,1,83,0,2245,1732,662,711,872,116,513,449401,0,662,376,390,616,201,0,0,816,814,490,53,72,32847282,5,430,353,0,314,116,77,96649,22.637143,0,0,0,314,116,0,0,0,0,373,57,0,0,6387988,1771.000000,5659.000000
1732471159603,00005,111,3,139,139,1,83,0,2245,1732,662,711,872,116,513,449401,0,662,376,390,616,201,0,0,816,814,490,53,72,32847282,5,470,336,327,8,135,134,68129,25.144107,0,327,8,0,135,0,0,0,408,2,32,28,0,6838231,1242.000000,1571.000000
1732471159603,00007,111,3,139,139,1,83,0,2245,1732,662,711,872,116,513,449401,0,662,376,390,616,201,0,0,816,814,490,53,72,32847282,5,447,348,0,0,447,99,145150,23.778929,0,0,0,4,302,141,0,0,0,0,375,0,72,5279601,2375.000000,7650.000000
1732471159603,00010,111,3,139,139,1,83,0,2245,1732,662,711,872,116,513,449401,0,662,376,390,616,201,0,0,816,814,490,53,72,32847282,5,435,351,0,312,123,84,93393,22.910179,0,0,312,0,63,60,0,0,0,384,26,25,0,6873927,1526.000000,5344.000000
1732471159603,00011,111,3,139,139,1,83,0,2245,1732,662,711,872,116,513,449401,0,662,376,390,616,201,0,0,816,814,490,53,72,32847282,5,463,344,335,77,51,119,46080,24.498750,0,335,56,72,0,0,0,0,408,55,0,0,0,7467535,716.000000,1152.000000
1732471159703,00004,111,3,139,139,1,83,0,2253,1721,6,1373,874,116,532,436737,0,6,1269,146,628,204,0,0,820,799,537,45,52,33877752,5,444,341,0,324,120,103,71483,23.505893,0,0,276,90,78,0,0,0,0,391,53,0,0,6604101,1635.000000,3668.000000
1732471159703,00005,111,3,139,139,1,83,0,2253,1721,6,1373,874,116,532,436737,0,6,1269,146,628,204,0,0,820,799,537,45,52,33877752,5,466,335,1,344,121,131,75443,24.796607,0,1,344,0,121,0,0,0,412,0,54,0,0,7057730,1201.000000,2200.000000
1732471159703,00007,111,3,139,139,1,83,0,2253,1721,6,1373,874,116,532,436737,0,6,1269,146,628,204,0,0,820,799,537,45,52,33877752,5,444,349,0,0,444,95,147887,23.704464,0,0,0,0,294,150,0,0,0,0,376,16,52,5438690,2454.000000,8384.000000
1732471159703,00010,111,3,139,139,1,83,0,2253,1721,6,1373,874,116,532,436737,0,6,1269,146,628,204,0,0,820,799,537,45,52,33877752,5,441,355,0,320,121,86,82428,23.133571,0,0,320,0,67,54,0,0,0,380,32,29,0,7083956,1476.000000,3772.000000
1732471159703,00011,111,3,139,139,1,83,0,2253,1721,6,1373,874,116,532,436737,0,6,1269,146,628,204,0,0,820,799,537,45,52,33877752,5,458,341,5,385,68,117,59496,23.977500,0,5,329,56,68,0,0,0,408,28,22,0,0,7693275,777.000000,2515.000000
1732471159803,00004,111,3,139,139,1,84,0,2240,1718,331,1088,821,118,522,405885,0,331,1054,152,459,244,0,0,1219,437,475,49,60,34920427,5,428,362,0,325,103,66,62879,22.612321,0,0,325,59,44,0,0,0,0,408,20,0,0,6820707,1546.000000,3668.000000
1732471159803,00005,111,3,139,139,1,84,0,2240,1718,331,1088,821,118,522,405885,0,331,1054,152,459,244,0,0,1219,437,475,49,60,34920427,5,451,347,0,348,103,104,79403,24.027143,0,0,348,0,49,54,0,0,406,0,23,22,0,7269943,1207.000000,3248.000000
1732471159803,00007,111,3,139,139,1,84,0,2240,1718,331,1088,821,118,522,405885,0,331,1054,152,459,244,0,0,1219,437,475,49,60,34920427,5,435,344,0,0,435,91,140901,23.083929,0,0,0,0,299,136,0,0,0,0,375,0,60,5599604,2499.000000,7964.000000
1732471159803,00010,111,3,139,139,1,84,0,2240,1718,331,1088,821,118,522,405885,0,331,1054,152,459,244,0,0,1219,437,475,49,60,34920427,5,457,323,0,336,121,134,73302,24.225714,0,0,336,0,67,54,0,0,394,2,34,27,0,7303031,1388.000000,1362.000000
1732471159803,00011,111,3,139,139,1,84,0,2240,1718,331,1088,821,118,522,405885,0,331,1054,152,459,244,0,0,1219,437,475,49,60,34920427,5,469,342,331,79,59,127,49400,25.119286,0,331,45,93,0,0,0,0,419,27,23,0,0,7927142,764.000000,943.000000
1732471159903,00004,111,3,139,139,1,84,0,2322,1636,644,786,892,117,686,421481,0,644,691,368,374,245,0,0,827,1181,195,31,88,35987148,5,439,335,0,293,146,104,88684,22.388929,0,0,293,0,146,0,0,0,0,370,69,0,0,7025887,1538.000000,3982.000000
1732471159903,00005,111,3,139,139,1,84,0,2322,1636,644,786,892,117,686,421481,0,644,691,368,374,245,0,0,827,1181,195,31,88,35987148,5,473,312,309,11,153,161,71449,24.647679,0,309,11,0,153,0,0,0,403,0,70,0,0,7498793,1140.000000,1991.000000
1732471159903,00007,111,3,139,139,1,84,0,2322,1636,644,786,892,117,686,421481,0,644,691,368,374,245,0,0,827,1181,195,31,88,35987148,5,462,342,0,0,462,120,135164,23.208036,0,0,0,273,5,184,0,0,0,370,4,0,88,5777231,2441.000000,6707.000000
1732471159903,00010,111,3,139,139,1,84,0,2322,1636,644,786,892,117,686,421481,0,644,691,368,374,245,0,0,827,1181,195,31,88,35987148,5,459,327,0,328,131,132,85408,23.530714,0,0,328,0,70,61,0,0,2,374,52,31,0,7515788,1361.000000,3353.000000
1732471159903,00011,111,3,139,139,1,84,0,2322,1636,644,786,892,117,686,421481,0,644,691,368,374,245,0,0,827,1181,195,31,88,35987148,5,489,320,335,154,0,169,40776,25.193750,0,335,59,95,0,0,0,0,422,67,0,0,0,8169449,720.000000,838.000000
1732471160003,00004,111,3,139,139,1,83,0,2286,1698,682,700,904,116,588,437418,0,682,643,231,599,131,0,0,826,818,582,0,60,37007790,5,442,344,0,313,129,98,70639,23.009464,0,0,313,64,65,0,0,0,0,392,50,0,0,7241879,1487.000000,3143.000000
1732471160003,00005,111,3,139,139,1,83,0,2286,1698,682,700,904,116,588,437418,0,682,643,231,599,131,0,0,826,818,582,0,60,37007790,5,487,333,355,27,105,154,55132,24.970357,0,355,0,58,74,0,0,0,421,12,54,0,0,7731744,1079.000000,1152.000000
1732471160003,00007,111,3,139,139,1,83,0,2286,1698,682,700,904,116,588,437418,0,682,643,231,599,131,0,0,826,818,582,0,60,37007790,5,440,352,0,0,440,88,169003,22.959821,0,0,0,8,304,128,0,0,0,5,375,0,60,5911228,2561.000000,10165.000000
1732471160003,00010,111,3,139,139,1,83,0,2286,1698,682,700,904,116,588,437418,0,682,643,231,599,131,0,0,826,818,582,0,60,37007790,5,450,344,1,290,159,106,92818,23.605179,0,1,290,0,156,3,0,0,1,374,75,0,0,7718456,1388.000000,4611.000000
1732471160003,00011,111,3,139,139,1,83,0,2286,1698,682,700,904,116,588,437418,0,682,643,231,599,131,0,0,826,818,582,0,60,37007790,5,467,325,326,70,71,142,49826,24.424286,0,326,40,101,0,0,0,0,404,35,28,0,0,8404483,714.000000,1467.000000
1732471160103,00004,111,3,139,139,1,84,0,2271,1673,331,1073,867,117,598,421338,0,331,978,443,249,270,0,0,809,841,500,48,73,38063520,5,444,346,0,310,134,98,65714,22.910179,0,0,310,73,61,0,0,0,0,393,51,0,0,7459824,1447.000000,3143.000000
1732471160103,00005,111,3,139,139,1,84,0,2271,1673,331,1073,867,117,598,421338,0,331,978,443,249,270,0,0,809,841,500,48,73,38063520,5,444,333,5,291,148,111,105303,23.555536,0,5,290,1,85,63,0,0,2,376,41,25,0,7931881,1150.000000,4401.000000
1732471160103,00007,111,3,139,139,1,84,0,2271,1673,331,1073,867,117,598,421338,0,331,978,443,249,270,0,0,809,841,500,48,73,38063520,5,445,343,0,0,445,102,134341,23.208036,0,0,0,275,7,163,0,0,0,0,372,0,73,6086033,2528.000000,7021.000000
1732471160103,00010,111,3,139,139,1,84,0,2271,1673,331,1073,867,117,598,421338,0,331,978,443,249,270,0,0,809,841,500,48,73,38063520,5,472,315,0,332,140,157,78537,25.119286,0,0,332,0,96,44,0,0,410,3,36,23,0,7939209,1342.000000,1362.000000
1732471160103,00011,111,3,139,139,1,84,0,2271,1673,331,1073,867,117,598,421338,0,331,978,443,249,270,0,0,809,841,500,48,73,38063520,5,466,336,326,140,0,130,37443,24.151250,0,326,46,94,0,0,0,0,397,69,0,0,0,8646573,690.000000,1048.000000
1732471160203,00004,111,3,139,139,1,75,0,2775,1779,407,1002,1366,105,996,558373,3,404,718,311,525,814,0,0,874,991,392,283,235,47639774,6,450,324,0,204,246,126,85381,19.981250,0,0,204,18,228,0,0,0,0,279,171,0,0,7667978,1444.000000,3982.000000
1732471160203,00005,111,3,139,139,1,75,0,2775,1779,407,1002,1366,105,996,558373,3,404,718,311,525,814,0,0,874,991,392,283,235,47639774,6,499,312,0,257,242,187,99492,21.594643,0,0,257,0,67,175,0,0,337,2,56,104,0,8145236,1152.000000,3458.000000
1732471160203,00007,111,3,139,139,1,75,0,2775,1779,407,1002,1366,105,996,558373,3,404,718,311,525,814,0,0,874,991,392,283,235,47639774,6,516,316,0,250,266,200,124362,22.091071,0,0,250,9,0,257,0,0,0,348,3,63,102,6280458,2424.000000,3039.000000
1732471160203,00010,111,3,139,139,1,75,0,2775,1779,407,1002,1366,105,996,558373,3,404,718,311,525,814,0,0,874,991,392,283,235,47639774,6,487,326,0,213,274,161,123846,21.396071,0,0,6,207,80,194,0,0,3,304,64,116,0,8130116,1391.000000,5240.000000
1732471160203,00011,111,3,139,139,1,75,0,2775,1779,407,1002,1366,105,996,558373,3,404,718,311,525,814,0,0,874,991,392,283,235,47639774,6,505,308,277,78,150,197,60721,22.165536,0,277,1,77,150,0,0,0,349,58,98,0,0,8877448,694.000000,524.000000
1732471160203,00003,111,3,139,139,1,75,0,2775,1779,407,1002,1366,105,996,558373,3,404,718,311,525,814,0,0,874,991,392,283,235,47639774,6,318,193,130,0,188,125,64571,0.303546,3,127,0,0,0,188,0,0,185,0,0,0,133,8538538,652.000000,524.000000
1732471160303,00004,111,3,139,139,1,83,0,3062,1839,479,697,1886,116,1223,566236,241,238,597,377,824,785,0,344,652,687,693,468,218,48912877,6,472,323,0,175,297,149,75721,18.467143,0,0,175,88,209,0,0,0,0,329,143,0,0,7884041,698.000000,0.000000
1732471160303,00005,111,3,139,139,1,83,0,3062,1839,479,697,1886,116,1223,566236,241,238,597,377,824,785,0,344,652,687,693,468,218,48912877,6,511,312,0,193,318,199,101439,20.155000,0,0,193,0,313,5,0,0,0,293,56,162,0,8353359,0.000000,0.000000
1732471160303,00007,111,3,139,139,1,83,0,3062,1839,479,697,1886,116,1223,566236,241,238,597,377,824,785,0,344,652,687,693,468,218,48912877,6,482,336,0,6,476,146,123559,18.541607,0,0,6,188,0,288,0,0,0,2,262,0,218,6463913,1739.000000,0.000000
1732471160303,00010,111,3,139,139,1,83,0,3062,1839,479,697,1886,116,1223,566236,241,238,597,377,824,785,0,344,652,687,693,468,218,48912877,6,524,295,0,229,295,229,105360,20.924464,0,0,223,6,76,219,0,0,324,1,62,137,0,8342236,3486.000000,0.000000
1732471160303,00011,111,3,139,139,1,83,0,3062,1839,479,697,1886,116,1223,566236,241,238,597,377,824,785,0,344,652,687,693,468,218,48912877,6,554,315,233,94,227,239,66303,20.502500,0,233,0,95,226,0,0,0,322,62,170,0,0,9105359,1172.000000,0.000000
1732471160303,00003,111,3,139,139,1,83,0,3062,1839,479,697,1886,116,1223,566236,241,238,597,377,824,785,0,344,652,687,693,468,218,48912877,6,519,258,246,0,273,261,93854,20.527321,241,5,0,0,0,273,0,344,6,0,0,169,0,8763969,0.000000,0.000000
1732471160403,00004,111,3,139,139,1,76,0,2415,1641,593,561,1261,107,774,424698,0,593,510,521,431,360,0,0,759,831,602,82,141,41211458,5,473,336,0,248,225,137,81896,21.271964,0,0,248,15,210,0,0,0,0,351,122,0,0,8100022,1152.000000,3248.000000
1732471160403,00005,111,3,139,139,1,76,0,2415,1641,593,561,1261,107,774,424698,0,593,510,521,431,360,0,0,759,831,602,82,141,41211458,5,471,337,0,239,232,134,103703,21.048571,0,0,239,0,100,132,0,0,0,345,45,81,0,8553483,1565.000000,5344.000000
1732471160403,00007,111,3,139,139,1,76,0,2415,1641,593,561,1261,107,774,424698,0,593,510,521,431,360,0,0,759,831,602,82,141,41211458,5,466,341,0,0,466,125,128174,21.048571,0,0,0,238,0,228,0,0,0,0,325,0,141,6641508,2147.000000,6078.000000
1732471160403,00010,111,3,139,139,1,76,0,2415,1641,593,561,1261,107,774,424698,0,593,510,521,431,360,0,0,759,831,602,82,141,41211458,5,503,312,309,6,188,191,55293,22.488214,0,309,6,69,119,0,0,0,382,11,109,1,0,8576373,611.000000,524.000000
1732471160403,00011,111,3,139,139,1,76,0,2415,1641,593,561,1261,107,774,424698,0,593,510,521,431,360,0,0,759,831,602,82,141,41211458,5,502,315,284,68,150,187,55632,22.761250,0,284,17,199,2,0,0,0,377,124,1,0,0,9340072,673.000000,1048.000000
1732471160503,00004,111,3,139,139,1,84,0,2200,1751,10,1316,874,117,449,447199,0,10,1244,183,515,248,0,0,6,1597,112,420,65,42225877,5,434,358,0,311,123,76,67367,23.555536,0,0,311,86,37,0,0,0,0,402,32,0,0,8315066,1193.000000,3772.000000
1732471160503,00005,111,3,139,139,1,84,0,2200,1751,10,1316,874,117,449,447199,0,10,1244,183,515,248,0,0,6,1597,112,420,65,42225877,5,435,353,0,328,107,82,81220,23.381786,0,0,328,0,55,52,0,0,0,389,23,23,0,8764684,1452.000000,3982.000000
1732471160503,00007,111,3,139,139,1,84,0,2200,1751,10,1316,874,117,449,447199,0,10,1244,183,515,248,0,0,6,1597,112,420,65,42225877,5,448,344,0,0,448,104,146438,24.027143,0,0,0,5,296,147,0,0,0,0,5,378,65,6802501,2382.000000,7964.000000
1732471160503,00010,111,3,139,139,1,84,0,2200,1751,10,1316,874,117,449,447199,0,10,1244,183,515,248,0,0,6,1597,112,420,65,42225877,5,441,348,4,308,129,93,84269,24.325000,0,4,308,0,80,49,0,0,2,386,34,19,0,8787434,986.000000,3982.000000
1732471160503,00011,111,3,139,139,1,84,0,2200,1751,10,1316,874,117,449,447199,0,10,1244,183,515,248,0,0,6,1597,112,420,65,42225877,5,442,348,6,369,67,94,67905,23.853393,0,6,297,92,47,0,0,0,4,420,18,0,0,9556192,924.000000,3458.000000
1732471160603,00004,111,3,139,139,1,84,0,2275,1666,343,952,980,117,609,514647,0,343,626,372,623,311,0,0,415,1200,495,99,66,43208906,5,450,335,0,276,174,115,107367,23.605179,0,0,5,274,171,0,0,0,0,374,76,0,0,8507260,1409.000000,5344.000000
1732471160603,00005,111,3,139,139,1,84,0,2275,1666,343,952,980,117,609,514647,0,343,626,372,623,311,0,0,415,1200,495,99,66,43208906,5,454,339,0,296,158,115,100908,23.208036,0,0,296,0,85,73,0,0,0,384,38,32,0,8965505,1497.000000,4820.000000
1732471160603,00007,111,3,139,139,1,84,0,2275,1666,343,952,980,117,609,514647,0,343,626,372,623,311,0,0,415,1200,495,99,66,43208906,5,439,343,0,0,439,96,159223,23.183214,0,0,0,1,289,149,0,0,0,0,369,4,66,6952000,2562.000000,9012.000000
1732471160603,00010,111,3,139,139,1,84,0,2275,1666,343,952,980,117,609,514647,0,343,626,372,623,311,0,0,415,1200,495,99,66,43208906,5,445,334,0,280,165,111,104638,23.232857,0,0,280,0,76,89,0,0,0,371,11,63,0,8986599,1213.000000,5030.000000
1732471160603,00011,111,3,139,139,1,84,0,2275,1666,343,952,980,117,609,514647,0,343,626,372,623,311,0,0,415,1200,495,99,66,43208906,5,487,315,343,100,44,172,42511,25.863929,0,343,45,97,2,0,0,0,415,71,1,0,0,9797542,781.000000,209.000000
1732471160703,00004,111,3,139,139,1,84,0,2297,1635,303,1022,972,117,662,485229,0,303,678,519,488,309,0,0,809,841,501,68,78,44215526,5,429,341,0,296,133,88,75259,22.066250,0,0,289,88,52,0,0,0,0,375,54,0,0,8715910,1419.000000,3877.000000
1732471160703,00005,111,3,139,139,1,84,0,2297,1635,303,1022,972,117,662,485229,0,303,678,519,488,309,0,0,809,841,501,68,78,44215526,5,461,335,0,297,164,126,117110,23.630000,0,0,6,291,82,82,0,0,0,383,42,36,0,9155029,1585.000000,5344.000000
1732471160703,00007,111,3,139,139,1,84,0,2297,1635,303,1022,972,117,662,485229,0,303,678,519,488,309,0,0,809,841,501,68,78,44215526,5,453,335,0,0,453,118,158799,23.083929,0,0,0,0,292,161,0,0,0,0,374,1,78,7105051,2639.000000,8174.000000
1732471160703,00010,111,3,139,139,1,84,0,2297,1635,303,1022,972,117,662,485229,0,303,678,519,488,309,0,0,809,841,501,68,78,44215526,5,473,316,0,345,128,157,79714,24.771786,0,0,345,0,62,66,0,0,408,3,31,31,0,9207284,1161.000000,1257.000000
1732471160703,00011,111,3,139,139,1,84,0,2297,1635,303,1022,972,117,662,485229,0,303,678,519,488,309,0,0,809,841,501,68,78,44215526,5,481,308,303,84,94,173,54347,25.367500,0,303,38,140,0,0,0,0,401,80,0,0,0,10032252,773.000000,1152.000000
1732471160803,00004,111,3,139,139,1,83,0,2370,1598,619,1004,747,116,772,405579,0,619,632,478,439,202,0,0,1169,843,237,51,70,45304478,5,475,329,0,301,174,146,77320,23.803750,0,0,301,92,82,0,0,0,382,16,77,0,0,8932440,1352.000000,3248.000000
1732471160803,00005,111,3,139,139,1,83,0,2370,1598,619,1004,747,116,772,405579,0,619,632,478,439,202,0,0,1169,843,237,51,70,45304478,5,484,314,0,332,152,170,85919,24.598036,0,0,322,10,85,67,0,0,394,4,47,39,0,9370881,1480.000000,2096.000000
1732471160803,00007,111,3,139,139,1,83,0,2370,1598,619,1004,747,116,772,405579,0,619,632,478,439,202,0,0,1169,843,237,51,70,45304478,5,469,320,0,290,179,149,123078,23.505893,0,0,0,290,44,135,0,0,0,383,4,12,70,7296645,2471.000000,4925.000000
1732471160803,00010,111,3,139,139,1,83,0,2370,1598,619,1004,747,116,772,405579,0,619,632,478,439,202,0,0,1169,843,237,51,70,45304478,5,475,328,319,8,148,147,59777,22.786071,0,319,8,13,135,0,0,0,4,399,72,0,0,9438604,1067.000000,1362.000000
1732471160803,00011,111,3,139,139,1,83,0,2370,1598,619,1004,747,116,772,405579,0,619,632,478,439,202,0,0,1169,843,237,51,70,45304478,5,467,307,300,73,94,160,59485,24.225714,0,300,1,73,93,0,0,0,389,41,37,0,0,10265908,768.000000,1362.000000
1732471160903,00004,111,3,139,139,1,84,0,2293,1687,334,1094,865,117,606,408478,0,334,1012,422,323,202,0,1,796,865,500,58,73,46340044,5,446,344,0,299,147,102,85368,23.257679,0,0,299,44,103,0,0,0,4,373,69,0,0,9138300,1374.000000,4506.000000
1732471160903,00005,111,3,139,139,1,84,0,2293,1687,334,1094,865,117,606,408478,0,334,1012,422,323,202,0,1,796,865,500,58,73,46340044,5,448,344,0,309,139,104,86851,23.034286,0,0,309,0,76,63,0,0,381,0,37,30,0,9581675,1451.000000,4087.000000
1732471160903,00007,111,3,139,139,1,84,0,2293,1687,334,1094,865,117,606,408478,0,334,1012,422,323,202,0,1,796,865,500,58,73,46340044,5,440,348,0,5,435,92,124004,22.661964,0,0,0,301,0,139,0,0,0,4,363,0,73,7473710,2431.000000,6392.000000
1732471160903,00010,111,3,139,139,1,84,0,2293,1687,334,1094,865,117,606,408478,0,334,1012,422,323,202,0,1,796,865,500,58,73,46340044,5,490,319,3,351,136,171,75163,25.888750,0,3,351,0,136,0,0,0,0,432,30,28,0,9661798,1044.000000,1257.000000
1732471160903,00011,111,3,139,139,1,84,0,2293,1687,334,1094,865,117,606,408478,0,334,1012,422,323,202,0,1,796,865,500,58,73,46340044,5,469,332,331,130,8,137,37092,24.076786,0,331,53,77,8,0,0,1,411,56,1,0,0,10484561,720.000000,943.000000
1732471161003,00004,111,3,139,139,1,84,0,2305,1639,7,1275,1023,117,666,441979,0,7,1233,489,302,274,0,0,797,844,527,68,69,47166896,5,441,333,0,282,159,108,75318,22.860536,0,0,282,32,127,0,0,0,0,366,75,0,0,9353754,1357.000000,3143.000000
1732471161003,00005,111,3,139,139,1,84,0,2305,1639,7,1275,1023,117,666,441979,0,7,1233,489,302,274,0,0,797,844,527,68,69,47166896,5,470,329,0,300,170,141,99464,24.027143,0,0,300,0,82,88,0,0,4,393,35,38,0,9792760,1430.000000,3039.000000
1732471161003,00007,111,3,139,139,1,84,0,2305,1639,7,1275,1023,117,666,441979,0,7,1233,489,302,274,0,0,797,844,527,68,69,47166896,5,443,340,0,0,443,103,121899,22.637143,0,0,0,311,0,132,0,0,0,0,374,0,69,7654993,2387.000000,6183.000000
1732471161003,00010,111,3,139,139,1,84,0,2305,1639,7,1275,1023,117,666,441979,0,7,1233,489,302,274,0,0,797,844,527,68,69,47166896,5,484,322,0,337,147,162,83003,25.268214,0,0,337,0,93,54,0,0,404,7,43,30,0,9880736,1047.000000,2620.000000
1732471161003,00011,111,3,139,139,1,84,0,2305,1639,7,1275,1023,117,666,441979,0,7,1233,489,302,274,0,0,797,844,527,68,69,47166896,5,467,315,7,356,104,152,62295,24.250536,0,7,314,146,0,0,0,0,389,78,0,0,0,10484653,747.000000,2200.000000
1732471161103,00004,111,3,139,139,1,84,0,2279,1644,645,764,870,117,635,416353,0,645,707,144,578,205,0,0,827,828,481,63,80,47976771,5,441,340,0,291,150,101,69933,23.059107,0,0,291,82,68,0,0,0,0,384,57,0,0,9570721,1337.000000,3353.000000
1732471161103,00005,111,3,139,139,1,84,0,2279,1644,645,764,870,117,635,416353,0,645,707,144,578,205,0,0,827,828,481,63,80,47976771,5,472,308,313,6,153,164,69862,24.523571,0,313,6,0,150,3,0,0,402,4,34,32,0,10022782,1354.000000,1886.000000
1732471161103,00007,111,3,139,139,1,84,0,2279,1644,645,764,870,117,635,416353,0,645,707,144,578,205,0,0,827,828,481,63,80,47976771,5,434,342,0,0,434,92,152083,22.562679,0,0,0,5,291,138,0,0,0,0,354,0,80,7805817,2460.000000,8384.000000
1732471161103,00010,111,3,139,139,1,84,0,2279,1644,645,764,870,117,635,416353,0,645,707,144,578,205,0,0,827,828,481,63,80,47976771,5,444,339,0,311,133,105,85644,23.158393,0,0,311,0,69,64,0,0,6,371,36,31,0,10092305,1081.000000,3563.000000
1732471161103,00011,111,3,139,139,1,84,0,2279,1644,645,764,870,117,635,416353,0,645,707,144,578,205,0,0,827,828,481,63,80,47976771,5,488,315,332,156,0,173,38831,25.566071,0,332,99,57,0,0,0,0,419,69,0,0,0,10485146,710.000000,314.000000
1732471161203,00004,111,3,139,139,1,84,0,2353,1563,659,854,840,117,790,411355,330,329,773,163,448,310,0,413,1196,128,457,67,92,48801767,5,460,315,0,378,82,145,61365,23.307321,0,0,297,163,0,0,0,0,374,58,28,0,0,9798622,1289.000000,2200.000000
1732471161203,00005,111,3,139,139,1,84,0,2353,1563,659,854,840,117,790,411355,330,329,773,163,448,310,0,413,1196,128,457,67,92,48801767,5,481,304,6,304,171,177,92545,24.399464,0,6,304,0,88,83,0,0,405,0,43,33,0,10241633,1321.000000,2200.000000
1732471161203,00007,111,3,139,139,1,84,0,2353,1563,659,854,840,117,790,411355,330,329,773,163,448,310,0,413,1196,128,457,67,92,48801767,5,429,334,0,0,429,95,150108,21.569821,0,0,0,0,265,164,0,0,0,0,337,0,92,7960008,2505.000000,7860.000000
1732471161203,00010,111,3,139,139,1,84,0,2353,1563,659,854,840,117,790,411355,330,329,773,163,448,310,0,413,1196,128,457,67,92,48801767,5,480,310,313,9,158,170,77792,24.076786,0,313,9,0,95,63,0,0,395,2,49,34,0,10316206,1053.000000,838.000000
1732471161203,00011,111,3,139,139,1,84,0,2353,1563,659,854,840,117,790,411355,330,329,773,163,448,310,0,413,1196,128,457,67,92,48801767,5,503,300,340,163,0,203,29545,25.020000,330,10,163,0,0,0,0,413,22,68,0,0,0,10485298,664.000000,104.000000
