timestamp,ueImsiComplete,plmId,nrCellId,dlAvailablePrbs,ulAvailablePrbs,qci,dlPrbUsage,ulPrbUsage,TB.TotNbrDl.1,TB.TotNbrDlInitial,TB.TotNbrDlInitial.Qpsk,TB.TotNbrDlInitial.16Qam,TB.TotNbrDlInitial.64Qam,RRU.PrbUsedDl,TB.ErrTotalNbrDl.1,QosFlow.PdcpPduVolumeDL_Filter,CARR.PDSCHMCSDist.Bin1,CARR.PDSCHMCSDist.Bin2,CARR.PDSCHMCSDist.Bin3,CARR.PDSCHMCSDist.Bin4,CARR.PDSCHMCSDist.Bin5,CARR.PDSCHMCSDist.Bin6,L1M.RS-SINR.Bin34,L1M.RS-SINR.Bin46, L1M.RS-SINR.Bin58,L1M.RS-SINR.Bin70,L1M.RS-SINR.Bin82,L1M.RS-SINR.Bin94,L1M.RS-SINR.Bin127,DRB.BufferSize.Qos,DRB.MeanActiveUeDl,TB.TotNbrDl.1.UEID,TB.TotNbrDlInitial.UEID,TB.TotNbrDlInitial.Qpsk.UEID,TB.TotNbrDlInitial.16Qam.UEID,TB.TotNbrDlInitial.64Qam.UEID,TB.ErrTotalNbrDl.1.UEID,QosFlow.PdcpPduVolumeDL_Filter.UEID,RRU.PrbUsedDl.UEID,CARR.PDSCHMCSDist.Bin1.UEID,CARR.PDSCHMCSDist.Bin2.UEID,CARR.PDSCHMCSDist.Bin3.UEID,CARR.PDSCHMCSDist.Bin4.UEID,CARR.PDSCHMCSDist.Bin5.UEID,CARR.PDSCHMCSDist.Bin6.UEID,L1M.RS-SINR.Bin34.UEID, L1M.RS-SINR.Bin46.UEID,L1M.RS-SINR.Bin58.UEID,L1M.RS-SINR.Bin70.UEID,L1M.RS-SINR.Bin82.UEID,L1M.RS-SINR.Bin94.UEID,L1M.RS-SINR.Bin127.UEID,DRB.BufferSize.Qos.UEID,DRB.UEThpDl.UEID, DRB.UEThpDlPdcpBased.UEID
1732471156403,00001,111,2,139,139,1,0,0,0,0,0,0,0,0,0,0,0,0,0,0,0,0,0,0,0,0,0,0,0,0,7,0,0,0,0,0,0,0,0.000000,0,0,0,0,0,0,0,0,0,0,0,0,0,0,0.000000,0.000000
1732471156403,00002,111,2,139,139,1,0,0,0,0,0,0,0,0,0,0,0,0,0,0,0,0,0,0,0,0,0,0,0,0,7,0,0,0,0,0,0,0,0.000000,0,0,0,0,0,0,0,0,0,0,0,0,0,0,0.000000,0.000000
1732471156403,00003,111,2,139,139,1,0,0,0,0,0,0,0,0,0,0,0,0,0,0,0,0,0,0,0,0,0,0,0,0,7,0,0,0,0,0,0,0,0.000000,0,0,0,0,0,0,0,0,0,0,0,0,0,0,0.000000,0.000000
1732471156403,00006,111,2,139,139,1,0,0,0,0,0,0,0,0,0,0,0,0,0,0,0,0,0,0,0,0,0,0,0,0,7,0,0,0,0,0,0,0,0.000000,0,0,0,0,0,0,0,0,0,0,0,0,0,0,0.000000,0.000000
1732471156403,00008,111,2,139,139,1,0,0,0,0,0,0,0,0,0,0,0,0,0,0,0,0,0,0,0,0,0,0,0,0,7,0,0,0,0,0,0,0,0.000000,0,0,0,0,0,0,0,0,0,0,0,0,0,0,0.000000,0.000000
1732471156403,00009,111,2,139,139,1,0,0,0,0,0,0,0,0,0,0,0,0,0,0,0,0,0,0,0,0,0,0,0,0,7,0,0,0,0,0,0,0,0.000000,0,0,0,0,0,0,0,0,0,0,0,0,0,0,0.000000,0.000000
1732471156403,00012,111,2,139,139,1,0,0,0,0,0,0,0,0,0,0,0,0,0,0,0,0,0,0,0,0,0,0,0,0,7,0,0,0,0,0,0,0,0.000000,0,0,0,0,0,0,0,0,0,0,0,0,0,0,0.000000,0.000000
1732471156503,00001,111,2,139,139,1,73,0,2084,1400,316,881,887,102,684,393949,17,299,881,10,488,389,0,0,1427,7,430,149,71,1401241,7,432,275,3,312,117,157,76972,21.371250,3,0,312,0,0,117,0,0,365,1,0,32,34,192443,903.000000,314.000000
1732471156503,00002,111,2,139,139,1,73,0,2084,1400,316,881,887,102,684,393949,17,299,881,10,488,389,0,0,1427,7,430,149,71,1401241,7,411,287,3,287,121,124,56677,20.452857,3,0,287,10,111,0,0,0,344,5,62,0,0,198778,888.000000,1257.000000
1732471156503,00003,111,2,139,139,1,73,0,2084,1400,316,881,887,102,684,393949,17,299,881,10,488,389,0,0,1427,7,430,149,71,1401241,7,437,261,302,0,135,176,73315,22.215179,3,299,0,0,0,135,0,0,368,0,0,33,36,200470,571.000000,0.000000
1732471156503,00006,111,2,139,139,1,73,0,2084,1400,316,881,887,102,684,393949,17,299,881,10,488,389,0,0,1427,7,430,149,71,1401241,7,419,275,3,282,134,144,66802,20.800357,3,0,282,0,134,0,0,0,350,0,69,0,0,198241,971.000000,1991.000000
1732471156503,00008,111,2,139,139,1,73,0,2084,1400,316,881,887,102,684,393949,17,299,881,10,488,389,0,0,1427,7,430,149,71,1401241,7,383,300,3,0,380,83,120177,19.261429,3,0,0,0,243,137,0,0,0,1,299,83,0,147569,2508.000000,5973.000000
1732471156503,00009,111,2,139,139,1,73,0,2084,1400,316,881,887,102,684,393949,17,299,881,10,488,389,0,0,1427,7,430,149,71,1401241,7,1,1,1,0,0,0,3,0.024821,1,0,0,0,0,0,0,0,0,0,0,1,0,231870,0.000000,0.000000
1732471156503,00012,111,2,139,139,1,73,0,2084,1400,316,881,887,102,684,393949,17,299,881,10,488,389,0,0,1427,7,430,149,71,1401241,7,1,1,1,0,0,0,3,0.024821,1,0,0,0,0,0,0,0,0,0,0,0,1,231870,0.000000,0.000000
1732471156603,00001,111,2,139,139,1,84,0,2322,1574,684,670,968,117,748,409677,0,684,658,341,230,409,0,0,1186,777,142,184,33,3014011,7,466,305,0,322,144,161,89649,24.076786,0,0,322,0,0,144,0,0,1,395,0,38,32,408258,996.000000,838.000000
1732471156603,00002,111,2,139,139,1,84,0,2322,1574,684,670,968,117,748,409677,0,684,658,341,230,409,0,0,1186,777,142,184,33,3014011,7,461,317,319,16,126,144,59155,23.307321,0,319,4,51,87,0,0,0,394,5,62,0,0,431437,802.000000,1152.000000
1732471156603,00003,111,2,139,139,1,84,0,2322,1574,684,670,968,117,748,409677,0,684,658,341,230,409,0,0,1186,777,142,184,33,3014011,7,475,312,365,0,110,163,64269,24.374643,0,365,0,0,0,110,0,0,401,0,0,73,1,432523,568.000000,314.000000
1732471156603,00006,111,2,139,139,1,84,0,2322,1574,684,670,968,117,748,409677,0,684,658,341,230,409,0,0,1186,777,142,184,33,3014011,7,459,315,0,332,127,144,74584,23.605179,0,0,332,0,66,61,0,0,390,0,38,31,0,419472,987.000000,1571.000000
1732471156603,00008,111,2,139,139,1,84,0,2322,1574,684,670,968,117,748,409677,0,684,658,341,230,409,0,0,1186,777,142,184,33,3014011,7,461,325,0,0,461,136,122020,23.083929,0,0,0,290,77,94,0,0,0,377,42,42,0,334581,2199.000000,5554.000000
1732471156603,00009,111,2,139,139,1,84,0,2322,1574,684,670,968,117,748,409677,0,684,658,341,230,409,0,0,1186,777,142,184,33,3014011,7,0,0,0,0,0,0,0,0.000000,0,0,0,0,0,0,0,0,0,0,0,0,0,493870,0.000000,0.000000
1732471156603,00012,111,2,139,139,1,84,0,2322,1574,684,670,968,117,748,409677,0,684,658,341,230,409,0,0,1186,777,142,184,33,3014011,7,0,0,0,0,0,0,0,0.000000,0,0,0,0,0,0,0,0,0,0,0,0,0,493870,0.000000,0.000000
1732471156703,00001,111,2,139,139,1,83,0,2386,1577,1008,336,1042,116,809,440758,0,1008,336,81,532,429,0,0,1641,3,475,231,36,4602953,7,473,308,341,2,130,165,81883,24.424286,0,341,2,0,0,130,0,0,405,0,0,68,0,631232,918.000000,419.000000
1732471156703,00002,111,2,139,139,1,83,0,2386,1577,1008,336,1042,116,809,440758,0,1008,336,81,532,429,0,0,1641,3,475,231,36,4602953,7,479,323,0,328,151,156,65276,23.282500,0,0,328,75,76,0,0,0,397,3,79,0,0,656547,836.000000,1571.000000
1732471156703,00003,111,2,139,139,1,83,0,2386,1577,1008,336,1042,116,809,440758,0,1008,336,81,532,429,0,0,1641,3,475,231,36,4602953,7,495,305,338,0,157,190,85071,24.796607,0,338,0,0,0,157,0,0,419,0,0,40,36,658843,575.000000,0.000000
1732471156703,00006,111,2,139,139,1,83,0,2386,1577,1008,336,1042,116,809,440758,0,1008,336,81,532,429,0,0,1641,3,475,231,36,4602953,7,496,308,329,6,161,188,64177,24.126429,0,329,6,5,156,0,0,0,420,0,31,45,0,650821,884.000000,419.000000
1732471156703,00008,111,2,139,139,1,83,0,2386,1577,1008,336,1042,116,809,440758,0,1008,336,81,532,429,0,0,1641,3,475,231,36,4602953,7,443,333,0,0,443,110,144351,21.693929,0,0,0,1,300,142,0,0,0,0,365,78,0,493770,2352.000000,7860.000000
1732471156703,00009,111,2,139,139,1,83,0,2386,1577,1008,336,1042,116,809,440758,0,1008,336,81,532,429,0,0,1641,3,475,231,36,4602953,7,0,0,0,0,0,0,0,0.000000,0,0,0,0,0,0,0,0,0,0,0,0,0,755870,0.000000,0.000000
1732471156703,00012,111,2,139,139,1,83,0,2386,1577,1008,336,1042,116,809,440758,0,1008,336,81,532,429,0,0,1641,3,475,231,36,4602953,7,0,0,0,0,0,0,0,0.000000,0,0,0,0,0,0,0,0,0,0,0,0,0,755870,0.000000,0.000000
1732471156803,00001,111,2,139,139,1,83,0,2407,1567,1315,2,1090,116,840,455116,0,1315,2,19,593,478,0,0,1614,11,452,282,48,6196690,7,483,307,329,0,154,176,88962,23.927857,0,329,0,0,0,154,0,0,395,1,0,87,0,852778,879.000000,209.000000
1732471156803,00002,111,2,139,139,1,83,0,2407,1567,1315,2,1090,116,840,455116,0,1315,2,19,593,478,0,0,1614,11,452,282,48,6196690,7,480,311,310,2,168,169,65845,23.654821,0,310,2,19,149,0,0,0,399,10,71,0,0,887569,804.000000,838.000000
1732471156803,00003,111,2,139,139,1,83,0,2407,1567,1315,2,1090,116,840,455116,0,1315,2,19,593,478,0,0,1614,11,452,282,48,6196690,7,521,313,345,0,176,208,92531,25.119286,0,345,0,0,0,176,0,0,430,0,0,43,48,878841,623.000000,104.000000
1732471156803,00006,111,2,139,139,1,83,0,2407,1567,1315,2,1090,116,840,455116,0,1315,2,19,593,478,0,0,1614,11,452,282,48,6196690,7,497,311,331,0,166,186,73707,24.325000,0,331,0,0,166,0,0,0,390,0,40,67,0,875712,862.000000,419.000000
1732471156803,00008,111,2,139,139,1,83,0,2407,1567,1315,2,1090,116,840,455116,0,1315,2,19,593,478,0,0,1614,11,452,282,48,6196690,7,426,325,0,0,426,101,134071,21.371250,0,0,0,0,278,148,0,0,0,0,341,85,0,666050,2381.000000,7231.000000
1732471156803,00009,111,2,139,139,1,83,0,2407,1567,1315,2,1090,116,840,455116,0,1315,2,19,593,478,0,0,1614,11,452,282,48,6196690,7,0,0,0,0,0,0,0,0.000000,0,0,0,0,0,0,0,0,0,0,0,0,0,1017870,0.000000,0.000000
1732471156803,00012,111,2,139,139,1,83,0,2407,1567,1315,2,1090,116,840,455116,0,1315,2,19,593,478,0,0,1614,11,452,282,48,6196690,7,0,0,0,0,0,0,0,0.000000,0,0,0,0,0,0,0,0,0,0,0,0,0,1017870,0.000000,0.000000
1732471156903,00001,111,2,139,139,1,83,0,2340,1629,664,652,1024,116,711,455159,0,664,630,63,499,484,0,0,1223,400,465,222,30,7772526,7,468,326,3,303,162,142,99479,23.630000,0,3,303,0,32,130,0,0,0,387,0,81,0,1060561,974.000000,2934.000000
1732471156903,00002,111,2,139,139,1,83,0,2340,1629,664,652,1024,116,711,455159,0,664,630,63,499,484,0,0,1223,400,465,222,30,7772526,7,468,322,322,22,124,146,54113,23.431429,0,322,0,63,83,0,0,0,403,13,52,0,0,1120614,791.000000,838.000000
1732471156903,00003,111,2,139,139,1,83,0,2340,1629,664,652,1024,116,711,455159,0,664,630,63,499,484,0,0,1223,400,465,222,30,7772526,7,457,317,336,0,121,140,78238,24.101607,0,336,0,0,0,121,0,0,400,0,0,27,30,1104135,644.000000,209.000000
1732471156903,00006,111,2,139,139,1,83,0,2340,1629,664,652,1024,116,711,455159,0,664,630,63,499,484,0,0,1223,400,465,222,30,7772526,7,501,314,3,327,171,187,84607,24.920714,0,3,327,0,90,81,0,0,420,0,41,40,0,1095534,875.000000,943.000000
1732471156903,00008,111,2,139,139,1,83,0,2340,1629,664,652,1024,116,711,455159,0,664,630,63,499,484,0,0,1223,400,465,222,30,7772526,7,446,350,0,0,446,96,138722,22.537857,0,0,0,0,294,152,0,0,0,0,372,74,0,831942,2401.000000,7650.000000
1732471156903,00009,111,2,139,139,1,83,0,2340,1629,664,652,1024,116,711,455159,0,664,630,63,499,484,0,0,1223,400,465,222,30,7772526,7,0,0,0,0,0,0,0,0.000000,0,0,0,0,0,0,0,0,0,0,0,0,0,1279870,0.000000,0.000000
1732471156903,00012,111,2,139,139,1,83,0,2340,1629,664,652,1024,116,711,455159,0,664,630,63,499,484,0,0,1223,400,465,222,30,7772526,7,0,0,0,0,0,0,0,0.000000,0,0,0,0,0,0,0,0,0,0,0,0,0,1279870,0.000000,0.000000
1732471157003,00001,111,2,139,139,1,83,0,2358,1621,1020,364,974,116,737,443887,0,1020,338,74,489,437,0,0,1635,12,489,134,88,9349231,7,481,319,0,332,149,162,102837,24.473929,0,0,332,0,0,149,0,0,407,0,0,29,45,1270209,1029.000000,1362.000000
1732471157003,00002,111,2,139,139,1,83,0,2358,1621,1020,364,974,116,737,443887,0,1020,338,74,489,437,0,0,1635,12,489,134,88,9349231,7,456,322,316,26,114,134,55522,23.505893,0,316,0,74,66,0,0,0,384,12,60,0,0,1352908,780.000000,838.000000
1732471157003,00003,111,2,139,139,1,83,0,2358,1621,1020,364,974,116,737,443887,0,1020,338,74,489,437,0,0,1635,12,489,134,88,9349231,7,510,310,366,0,144,200,75805,25.168929,0,366,0,0,0,144,0,0,437,0,0,30,43,1332020,623.000000,104.000000
1732471157003,00006,111,2,139,139,1,83,0,2358,1621,1020,364,974,116,737,443887,0,1020,338,74,489,437,0,0,1635,12,489,134,88,9349231,7,478,323,338,6,134,155,65357,23.952679,0,338,6,0,134,0,0,0,407,0,71,0,0,1324745,850.000000,1048.000000
1732471157003,00008,111,2,139,139,1,83,0,2358,1621,1020,364,974,116,737,443887,0,1020,338,74,489,437,0,0,1635,12,489,134,88,9349231,7,433,347,0,0,433,86,144366,21.371250,0,0,0,0,289,144,0,0,0,0,358,75,0,985609,2475.000000,8488.000000
1732471157003,00009,111,2,139,139,1,83,0,2358,1621,1020,364,974,116,737,443887,0,1020,338,74,489,437,0,0,1635,12,489,134,88,9349231,7,0,0,0,0,0,0,0,0.000000,0,0,0,0,0,0,0,0,0,0,0,0,0,1541870,0.000000,0.000000
1732471157003,00012,111,2,139,139,1,83,0,2358,1621,1020,364,974,116,737,443887,0,1020,338,74,489,437,0,0,1635,12,489,134,88,9349231,7,0,0,0,0,0,0,0,0.000000,0,0,0,0,0,0,0,0,0,0,0,0,0,1541870,0.000000,0.000000
1732471157103,00001,111,2,139,139,1,83,0,2278,1747,703,665,910,116,531,407572,0,703,665,351,231,328,0,0,836,1184,110,97,51,10930756,7,458,344,0,357,101,114,86704,24.225714,0,0,357,0,0,101,0,0,0,410,0,27,21,1481010,1065.000000,3143.000000
1732471157103,00002,111,2,139,139,1,83,0,2278,1747,703,665,910,116,531,407572,0,703,665,351,231,328,0,0,836,1184,110,97,51,10930756,7,451,351,0,308,143,100,75117,23.381786,0,0,308,7,136,0,0,0,0,384,67,0,0,1566695,848.000000,3668.000000
1732471157103,00003,111,2,139,139,1,83,0,2278,1747,703,665,910,116,531,407572,0,703,665,351,231,328,0,0,836,1184,110,97,51,10930756,7,477,343,358,0,119,134,74779,24.722143,0,358,0,0,0,119,0,0,425,0,0,22,30,1555000,646.000000,628.000000
1732471157103,00006,111,2,139,139,1,83,0,2278,1747,703,665,910,116,531,407572,0,703,665,351,231,328,0,0,836,1184,110,97,51,10930756,7,453,346,345,0,108,107,54386,23.853393,0,345,0,17,91,0,0,0,411,0,42,0,0,1557328,836.000000,1571.000000
1732471157103,00008,111,2,139,139,1,83,0,2278,1747,703,665,910,116,531,407572,0,703,665,351,231,328,0,0,836,1184,110,97,51,10930756,7,439,363,0,0,439,76,116586,22.835714,0,0,0,327,4,108,0,0,0,390,1,48,0,1162983,2434.000000,6707.000000
1732471157103,00009,111,2,139,139,1,83,0,2278,1747,703,665,910,116,531,407572,0,703,665,351,231,328,0,0,836,1184,110,97,51,10930756,7,0,0,0,0,0,0,0,0.000000,0,0,0,0,0,0,0,0,0,0,0,0,0,1803870,0.000000,0.000000
1732471157103,00012,111,2,139,139,1,83,0,2278,1747,703,665,910,116,531,407572,0,703,665,351,231,328,0,0,836,1184,110,97,51,10930756,7,0,0,0,0,0,0,0,0.000000,0,0,0,0,0,0,0,0,0,0,0,0,0,1803870,0.000000,0.000000
1732471157203,00001,111,2,139,139,1,83,0,2144,1852,751,706,687,116,292,390103,0,751,706,15,450,222,0,0,825,785,436,71,27,12467269,7,436,369,358,4,74,67,56419,23.853393,0,358,4,0,0,74,0,0,411,0,0,11,14,1709754,1028.000000,1257.000000
1732471157203,00002,111,2,139,139,1,83,0,2144,1852,751,706,687,116,292,390103,0,751,706,15,450,222,0,0,825,785,436,71,27,12467269,7,418,376,0,359,59,42,61044,23.282500,0,0,359,13,46,0,0,0,0,392,26,0,0,1779910,903.000000,3772.000000
1732471157203,00003,111,2,139,139,1,83,0,2144,1852,751,706,687,116,292,390103,0,751,706,15,450,222,0,0,825,785,436,71,27,12467269,7,442,360,391,0,51,82,41340,24.895893,0,391,0,0,0,51,0,0,414,0,0,15,13,1792907,631.000000,733.000000
1732471157203,00006,111,2,139,139,1,83,0,2144,1852,751,706,687,116,292,390103,0,751,706,15,450,222,0,0,825,785,436,71,27,12467269,7,429,371,2,343,84,58,84744,23.679643,0,2,343,0,42,42,0,0,0,393,20,16,0,1754663,941.000000,5240.000000
1732471157203,00008,111,2,139,139,1,83,0,2144,1852,751,706,687,116,292,390103,0,751,706,15,450,222,0,0,825,785,436,71,27,12467269,7,419,376,0,0,419,43,146556,23.356964,0,0,0,2,362,55,0,0,0,0,390,29,0,1298295,2549.000000,10060.000000
1732471157203,00009,111,2,139,139,1,83,0,2144,1852,751,706,687,116,292,390103,0,751,706,15,450,222,0,0,825,785,436,71,27,12467269,7,0,0,0,0,0,0,0,0.000000,0,0,0,0,0,0,0,0,0,0,0,0,0,2065870,0.000000,0.000000
1732471157203,00012,111,2,139,139,1,83,0,2144,1852,751,706,687,116,292,390103,0,751,706,15,450,222,0,0,825,785,436,71,27,12467269,7,0,0,0,0,0,0,0,0.000000,0,0,0,0,0,0,0,0,0,0,0,0,0,2065870,0.000000,0.000000
1732471157303,00001,111,2,139,139,1,83,0,2385,1616,996,377,1012,116,769,431138,0,996,358,73,464,494,0,0,1637,11,479,216,42,14065427,7,510,305,350,0,160,205,82161,25.466786,0,350,0,0,0,160,0,0,427,0,0,83,0,1935639,2348.000000,0.000000
1732471157303,00002,111,2,139,139,1,83,0,2385,1616,996,377,1012,116,769,431138,0,996,358,73,464,494,0,0,1637,11,479,216,42,14065427,7,465,329,298,24,143,136,61377,23.208036,0,298,5,73,89,0,0,0,390,11,64,0,0,2011820,836.000000,0.000000
1732471157303,00003,111,2,139,139,1,83,0,2385,1616,996,377,1012,116,769,431138,0,996,358,73,464,494,0,0,1637,11,479,216,42,14065427,7,486,319,348,0,138,167,76304,24.325000,0,348,0,0,13,125,0,0,417,0,0,27,42,2017324,404.000000,0.000000
1732471157303,00006,111,2,139,139,1,83,0,2385,1616,996,377,1012,116,769,431138,0,996,358,73,464,494,0,0,1637,11,479,216,42,14065427,7,468,338,0,353,115,130,71516,22.810893,0,0,353,0,52,63,0,0,403,0,30,35,0,1975182,552.000000,0.000000
1732471157303,00008,111,2,139,139,1,83,0,2385,1616,996,377,1012,116,769,431138,0,996,358,73,464,494,0,0,1637,11,479,216,42,14065427,7,456,325,0,0,456,131,139780,22.910179,0,0,0,0,310,146,0,0,0,0,385,71,0,1469722,1832.000000,104.000000
1732471157303,00009,111,2,139,139,1,83,0,2385,1616,996,377,1012,116,769,431138,0,996,358,73,464,494,0,0,1637,11,479,216,42,14065427,7,0,0,0,0,0,0,0,0.000000,0,0,0,0,0,0,0,0,0,0,0,0,0,2327870,0.000000,0.000000
1732471157303,00012,111,2,139,139,1,83,0,2385,1616,996,377,1012,116,769,431138,0,996,358,73,464,494,0,0,1637,11,479,216,42,14065427,7,0,0,0,0,0,0,0,0.000000,0,0,0,0,0,0,0,0,0,0,0,0,0,2327870,0.000000,0.000000
1732471157403,00001,111,2,139,139,1,83,0,2336,1627,346,1008,982,116,709,457288,0,346,1008,77,488,417,0,0,1617,14,520,110,75,15637476,7,472,316,3,330,139,156,94217,24.374643,0,3,330,0,0,139,0,0,415,0,0,22,35,2153154,1071.000000,1886.000000
1732471157403,00002,111,2,139,139,1,83,0,2336,1627,346,1008,982,116,709,457288,0,346,1008,77,488,417,0,0,1617,14,520,110,75,15637476,7,483,312,5,333,145,171,67253,24.598036,0,5,333,77,68,0,0,0,399,14,70,0,0,2236896,875.000000,1362.000000
1732471157403,00003,111,2,139,139,1,83,0,2336,1627,346,1008,982,116,709,457288,0,346,1008,77,488,417,0,0,1617,14,520,110,75,15637476,7,488,317,336,0,152,171,89080,24.920714,0,336,0,0,0,152,0,0,418,0,0,30,40,2239266,766.000000,314.000000
1732471157403,00006,111,2,139,139,1,83,0,2336,1627,346,1008,982,116,709,457288,0,346,1008,77,488,417,0,0,1617,14,520,110,75,15637476,7,452,333,2,345,105,119,72143,22.761250,0,2,345,0,105,0,0,0,385,0,67,0,0,2191795,1087.000000,2724.000000
1732471157403,00008,111,2,139,139,1,83,0,2336,1627,346,1008,982,116,709,457288,0,346,1008,77,488,417,0,0,1617,14,520,110,75,15637476,7,441,349,0,0,441,92,134595,22.190357,0,0,0,0,315,126,0,0,0,0,383,58,0,1636625,2484.000000,7545.000000
1732471157403,00009,111,2,139,139,1,83,0,2336,1627,346,1008,982,116,709,457288,0,346,1008,77,488,417,0,0,1617,14,520,110,75,15637476,7,0,0,0,0,0,0,0,0.000000,0,0,0,0,0,0,0,0,0,0,0,0,0,2589870,0.000000,0.000000
1732471157403,00012,111,2,139,139,1,83,0,2336,1627,346,1008,982,116,709,457288,0,346,1008,77,488,417,0,0,1617,14,520,110,75,15637476,7,0,0,0,0,0,0,0,0.000000,0,0,0,0,0,0,0,0,0,0,0,0,0,2589870,0.000000,0.000000
1732471157503,00001,111,2,139,139,1,83,0,2336,1650,719,676,941,116,686,417929,0,719,676,23,520,398,0,443,837,373,467,182,34,17223459,7,506,316,376,10,120,190,63326,25.615714,0,376,10,0,42,78,0,443,0,0,9,54,0,2385442,810.000000,104.000000
1732471157503,00002,111,2,139,139,1,83,0,2336,1650,719,676,941,116,686,417929,0,719,676,23,520,398,0,443,837,373,467,182,34,17223459,7,445,338,0,279,166,107,79169,22.959821,0,0,279,23,143,0,0,0,0,373,72,0,0,2451383,1063.000000,3877.000000
1732471157503,00003,111,2,139,139,1,83,0,2336,1650,719,676,941,116,686,417929,0,719,676,23,520,398,0,443,837,373,467,182,34,17223459,7,486,320,5,380,101,166,75504,24.349821,0,5,380,0,0,101,0,0,426,0,0,26,34,2458676,833.000000,0.000000
1732471157503,00006,111,2,139,139,1,83,0,2336,1650,719,676,941,116,686,417929,0,719,676,23,520,398,0,443,837,373,467,182,34,17223459,7,461,331,338,7,116,130,65595,23.828571,0,338,7,0,35,81,0,0,411,0,16,34,0,2419671,917.000000,628.000000
1732471157503,00008,111,2,139,139,1,83,0,2336,1650,719,676,941,116,686,417929,0,719,676,23,520,398,0,443,837,373,467,182,34,17223459,7,438,345,0,0,438,93,134335,22.115893,0,0,0,0,300,138,0,0,0,0,370,68,0,1804547,2482.000000,6916.000000
1732471157503,00009,111,2,139,139,1,83,0,2336,1650,719,676,941,116,686,417929,0,719,676,23,520,398,0,443,837,373,467,182,34,17223459,7,0,0,0,0,0,0,0,0.000000,0,0,0,0,0,0,0,0,0,0,0,0,0,2851870,0.000000,0.000000
1732471157503,00012,111,2,139,139,1,83,0,2336,1650,719,676,941,116,686,417929,0,719,676,23,520,398,0,443,837,373,467,182,34,17223459,7,0,0,0,0,0,0,0,0.000000,0,0,0,0,0,0,0,0,0,0,0,0,0,2851870,0.000000,0.000000
1732471157603,00001,111,2,139,139,1,83,0,2407,1588,684,707,1016,116,819,456403,0,684,669,82,516,456,0,0,1240,422,507,156,82,18802031,7,480,316,3,321,156,164,98186,23.952679,0,3,321,0,0,156,0,0,407,0,0,33,40,2600173,925.000000,1257.000000
1732471157603,00002,111,2,139,139,1,83,0,2407,1588,684,707,1016,116,819,456403,0,684,669,82,516,456,0,0,1240,422,507,156,82,18802031,7,486,297,332,46,108,189,47170,24.399464,0,332,8,82,64,0,0,0,406,37,43,0,0,2691615,896.000000,209.000000
1732471157603,00003,111,2,139,139,1,83,0,2407,1588,684,707,1016,116,819,456403,0,684,669,82,516,456,0,0,1240,422,507,156,82,18802031,7,502,308,346,6,150,194,79291,24.871071,0,346,6,0,0,150,0,0,427,0,0,33,42,2685384,769.000000,104.000000
1732471157603,00006,111,2,139,139,1,83,0,2407,1588,684,707,1016,116,819,456403,0,684,669,82,516,456,0,0,1240,422,507,156,82,18802031,7,484,330,3,334,147,154,81679,23.232857,0,3,334,0,147,0,0,0,0,385,99,0,0,2633910,983.000000,2305.000000
1732471157603,00008,111,2,139,139,1,83,0,2407,1588,684,707,1016,116,819,456403,0,684,669,82,516,456,0,0,1240,422,507,156,82,18802031,7,455,337,0,0,455,118,150077,22.165536,0,0,0,0,305,150,0,0,0,0,365,90,0,1963209,2536.000000,8384.000000
1732471157603,00009,111,2,139,139,1,83,0,2407,1588,684,707,1016,116,819,456403,0,684,669,82,516,456,0,0,1240,422,507,156,82,18802031,7,0,0,0,0,0,0,0,0.000000,0,0,0,0,0,0,0,0,0,0,0,0,0,3113870,0.000000,0.000000
1732471157603,00012,111,2,139,139,1,83,0,2407,1588,684,707,1016,116,819,456403,0,684,669,82,516,456,0,0,1240,422,507,156,82,18802031,7,0,0,0,0,0,0,0,0.000000,0,0,0,0,0,0,0,0,0,0,0,0,0,3113870,0.000000,0.000000
1732471157703,00001,111,2,139,139,1,83,0,2345,1606,697,599,1049,116,739,459627,362,335,599,36,591,422,0,425,737,419,508,211,45,20376530,7,503,318,0,335,168,185,101697,25.640536,0,0,335,0,0,168,0,0,0,419,0,39,45,2814353,974.000000,2515.000000
1732471157703,00002,111,2,139,139,1,83,0,2345,1606,697,599,1049,116,739,459627,362,335,599,36,591,422,0,425,737,419,508,211,45,20376530,7,441,327,3,261,177,114,83714,22.711607,0,3,261,36,141,0,0,0,344,0,97,0,0,2904773,994.000000,3772.000000
1732471157703,00003,111,2,139,139,1,83,0,2345,1606,697,599,1049,116,739,459627,362,335,599,36,591,422,0,425,737,419,508,211,45,20376530,7,487,297,364,0,123,190,58299,25.020000,362,2,0,0,18,105,0,425,0,0,11,51,0,2923094,672.000000,0.000000
1732471157703,00006,111,2,139,139,1,83,0,2345,1606,697,599,1049,116,739,459627,362,335,599,36,591,422,0,425,737,419,508,211,45,20376530,7,468,326,330,3,135,142,62449,22.959821,0,330,3,0,135,0,0,0,393,0,36,39,0,2862653,923.000000,733.000000
1732471157703,00008,111,2,139,139,1,83,0,2345,1606,697,599,1049,116,739,459627,362,335,599,36,591,422,0,425,737,419,508,211,45,20376530,7,446,338,0,0,446,108,153468,22.413750,0,0,0,0,297,149,0,0,0,0,364,82,0,2119917,2602.000000,7964.000000
1732471157703,00009,111,2,139,139,1,83,0,2345,1606,697,599,1049,116,739,459627,362,335,599,36,591,422,0,425,737,419,508,211,45,20376530,7,0,0,0,0,0,0,0,0.000000,0,0,0,0,0,0,0,0,0,0,0,0,0,3375870,0.000000,0.000000
1732471157703,00012,111,2,139,139,1,83,0,2345,1606,697,599,1049,116,739,459627,362,335,599,36,591,422,0,425,737,419,508,211,45,20376530,7,0,0,0,0,0,0,0,0.000000,0,0,0,0,0,0,0,0,0,0,0,0,0,3375870,0.000000,0.000000
1732471157803,00001,111,2,139,139,1,82,0,2356,1596,1299,20,1037,115,760,422214,4,1295,13,61,450,533,0,0,1615,34,451,180,76,21981597,7,469,320,319,4,146,149,79571,23.704464,0,319,4,0,0,146,0,0,398,0,0,32,39,3038291,941.000000,314.000000
1732471157803,00002,111,2,139,139,1,82,0,2356,1596,1299,20,1037,115,760,422214,4,1295,13,61,450,533,0,0,1615,34,451,180,76,21981597,7,481,305,326,16,139,176,57683,24.598036,0,326,9,61,85,0,0,0,410,34,37,0,0,3139293,938.000000,1048.000000
1732471157803,00003,111,2,139,139,1,82,0,2356,1596,1299,20,1037,115,760,422214,4,1295,13,61,450,533,0,0,1615,34,451,180,76,21981597,7,495,310,347,0,148,185,79956,24.995179,4,343,0,0,0,148,0,0,428,0,0,30,37,3151452,641.000000,0.000000
1732471157803,00006,111,2,139,139,1,82,0,2356,1596,1299,20,1037,115,760,422214,4,1295,13,61,450,533,0,0,1615,34,451,180,76,21981597,7,460,321,307,0,153,139,67429,22.513036,0,307,0,0,76,77,0,0,379,0,38,43,0,3089613,889.000000,943.000000
1732471157803,00008,111,2,139,139,1,82,0,2356,1596,1299,20,1037,115,760,422214,4,1295,13,61,450,533,0,0,1615,34,451,180,76,21981597,7,451,340,0,0,451,111,137575,22.364107,0,0,0,0,289,162,0,0,0,0,376,75,0,2287208,2574.000000,6916.000000
1732471157803,00009,111,2,139,139,1,82,0,2356,1596,1299,20,1037,115,760,422214,4,1295,13,61,450,533,0,0,1615,34,451,180,76,21981597,7,0,0,0,0,0,0,0,0.000000,0,0,0,0,0,0,0,0,0,0,0,0,0,3637870,0.000000,0.000000
1732471157803,00012,111,2,139,139,1,82,0,2356,1596,1299,20,1037,115,760,422214,4,1295,13,61,450,533,0,0,1615,34,451,180,76,21981597,7,0,0,0,0,0,0,0,0.000000,0,0,0,0,0,0,0,0,0,0,0,0,0,3637870,0.000000,0.000000
1732471157903,00001,111,2,139,139,1,83,0,2341,1596,354,954,1033,116,745,462210,0,354,954,64,505,464,0,0,1194,414,460,204,69,23552779,7,474,320,3,321,150,154,100517,23.704464,0,3,321,0,0,150,0,0,0,405,0,36,33,3246666,1005.000000,1991.000000
1732471157903,00002,111,2,139,139,1,83,0,2341,1596,354,954,1033,116,745,462210,0,354,954,64,505,464,0,0,1194,414,460,204,69,23552779,7,476,315,5,321,150,161,69975,24.622857,0,5,321,64,86,0,0,0,396,9,71,0,0,3363772,936.000000,943.000000
1732471157903,00003,111,2,139,139,1,83,0,2341,1596,354,954,1033,116,745,462210,0,354,954,64,505,464,0,0,1194,414,460,204,69,23552779,7,487,303,345,0,142,184,76991,24.970357,0,345,0,0,0,142,0,0,408,0,0,43,36,3377295,640.000000,104.000000
1732471157903,00006,111,2,139,139,1,83,0,2341,1596,354,954,1033,116,745,462210,0,354,954,64,505,464,0,0,1194,414,460,204,69,23552779,7,465,322,1,312,152,143,76865,23.232857,0,1,312,0,145,7,0,0,390,0,44,31,0,3309998,913.000000,2305.000000
1732471157903,00008,111,2,139,139,1,83,0,2341,1596,354,954,1033,116,745,462210,0,354,954,64,505,464,0,0,1194,414,460,204,69,23552779,7,439,336,0,0,439,103,137862,22.066250,0,0,0,0,274,165,0,0,0,0,345,94,0,2455308,2558.000000,7336.000000
1732471157903,00009,111,2,139,139,1,83,0,2341,1596,354,954,1033,116,745,462210,0,354,954,64,505,464,0,0,1194,414,460,204,69,23552779,7,0,0,0,0,0,0,0,0.000000,0,0,0,0,0,0,0,0,0,0,0,0,0,3899870,0.000000,0.000000
1732471157903,00012,111,2,139,139,1,83,0,2341,1596,354,954,1033,116,745,462210,0,354,954,64,505,464,0,0,1194,414,460,204,69,23552779,7,0,0,0,0,0,0,0,0.000000,0,0,0,0,0,0,0,0,0,0,0,0,0,3899870,0.000000,0.000000
1732471158003,00001,111,2,139,139,1,83,0,2292,1640,347,980,965,116,652,487236,0,347,649,401,501,394,0,0,827,793,498,125,49,25086063,7,475,320,344,5,126,155,79574,24.697321,0,344,5,0,0,126,0,0,416,2,0,33,24,3472190,966.000000,524.000000
1732471158003,00002,111,2,139,139,1,83,0,2292,1640,347,980,965,116,652,487236,0,347,649,401,501,394,0,0,827,793,498,125,49,25086063,7,442,340,1,290,151,102,68946,22.686786,0,1,290,70,81,0,0,0,1,375,66,0,0,3581015,971.000000,3143.000000
1732471158003,00003,111,2,139,139,1,83,0,2292,1640,347,980,965,116,652,487236,0,347,649,401,501,394,0,0,827,793,498,125,49,25086063,7,475,324,1,331,143,151,121365,24.573214,0,1,0,331,0,143,0,0,0,416,0,34,25,3567954,837.000000,4192.000000
1732471158003,00006,111,2,139,139,1,83,0,2292,1640,347,980,965,116,652,487236,0,347,649,401,501,394,0,0,827,793,498,125,49,25086063,7,477,317,1,354,122,160,71448,25.144107,0,1,354,0,122,0,0,0,410,0,67,0,0,3532309,916.000000,1048.000000
1732471158003,00008,111,2,139,139,1,83,0,2292,1640,347,980,965,116,652,487236,0,347,649,401,501,394,0,0,827,793,498,125,49,25086063,7,423,339,0,0,423,84,145903,21.867679,0,0,0,0,298,125,0,0,0,0,365,58,0,2608855,2610.000000,8279.000000
1732471158003,00009,111,2,139,139,1,83,0,2292,1640,347,980,965,116,652,487236,0,347,649,401,501,394,0,0,827,793,498,125,49,25086063,7,0,0,0,0,0,0,0,0.000000,0,0,0,0,0,0,0,0,0,0,0,0,0,4161870,0.000000,0.000000
1732471158003,00012,111,2,139,139,1,83,0,2292,1640,347,980,965,116,652,487236,0,347,649,401,501,394,0,0,827,793,498,125,49,25086063,7,0,0,0,0,0,0,0,0.000000,0,0,0,0,0,0,0,0,0,0,0,0,0,4161870,0.000000,0.000000
1732471158103,00001,111,2,139,139,1,82,0,2381,1564,685,923,773,115,817,417072,0,685,644,358,304,390,0,415,1179,383,204,105,95,26700361,7,470,313,4,302,164,157,97420,23.208036,0,4,302,0,0,164,0,0,386,0,0,33,51,3685366,995.000000,1781.000000
1732471158103,00002,111,2,139,139,1,82,0,2381,1564,685,923,773,115,817,417072,0,685,644,358,304,390,0,415,1179,383,204,105,95,26700361,7,500,308,0,334,166,192,72794,24.895893,0,0,334,68,98,0,0,0,406,15,79,0,0,3805718,958.000000,733.000000
1732471158103,00003,111,2,139,139,1,82,0,2381,1564,685,923,773,115,817,417072,0,685,644,358,304,390,0,415,1179,383,204,105,95,26700361,7,499,300,348,7,144,199,74109,24.846250,0,348,0,7,0,144,0,415,0,1,0,39,44,3798235,806.000000,209.000000
1732471158103,00006,111,2,139,139,1,82,0,2381,1564,685,923,773,115,817,417072,0,685,644,358,304,390,0,415,1179,383,204,105,95,26700361,7,466,314,333,8,125,152,58690,22.935000,0,333,8,11,114,0,0,0,387,0,79,0,0,3762294,892.000000,733.000000
1732471158103,00008,111,2,139,139,1,82,0,2381,1564,685,923,773,115,817,417072,0,685,644,358,304,390,0,415,1179,383,204,105,95,26700361,7,446,329,0,272,174,117,114059,22.413750,0,0,0,272,92,82,0,0,0,367,46,33,0,2801008,2519.000000,4820.000000
1732471158103,00009,111,2,139,139,1,82,0,2381,1564,685,923,773,115,817,417072,0,685,644,358,304,390,0,415,1179,383,204,105,95,26700361,7,0,0,0,0,0,0,0,0.000000,0,0,0,0,0,0,0,0,0,0,0,0,0,4423870,0.000000,0.000000
1732471158103,00012,111,2,139,139,1,82,0,2381,1564,685,923,773,115,817,417072,0,685,644,358,304,390,0,415,1179,383,204,105,95,26700361,7,0,0,0,0,0,0,0,0.000000,0,0,0,0,0,0,0,0,0,0,0,0,0,4423870,0.000000,0.000000
1732471158203,00001,111,2,139,139,1,83,0,2316,1621,7,1324,985,116,695,503095,0,7,1011,313,586,399,0,0,1211,380,523,103,99,28235185,7,459,343,0,317,142,116,121706,23.481071,0,0,5,312,0,142,0,0,0,380,0,8,71,3870951,1102.000000,4611.000000
1732471158203,00002,111,2,139,139,1,83,0,2316,1621,7,1324,985,116,695,503095,0,7,1011,313,586,399,0,0,1211,380,523,103,99,28235185,7,461,327,0,326,135,134,78029,23.133571,0,0,326,0,135,0,0,0,386,0,75,0,0,4021092,982.000000,3353.000000
1732471158203,00003,111,2,139,139,1,83,0,2316,1621,7,1324,985,116,695,503095,0,7,1011,313,586,399,0,0,1211,380,523,103,99,28235185,7,465,295,3,329,133,170,93116,24.846250,0,3,329,0,0,133,0,0,408,0,0,29,28,4015911,821.000000,209.000000
1732471158203,00006,111,2,139,139,1,83,0,2316,1621,7,1324,985,116,695,503095,0,7,1011,313,586,399,0,0,1211,380,523,103,99,28235185,7,487,318,4,351,132,169,74141,24.796607,0,4,351,0,132,0,0,0,417,0,70,0,0,3985071,898.000000,1362.000000
1732471158203,00008,111,2,139,139,1,83,0,2316,1621,7,1324,985,116,695,503095,0,7,1011,313,586,399,0,0,1211,380,523,103,99,28235185,7,444,338,0,1,443,106,136103,22.513036,0,0,0,1,319,124,0,0,0,0,378,66,0,2970420,2510.000000,7650.000000
1732471158203,00009,111,2,139,139,1,83,0,2316,1621,7,1324,985,116,695,503095,0,7,1011,313,586,399,0,0,1211,380,523,103,99,28235185,7,0,0,0,0,0,0,0,0.000000,0,0,0,0,0,0,0,0,0,0,0,0,0,4685870,0.000000,0.000000
1732471158203,00012,111,2,139,139,1,83,0,2316,1621,7,1324,985,116,695,503095,0,7,1011,313,586,399,0,0,1211,380,523,103,99,28235185,7,0,0,0,0,0,0,0,0.000000,0,0,0,0,0,0,0,0,0,0,0,0,0,4685870,0.000000,0.000000
1732471158303,00001,111,2,139,139,1,84,0,2351,1565,959,358,1034,117,786,461587,0,959,328,79,505,480,0,0,814,837,470,148,82,29814198,7,472,307,325,5,142,165,85097,24.151250,0,325,0,5,0,142,0,0,0,406,0,34,32,4092525,287.000000,0.000000
1732471158303,00002,111,2,139,139,1,84,0,2351,1565,959,358,1034,117,786,461587,0,959,328,79,505,480,0,0,814,837,470,148,82,29814198,7,488,314,317,36,135,174,52864,24.300179,0,317,11,74,86,0,0,0,407,37,44,0,0,4259055,0.000000,0.000000
1732471158303,00003,111,2,139,139,1,84,0,2351,1565,959,358,1034,117,786,461587,0,959,328,79,505,480,0,0,814,837,470,148,82,29814198,7,472,317,0,309,163,155,102378,23.108750,0,0,309,0,0,163,0,0,2,394,0,26,50,4224091,1519.000000,0.000000
1732471158303,00006,111,2,139,139,1,84,0,2351,1565,959,358,1034,117,786,461587,0,959,328,79,505,480,0,0,814,837,470,148,82,29814198,7,475,301,317,8,150,174,67065,24.225714,0,317,8,0,150,0,0,0,405,0,70,0,0,4214978,830.000000,0.000000
1732471158303,00008,111,2,139,139,1,84,0,2351,1565,959,358,1034,117,786,461587,0,959,328,79,505,480,0,0,814,837,470,148,82,29814198,7,444,326,0,0,444,118,154183,22.537857,0,0,0,0,269,175,0,0,0,0,356,88,0,3127809,2888.000000,0.000000
1732471158303,00009,111,2,139,139,1,84,0,2351,1565,959,358,1034,117,786,461587,0,959,328,79,505,480,0,0,814,837,470,148,82,29814198,7,0,0,0,0,0,0,0,0.000000,0,0,0,0,0,0,0,0,0,0,0,0,0,4947870,0.000000,0.000000
1732471158303,00012,111,2,139,139,1,84,0,2351,1565,959,358,1034,117,786,461587,0,959,328,79,505,480,0,0,814,837,470,148,82,29814198,7,0,0,0,0,0,0,0,0.000000,0,0,0,0,0,0,0,0,0,0,0,0,0,4947870,0.000000,0.000000
1732471158403,00001,111,2,139,139,1,83,0,2400,1601,998,356,1046,116,799,429186,0,998,328,354,236,484,0,0,1210,396,487,268,39,31415815,7,482,336,3,321,158,146,85698,23.257679,0,3,321,0,69,89,0,0,0,395,0,87,0,4306855,1110.000000,2305.000000
1732471158403,00002,111,2,139,139,1,83,0,2400,1601,998,356,1046,116,799,429186,0,998,328,354,236,484,0,0,1210,396,487,268,39,31415815,7,492,310,321,28,143,182,61912,24.548393,0,321,0,84,87,0,0,0,398,0,94,0,0,4489561,712.000000,733.000000
1732471158403,00003,111,2,139,139,1,83,0,2400,1601,998,356,1046,116,799,429186,0,998,328,354,236,484,0,0,1210,396,487,268,39,31415815,7,495,306,349,5,141,189,72999,24.151250,0,349,5,0,0,141,0,0,417,1,0,38,39,4453233,612.000000,0.000000
1732471158403,00006,111,2,139,139,1,83,0,2400,1601,998,356,1046,116,799,429186,0,998,328,354,236,484,0,0,1210,396,487,268,39,31415815,7,482,314,325,2,155,168,79617,23.977500,0,325,2,0,58,97,0,0,395,0,38,49,0,4437531,802.000000,943.000000
1732471158403,00008,111,2,139,139,1,83,0,2400,1601,998,356,1046,116,799,429186,0,998,328,354,236,484,0,0,1210,396,487,268,39,31415815,7,449,335,0,0,449,114,128960,22.612321,0,0,0,270,22,157,0,0,0,0,355,94,0,3308895,2145.000000,6497.000000
1732471158403,00009,111,2,139,139,1,83,0,2400,1601,998,356,1046,116,799,429186,0,998,328,354,236,484,0,0,1210,396,487,268,39,31415815,7,0,0,0,0,0,0,0,0.000000,0,0,0,0,0,0,0,0,0,0,0,0,0,5209870,0.000000,0.000000
1732471158403,00012,111,2,139,139,1,83,0,2400,1601,998,356,1046,116,799,429186,0,998,328,354,236,484,0,0,1210,396,487,268,39,31415815,7,0,0,0,0,0,0,0,0.000000,0,0,0,0,0,0,0,0,0,0,0,0,0,5209870,0.000000,0.000000
1732471158503,00001,111,2,139,139,1,82,0,2371,1585,989,301,1081,115,786,474252,0,989,301,31,578,472,0,0,1192,431,513,160,75,32992912,7,482,307,322,8,152,175,90850,24.424286,0,322,8,0,2,150,0,0,405,2,0,35,40,4527881,941.000000,209.000000
1732471158503,00002,111,2,139,139,1,82,0,2371,1585,989,301,1081,115,786,474252,0,989,301,31,578,472,0,0,1192,431,513,160,75,32992912,7,463,326,3,293,167,137,76472,22.885357,0,3,293,28,139,0,0,0,377,11,75,0,0,4706282,920.000000,2305.000000
1732471158503,00003,111,2,139,139,1,82,0,2371,1585,989,301,1081,115,786,474252,0,989,301,31,578,472,0,0,1192,431,513,160,75,32992912,7,490,308,343,0,147,182,77505,24.573214,0,343,0,0,0,147,0,0,1,418,0,36,35,4682799,599.000000,104.000000
1732471158503,00006,111,2,139,139,1,82,0,2371,1585,989,301,1081,115,786,474252,0,989,301,31,578,472,0,0,1192,431,513,160,75,32992912,7,481,312,321,0,160,169,74543,23.853393,0,321,0,0,160,0,0,0,409,0,72,0,0,4665087,793.000000,1152.000000
1732471158503,00008,111,2,139,139,1,82,0,2371,1585,989,301,1081,115,786,474252,0,989,301,31,578,472,0,0,1192,431,513,160,75,32992912,7,455,332,0,0,455,123,154882,22.711607,0,0,0,3,277,175,0,0,0,0,366,89,0,3467123,2432.000000,7545.000000
1732471158503,00009,111,2,139,139,1,82,0,2371,1585,989,301,1081,115,786,474252,0,989,301,31,578,472,0,0,1192,431,513,160,75,32992912,7,0,0,0,0,0,0,0,0.000000,0,0,0,0,0,0,0,0,0,0,0,0,0,5471870,0.000000,0.000000
1732471158503,00012,111,2,139,139,1,82,0,2371,1585,989,301,1081,115,786,474252,0,989,301,31,578,472,0,0,1192,431,513,160,75,32992912,7,0,0,0,0,0,0,0,0.000000,0,0,0,0,0,0,0,0,0,0,0,0,0,5471870,0.000000,0.000000
1732471158603,00001,111,2,139,139,1,83,0,2469,1565,1286,103,1080,116,904,415755,0,1286,6,264,507,406,0,0,1629,52,485,247,56,34609007,7,522,313,350,0,172,209,84164,24.076786,0,350,0,0,0,172,0,0,427,0,0,40,55,4750553,839.000000,0.000000
1732471158603,00002,111,2,139,139,1,83,0,2469,1565,1286,103,1080,116,904,415755,0,1286,6,264,507,406,0,0,1629,52,485,247,56,34609007,7,482,321,323,67,92,161,49416,22.959821,0,323,6,151,2,0,0,0,396,42,44,0,0,4941811,822.000000,733.000000
1732471158603,00003,111,2,139,139,1,83,0,2469,1565,1286,103,1080,116,904,415755,0,1286,6,264,507,406,0,0,1629,52,485,247,56,34609007,7,491,303,300,0,191,188,81408,24.300179,0,300,0,0,121,70,0,0,386,0,0,104,1,4909694,647.000000,524.000000
1732471158603,00006,111,2,139,139,1,83,0,2469,1565,1286,103,1080,116,904,415755,0,1286,6,264,507,406,0,0,1629,52,485,247,56,34609007,7,531,304,313,36,182,227,64699,25.491607,0,313,0,113,105,0,0,0,420,10,101,0,0,4898534,713.000000,314.000000
1732471158603,00008,111,2,139,139,1,83,0,2469,1565,1286,103,1080,116,904,415755,0,1286,6,264,507,406,0,0,1629,52,485,247,56,34609007,7,443,324,0,0,443,119,136068,21.669107,0,0,0,0,279,164,0,0,0,0,340,103,0,3640675,2423.000000,5973.000000
1732471158603,00009,111,2,139,139,1,83,0,2469,1565,1286,103,1080,116,904,415755,0,1286,6,264,507,406,0,0,1629,52,485,247,56,34609007,7,0,0,0,0,0,0,0,0.000000,0,0,0,0,0,0,0,0,0,0,0,0,0,5733870,0.000000,0.000000
1732471158603,00012,111,2,139,139,1,83,0,2469,1565,1286,103,1080,116,904,415755,0,1286,6,264,507,406,0,0,1629,52,485,247,56,34609007,7,0,0,0,0,0,0,0,0.000000,0,0,0,0,0,0,0,0,0,0,0,0,0,5733870,0.000000,0.000000
1732471158703,00001,111,2,139,139,1,83,0,2342,1557,982,321,1039,116,785,435242,0,982,297,363,229,471,0,0,1204,767,142,154,75,36212563,7,470,299,2,293,175,171,109327,24.176071,0,2,293,0,0,175,0,0,0,393,0,39,38,4959524,964.000000,2200.000000
1732471158703,00002,111,2,139,139,1,83,0,2342,1557,982,321,1039,116,785,435242,0,982,297,363,229,471,0,0,1204,767,142,154,75,36212563,7,475,312,323,24,128,163,56565,23.654821,0,323,0,93,59,0,0,0,403,11,61,0,0,5174788,794.000000,733.000000
1732471158703,00003,111,2,139,139,1,83,0,2342,1557,982,321,1039,116,785,435242,0,982,297,363,229,471,0,0,1204,767,142,154,75,36212563,7,481,306,342,4,135,175,71519,24.498750,0,342,4,0,3,132,0,0,404,0,0,40,37,5137820,620.000000,104.000000
1732471158703,00006,111,2,139,139,1,83,0,2342,1557,982,321,1039,116,785,435242,0,982,297,363,229,471,0,0,1204,767,142,154,75,36212563,7,468,310,315,0,153,158,68961,23.257679,0,315,0,0,153,0,0,0,397,0,71,0,0,5126959,726.000000,1048.000000
1732471158703,00008,111,2,139,139,1,83,0,2342,1557,982,321,1039,116,785,435242,0,982,297,363,229,471,0,0,1204,767,142,154,75,36212563,7,448,330,0,0,448,118,128870,22.513036,0,0,0,270,14,164,0,0,0,363,10,75,0,3821732,2345.000000,6497.000000
1732471158703,00009,111,2,139,139,1,83,0,2342,1557,982,321,1039,116,785,435242,0,982,297,363,229,471,0,0,1204,767,142,154,75,36212563,7,0,0,0,0,0,0,0,0.000000,0,0,0,0,0,0,0,0,0,0,0,0,0,5995870,0.000000,0.000000
1732471158703,00012,111,2,139,139,1,83,0,2342,1557,982,321,1039,116,785,435242,0,982,297,363,229,471,0,0,1204,767,142,154,75,36212563,7,0,0,0,0,0,0,0,0.000000,0,0,0,0,0,0,0,0,0,0,0,0,0,5995870,0.000000,0.000000
1732471158803,00001,111,2,139,139,1,83,0,2441,1578,1014,344,1083,116,863,445064,0,1014,329,94,511,493,0,0,1240,428,457,209,107,37798553,7,499,315,339,7,153,184,83947,23.878214,0,339,7,0,0,153,0,0,413,1,0,39,46,5181059,923.000000,419.000000
1732471158803,00002,111,2,139,139,1,83,0,2441,1578,1014,344,1083,116,863,445064,0,1014,329,94,511,493,0,0,1240,428,457,209,107,37798553,7,495,309,310,15,170,186,62209,24.473929,0,310,0,88,97,0,0,0,393,47,55,0,0,5406374,782.000000,943.000000
1732471158803,00003,111,2,139,139,1,83,0,2441,1578,1014,344,1083,116,863,445064,0,1014,329,94,511,493,0,0,1240,428,457,209,107,37798553,7,528,299,359,0,169,229,80844,25.466786,0,359,0,0,0,169,0,0,431,0,0,36,61,5362377,615.000000,0.000000
1732471158803,00006,111,2,139,139,1,83,0,2441,1578,1014,344,1083,116,863,445064,0,1014,329,94,511,493,0,0,1240,428,457,209,107,37798553,7,466,324,6,322,138,142,66348,22.537857,0,6,322,0,138,0,0,0,3,379,39,45,0,5351374,764.000000,1781.000000
1732471158803,00008,111,2,139,139,1,83,0,2441,1578,1014,344,1083,116,863,445064,0,1014,329,94,511,493,0,0,1240,428,457,209,107,37798553,7,453,331,0,0,453,122,151716,22.215179,0,0,0,6,276,171,0,0,0,1,363,89,0,3981629,2413.000000,7755.000000
1732471158803,00009,111,2,139,139,1,83,0,2441,1578,1014,344,1083,116,863,445064,0,1014,329,94,511,493,0,0,1240,428,457,209,107,37798553,7,0,0,0,0,0,0,0,0.000000,0,0,0,0,0,0,0,0,0,0,0,0,0,6257870,0.000000,0.000000
1732471158803,00012,111,2,139,139,1,83,0,2441,1578,1014,344,1083,116,863,445064,0,1014,329,94,511,493,0,0,1240,428,457,209,107,37798553,7,0,0,0,0,0,0,0,0.000000,0,0,0,0,0,0,0,0,0,0,0,0,0,6257870,0.000000,0.000000
1732471158903,00001,111,2,139,139,1,83,0,2233,1697,1030,334,869,116,536,395329,0,1030,316,50,477,360,0,0,1215,385,443,164,26,39389432,7,465,331,354,0,111,134,68910,24.622857,0,354,0,0,20,91,0,0,414,0,0,51,0,5408739,897.000000,733.000000
1732471158903,00002,111,2,139,139,1,83,0,2233,1697,1030,334,869,116,536,395329,0,1030,316,50,477,360,0,0,1215,385,443,164,26,39389432,7,436,332,329,18,89,104,49326,23.580357,0,329,0,50,57,0,0,0,392,7,37,0,0,5640715,778.000000,1781.000000
1732471158903,00003,111,2,139,139,1,83,0,2233,1697,1030,334,869,116,536,395329,0,1030,316,50,477,360,0,0,1215,385,443,164,26,39389432,7,466,329,347,0,119,137,68700,24.945536,0,347,0,0,0,119,0,0,409,0,0,31,26,5594119,605.000000,209.000000
1732471158903,00006,111,2,139,139,1,83,0,2233,1697,1030,334,869,116,536,395329,0,1030,316,50,477,360,0,0,1215,385,443,164,26,39389432,7,435,350,0,316,119,85,82092,23.083929,0,0,316,0,67,52,0,0,0,378,35,22,0,5561547,858.000000,3772.000000
1732471158903,00008,111,2,139,139,1,83,0,2233,1697,1030,334,869,116,536,395329,0,1030,316,50,477,360,0,0,1215,385,443,164,26,39389432,7,431,355,0,0,431,76,126301,22.314464,0,0,0,0,333,98,0,0,0,0,371,60,0,4144572,2449.000000,7545.000000
1732471158903,00009,111,2,139,139,1,83,0,2233,1697,1030,334,869,116,536,395329,0,1030,316,50,477,360,0,0,1215,385,443,164,26,39389432,7,0,0,0,0,0,0,0,0.000000,0,0,0,0,0,0,0,0,0,0,0,0,0,6519870,0.000000,0.000000
1732471158903,00012,111,2,139,139,1,83,0,2233,1697,1030,334,869,116,536,395329,0,1030,316,50,477,360,0,0,1215,385,443,164,26,39389432,7,0,0,0,0,0,0,0,0.000000,0,0,0,0,0,0,0,0,0,0,0,0,0,6519870,0.000000,0.000000
1732471159003,00001,111,2,139,139,1,83,0,2393,1600,670,657,1066,116,793,482303,0,670,630,75,514,504,0,0,1223,405,458,186,121,40950903,7,468,321,330,1,137,147,77819,23.282500,0,330,1,0,0,137,0,0,398,0,0,37,33,5631311,878.000000,104.000000
1732471159003,00002,111,2,139,139,1,83,0,2393,1600,670,657,1066,116,793,482303,0,670,630,75,514,504,0,0,1223,405,458,186,121,40950903,7,501,313,337,27,137,188,58113,24.573214,0,337,0,75,89,0,0,0,422,10,69,0,0,5874429,767.000000,733.000000
1732471159003,00003,111,2,139,139,1,83,0,2393,1600,670,657,1066,116,793,482303,0,670,630,75,514,504,0,0,1223,405,458,186,121,40950903,7,496,317,3,298,195,179,113692,24.126429,0,3,298,0,0,195,0,0,1,394,0,13,88,5797094,731.000000,2410.000000
1732471159003,00006,111,2,139,139,1,83,0,2393,1600,670,657,1066,116,793,482303,0,670,630,75,514,504,0,0,1223,405,458,186,121,40950903,7,489,314,0,331,158,175,82274,24.647679,0,0,331,0,158,0,0,0,402,1,43,43,0,5782533,876.000000,1257.000000
1732471159003,00008,111,2,139,139,1,83,0,2393,1600,670,657,1066,116,793,482303,0,670,630,75,514,504,0,0,1223,405,458,186,121,40950903,7,439,335,0,0,439,104,150405,21.718750,0,0,0,0,267,172,0,0,0,0,346,93,0,4301796,2493.000000,8593.000000
1732471159003,00009,111,2,139,139,1,83,0,2393,1600,670,657,1066,116,793,482303,0,670,630,75,514,504,0,0,1223,405,458,186,121,40950903,7,0,0,0,0,0,0,0,0.000000,0,0,0,0,0,0,0,0,0,0,0,0,0,6781870,0.000000,0.000000
1732471159003,00012,111,2,139,139,1,83,0,2393,1600,670,657,1066,116,793,482303,0,670,630,75,514,504,0,0,1223,405,458,186,121,40950903,7,0,0,0,0,0,0,0,0.000000,0,0,0,0,0,0,0,0,0,0,0,0,0,6781870,0.000000,0.000000
1732471159103,00001,111,2,139,139,1,82,0,2429,1611,1022,276,1131,115,818,489168,0,1022,7,289,614,497,0,0,1257,365,549,167,91,42501620,7,497,320,317,1,179,177,88140,23.977500,0,317,1,0,0,179,0,0,410,0,0,37,50,5848884,873.000000,0.000000
1732471159103,00002,111,2,139,139,1,82,0,2429,1611,1022,276,1131,115,818,489168,0,1022,7,289,614,497,0,0,1257,365,549,167,91,42501620,7,455,334,5,269,181,121,106628,22.935000,0,5,0,269,181,0,0,0,4,357,94,0,0,6068706,888.000000,5240.000000
1732471159103,00003,111,2,139,139,1,82,0,2429,1611,1022,276,1131,115,818,489168,0,1022,7,289,614,497,0,0,1257,365,549,167,91,42501620,7,543,307,384,2,157,236,81618,26.285893,0,384,2,0,0,157,0,0,452,1,0,49,41,6022456,713.000000,0.000000
1732471159103,00006,111,2,139,139,1,82,0,2429,1611,1022,276,1131,115,818,489168,0,1022,7,289,614,497,0,0,1257,365,549,167,91,42501620,7,474,316,316,4,154,158,59247,22.910179,0,316,4,20,134,0,0,0,391,7,76,0,0,6014265,855.000000,1048.000000
1732471159103,00008,111,2,139,139,1,82,0,2429,1611,1022,276,1131,115,818,489168,0,1022,7,289,614,497,0,0,1257,365,549,167,91,42501620,7,460,334,0,0,460,126,153535,22.562679,0,0,0,0,299,161,0,0,0,0,379,81,0,4459569,2514.000000,7440.000000
1732471159103,00009,111,2,139,139,1,82,0,2429,1611,1022,276,1131,115,818,489168,0,1022,7,289,614,497,0,0,1257,365,549,167,91,42501620,7,0,0,0,0,0,0,0,0.000000,0,0,0,0,0,0,0,0,0,0,0,0,0,7043870,0.000000,0.000000
1732471159103,00012,111,2,139,139,1,82,0,2429,1611,1022,276,1131,115,818,489168,0,1022,7,289,614,497,0,0,1257,365,549,167,91,42501620,7,0,0,0,0,0,0,0,0.000000,0,0,0,0,0,0,0,0,0,0,0,0,0,7043870,0.000000,0.000000
1732471159203,00001,111,2,139,139,1,82,0,2340,1586,1304,84,952,115,754,415393,0,1304,0,112,496,428,0,0,1608,42,464,185,41,44112778,7,478,312,319,0,159,166,85522,24.250536,0,319,0,0,0,159,0,0,403,0,0,74,1,6072170,861.000000,0.000000
1732471159203,00002,111,2,139,139,1,82,0,2340,1586,1304,84,952,115,754,415393,0,1304,0,112,496,428,0,0,1608,42,464,185,41,44112778,7,481,306,333,84,64,175,48373,24.796607,0,333,0,88,60,0,0,0,404,42,35,0,0,6308020,853.000000,419.000000
1732471159203,00003,111,2,139,139,1,82,0,2340,1586,1304,84,952,115,754,415393,0,1304,0,112,496,428,0,0,1608,42,464,185,41,44112778,7,467,315,332,0,135,152,78663,23.580357,0,332,0,0,0,135,0,0,393,0,0,34,40,6246355,715.000000,104.000000
1732471159203,00006,111,2,139,139,1,82,0,2340,1586,1304,84,952,115,754,415393,0,1304,0,112,496,428,0,0,1608,42,464,185,41,44112778,7,475,320,320,0,155,155,68089,23.828571,0,320,0,24,131,0,0,0,408,0,67,0,0,6245177,843.000000,1467.000000
1732471159203,00008,111,2,139,139,1,82,0,2340,1586,1304,84,952,115,754,415393,0,1304,0,112,496,428,0,0,1608,42,464,185,41,44112778,7,439,333,0,0,439,106,134746,21.966964,0,0,0,0,305,134,0,0,0,0,362,77,0,4629316,2505.000000,6812.000000
1732471159203,00009,111,2,139,139,1,82,0,2340,1586,1304,84,952,115,754,415393,0,1304,0,112,496,428,0,0,1608,42,464,185,41,44112778,7,0,0,0,0,0,0,0,0.000000,0,0,0,0,0,0,0,0,0,0,0,0,0,7305870,0.000000,0.000000
1732471159203,00012,111,2,139,139,1,82,0,2340,1586,1304,84,952,115,754,415393,0,1304,0,112,496,428,0,0,1608,42,464,185,41,44112778,7,0,0,0,0,0,0,0,0.000000,0,0,0,0,0,0,0,0,0,0,0,0,0,7305870,0.000000,0.000000
1732471159303,00001,111,2,139,139,1,82,0,2382,1599,706,576,1100,115,783,472094,0,706,573,94,591,418,0,0,1244,384,529,190,35,45672252,7,490,311,332,0,158,179,87253,24.821429,0,332,0,0,28,130,0,0,407,0,0,83,0,6292297,652.000000,0.000000
1732471159303,00002,111,2,139,139,1,82,0,2382,1599,706,576,1100,115,783,472094,0,706,573,94,591,418,0,0,1244,384,529,190,35,45672252,7,489,310,6,297,186,179,74633,24.548393,0,6,294,94,95,0,0,0,400,19,70,0,0,6531608,914.000000,0.000000
1732471159303,00003,111,2,139,139,1,82,0,2382,1599,706,576,1100,115,783,472094,0,706,573,94,591,418,0,0,1244,384,529,190,35,45672252,7,506,307,365,0,141,199,73286,24.746964,0,365,0,0,0,141,0,0,434,0,0,37,35,6475941,411.000000,0.000000
1732471159303,00006,111,2,139,139,1,82,0,2382,1599,706,576,1100,115,783,472094,0,706,573,94,591,418,0,0,1244,384,529,190,35,45672252,7,457,328,3,279,175,129,90810,22.910179,0,3,279,0,175,0,0,0,3,365,89,0,0,6451955,1523.000000,0.000000
1732471159303,00008,111,2,139,139,1,82,0,2382,1599,706,576,1100,115,783,472094,0,706,573,94,591,418,0,0,1244,384,529,190,35,45672252,7,440,343,0,0,440,97,146112,21.842857,0,0,0,0,293,147,0,0,0,0,370,70,0,4784711,3020.000000,0.000000
1732471159303,00009,111,2,139,139,1,82,0,2382,1599,706,576,1100,115,783,472094,0,706,573,94,591,418,0,0,1244,384,529,190,35,45672252,7,0,0,0,0,0,0,0,0.000000,0,0,0,0,0,0,0,0,0,0,0,0,0,7567870,0.000000,0.000000
1732471159303,00012,111,2,139,139,1,82,0,2382,1599,706,576,1100,115,783,472094,0,706,573,94,591,418,0,0,1244,384,529,190,35,45672252,7,0,0,0,0,0,0,0,0.000000,0,0,0,0,0,0,0,0,0,0,0,0,0,7567870,0.000000,0.000000
1732471159403,00001,111,2,139,139,1,83,0,2299,1663,712,681,906,116,636,422692,0,712,681,68,476,362,0,0,1214,416,454,165,50,47247997,7,471,321,4,326,141,150,98029,24.349821,0,4,326,0,1,140,0,0,3,402,0,36,30,6501151,1325.000000,2410.000000
1732471159403,00002,111,2,139,139,1,83,0,2299,1663,712,681,906,116,636,422692,0,712,681,68,476,362,0,0,1214,416,454,165,50,47247997,7,484,320,0,343,141,164,70011,24.920714,0,0,343,53,88,0,0,0,412,11,61,0,0,6755736,920.000000,1152.000000
1732471159403,00003,111,2,139,139,1,83,0,2299,1663,712,681,906,116,636,422692,0,712,681,68,476,362,0,0,1214,416,454,165,50,47247997,7,449,341,367,0,82,108,47980,23.282500,0,367,0,0,12,70,0,0,405,0,0,24,20,6713647,508.000000,209.000000
1732471159403,00006,111,2,139,139,1,83,0,2299,1663,712,681,906,116,636,422692,0,712,681,68,476,362,0,0,1214,416,454,165,50,47247997,7,458,337,341,12,105,121,53613,23.754107,0,341,12,15,90,0,0,0,394,3,27,34,0,6682393,761.000000,838.000000
1732471159403,00008,111,2,139,139,1,83,0,2299,1663,712,681,906,116,636,422692,0,712,681,68,476,362,0,0,1214,416,454,165,50,47247997,7,437,344,0,0,437,93,153059,22.513036,0,0,0,0,285,152,0,0,0,0,366,71,0,4935330,2932.000000,8907.000000
1732471159403,00009,111,2,139,139,1,83,0,2299,1663,712,681,906,116,636,422692,0,712,681,68,476,362,0,0,1214,416,454,165,50,47247997,7,0,0,0,0,0,0,0,0.000000,0,0,0,0,0,0,0,0,0,0,0,0,0,7829870,0.000000,0.000000
1732471159403,00012,111,2,139,139,1,83,0,2299,1663,712,681,906,116,636,422692,0,712,681,68,476,362,0,0,1214,416,454,165,50,47247997,7,0,0,0,0,0,0,0,0.000000,0,0,0,0,0,0,0,0,0,0,0,0,0,7829870,0.000000,0.000000
1732471159503,00001,111,2,139,139,1,83,0,2314,1636,986,358,970,116,678,412518,0,986,331,346,252,399,0,0,1215,411,446,164,78,48851841,7,488,313,319,8,161,175,91459,25.466786,0,319,8,0,0,161,0,0,408,2,0,39,39,6720925,1068.000000,314.000000
1732471159503,00002,111,2,139,139,1,83,0,2314,1636,986,358,970,116,678,412518,0,986,331,346,252,399,0,0,1215,411,446,164,78,48851841,7,485,321,334,35,116,164,56392,25.044821,0,334,8,66,77,0,0,0,403,39,43,0,0,6987917,820.000000,1048.000000
1732471159503,00003,111,2,139,139,1,83,0,2314,1636,986,358,970,116,678,412518,0,986,331,346,252,399,0,0,1215,411,446,164,78,48851841,7,460,317,326,0,134,143,66784,23.654821,0,326,0,0,35,99,0,0,400,0,0,21,39,6944794,559.000000,104.000000
1732471159503,00006,111,2,139,139,1,83,0,2314,1636,986,358,970,116,678,412518,0,986,331,346,252,399,0,0,1215,411,446,164,78,48851841,7,435,346,7,315,113,89,71436,21.842857,0,7,315,0,113,0,0,0,4,370,28,33,0,6898052,974.000000,3143.000000
1732471159503,00008,111,2,139,139,1,83,0,2314,1636,986,358,970,116,678,412518,0,986,331,346,252,399,0,0,1215,411,446,164,78,48851841,7,446,339,0,0,446,107,126447,22.736429,0,0,0,280,27,139,0,0,0,0,375,71,0,5116413,2531.000000,6497.000000
1732471159503,00009,111,2,139,139,1,83,0,2314,1636,986,358,970,116,678,412518,0,986,331,346,252,399,0,0,1215,411,446,164,78,48851841,7,0,0,0,0,0,0,0,0.000000,0,0,0,0,0,0,0,0,0,0,0,0,0,8091870,0.000000,0.000000
1732471159503,00012,111,2,139,139,1,83,0,2314,1636,986,358,970,116,678,412518,0,986,331,346,252,399,0,0,1215,411,446,164,78,48851841,7,0,0,0,0,0,0,0,0.000000,0,0,0,0,0,0,0,0,0,0,0,0,0,8091870,0.000000,0.000000
1732471159603,00001,111,2,139,139,1,84,0,2367,1649,1086,371,910,117,718,402182,0,1086,358,45,534,344,0,0,1254,423,450,163,77,50441200,7,515,322,386,0,129,193,67560,25.590893,0,386,0,0,17,112,0,0,450,0,0,30,35,6952198,904.000000,104.000000
1732471159603,00002,111,2,139,139,1,84,0,2367,1649,1086,371,910,117,718,402182,0,1086,358,45,534,344,0,0,1254,423,450,163,77,50441200,7,478,315,333,13,132,163,55855,24.076786,0,333,0,39,106,0,0,0,401,22,55,0,0,7220513,784.000000,628.000000
1732471159603,00003,111,2,139,139,1,84,0,2367,1649,1086,371,910,117,718,402182,0,1086,358,45,534,344,0,0,1254,423,450,163,77,50441200,7,470,328,367,0,103,142,64337,23.406607,0,367,0,0,0,103,0,0,403,0,0,25,42,7171279,612.000000,314.000000
1732471159603,00006,111,2,139,139,1,84,0,2367,1649,1086,371,910,117,718,402182,0,1086,358,45,534,344,0,0,1254,423,450,163,77,50441200,7,468,343,0,358,110,125,67537,23.505893,0,0,358,0,110,0,0,0,0,401,33,34,0,7119387,963.000000,1781.000000
1732471159603,00008,111,2,139,139,1,84,0,2367,1649,1086,371,910,117,718,402182,0,1086,358,45,534,344,0,0,1254,423,450,163,77,50441200,7,436,341,0,0,436,95,146893,22.066250,0,0,0,6,301,129,0,0,0,0,362,74,0,5270083,2638.000000,8069.000000
1732471159603,00009,111,2,139,139,1,84,0,2367,1649,1086,371,910,117,718,402182,0,1086,358,45,534,344,0,0,1254,423,450,163,77,50441200,7,0,0,0,0,0,0,0,0.000000,0,0,0,0,0,0,0,0,0,0,0,0,0,8353870,0.000000,0.000000
1732471159603,00012,111,2,139,139,1,84,0,2367,1649,1086,371,910,117,718,402182,0,1086,358,45,534,344,0,0,1254,423,450,163,77,50441200,7,0,0,0,0,0,0,0,0.000000,0,0,0,0,0,0,0,0,0,0,0,0,0,8353870,0.000000,0.000000
1732471159703,00001,111,2,139,139,1,83,0,2260,1684,716,610,934,116,576,445204,0,716,610,0,597,337,0,0,832,751,484,151,42,51998493,7,485,320,366,0,119,165,68438,25.665357,0,366,0,0,0,119,0,0,423,0,0,62,0,7180903,824.000000,104.000000
1732471159703,00002,111,2,139,139,1,83,0,2260,1684,716,610,934,116,576,445204,0,716,610,0,597,337,0,0,832,751,484,151,42,51998493,7,444,336,7,286,151,108,93424,23.505893,0,7,286,0,151,0,0,0,2,365,45,32,0,7422489,980.000000,4506.000000
1732471159703,00003,111,2,139,139,1,83,0,2260,1684,716,610,934,116,576,445204,0,716,610,0,597,337,0,0,832,751,484,151,42,51998493,7,457,328,343,0,114,129,78760,24.622857,0,343,0,0,0,114,0,0,406,0,0,9,42,7395769,645.000000,314.000000
1732471159703,00006,111,2,139,139,1,83,0,2260,1684,716,610,934,116,576,445204,0,716,610,0,597,337,0,0,832,751,484,151,42,51998493,7,443,343,0,324,119,100,74727,22.935000,0,0,324,0,119,0,0,0,1,386,56,0,0,7333711,1024.000000,3877.000000
1732471159703,00008,111,2,139,139,1,83,0,2260,1684,716,610,934,116,576,445204,0,716,610,0,597,337,0,0,832,751,484,151,42,51998493,7,431,357,0,0,431,74,129855,22.190357,0,0,0,0,327,104,0,0,0,0,383,48,0,5433881,2623.000000,7860.000000
1732471159703,00009,111,2,139,139,1,83,0,2260,1684,716,610,934,116,576,445204,0,716,610,0,597,337,0,0,832,751,484,151,42,51998493,7,0,0,0,0,0,0,0,0.000000,0,0,0,0,0,0,0,0,0,0,0,0,0,8615870,0.000000,0.000000
1732471159703,00012,111,2,139,139,1,83,0,2260,1684,716,610,934,116,576,445204,0,716,610,0,597,337,0,0,832,751,484,151,42,51998493,7,0,0,0,0,0,0,0,0.000000,0,0,0,0,0,0,0,0,0,0,0,0,0,8615870,0.000000,0.000000
1732471159803,00001,111,2,139,139,1,84,0,2272,1681,634,717,921,117,591,465541,0,634,717,30,464,427,0,0,1616,6,87,505,58,53548825,7,463,327,301,29,133,136,82339,24.548393,0,301,29,0,0,133,0,0,412,0,0,24,27,7406369,819.000000,628.000000
1732471159803,00002,111,2,139,139,1,84,0,2272,1681,634,717,921,117,591,465541,0,634,717,30,464,427,0,0,1616,6,87,505,58,53548825,7,451,342,0,334,117,109,64218,23.356964,0,0,334,30,87,0,0,0,394,3,54,0,0,7644833,984.000000,2515.000000
1732471159803,00003,111,2,139,139,1,84,0,2272,1681,634,717,921,117,591,465541,0,634,717,30,464,427,0,0,1616,6,87,505,58,53548825,7,460,329,333,0,127,131,79546,24.275357,0,333,0,0,0,127,0,0,404,0,0,25,31,7620832,662.000000,419.000000
1732471159803,00006,111,2,139,139,1,84,0,2272,1681,634,717,921,117,591,465541,0,634,717,30,464,427,0,0,1616,6,87,505,58,53548825,7,466,327,0,354,112,139,78193,24.598036,0,0,354,0,56,56,0,0,406,3,30,27,0,7552212,1028.000000,1991.000000
1732471159803,00008,111,2,139,139,1,84,0,2272,1681,634,717,921,117,591,465541,0,634,717,30,464,427,0,0,1616,6,87,505,58,53548825,7,432,356,0,0,432,76,161245,22.115893,0,0,0,0,321,111,0,0,0,0,3,429,0,5568839,2767.000000,10165.000000
1732471159803,00009,111,2,139,139,1,84,0,2272,1681,634,717,921,117,591,465541,0,634,717,30,464,427,0,0,1616,6,87,505,58,53548825,7,0,0,0,0,0,0,0,0.000000,0,0,0,0,0,0,0,0,0,0,0,0,0,8877870,0.000000,0.000000
1732471159803,00012,111,2,139,139,1,84,0,2272,1681,634,717,921,117,591,465541,0,634,717,30,464,427,0,0,1616,6,87,505,58,53548825,7,0,0,0,0,0,0,0,0.000000,0,0,0,0,0,0,0,0,0,0,0,0,0,8877870,0.000000,0.000000
1732471159903,00001,111,2,139,139,1,83,0,2340,1583,342,922,1076,116,757,459976,325,17,922,30,721,325,0,1,1240,361,503,201,34,55126853,7,487,311,6,329,152,176,91161,24.225714,0,6,329,0,0,152,0,0,416,0,0,37,34,7625250,836.000000,628.000000
1732471159903,00002,111,2,139,139,1,83,0,2340,1583,342,922,1076,116,757,459976,325,17,922,30,721,325,0,1,1240,361,503,201,34,55126853,7,446,333,0,270,176,113,86701,22.314464,0,0,270,30,146,0,0,0,2,361,83,0,0,7852115,1056.000000,3877.000000
1732471159903,00003,111,2,139,139,1,83,0,2340,1583,342,922,1076,116,757,459976,325,17,922,30,721,325,0,1,1240,361,503,201,34,55126853,7,489,289,335,0,154,200,68910,25.566071,325,10,0,0,92,62,0,1,418,0,11,59,0,7857704,620.000000,104.000000
1732471159903,00006,111,2,139,139,1,83,0,2340,1583,342,922,1076,116,757,459976,325,17,922,30,721,325,0,1,1240,361,503,201,34,55126853,7,487,306,1,323,163,181,83071,24.920714,0,1,323,0,163,0,0,0,404,0,40,43,0,7773277,1017.000000,1781.000000
1732471159903,00008,111,2,139,139,1,83,0,2340,1583,342,922,1076,116,757,459976,325,17,922,30,721,325,0,1,1240,361,503,201,34,55126853,7,431,344,0,0,431,87,130133,21.594643,0,0,0,0,320,111,0,0,0,0,369,62,0,5738767,2715.000000,7336.000000
1732471159903,00009,111,2,139,139,1,83,0,2340,1583,342,922,1076,116,757,459976,325,17,922,30,721,325,0,1,1240,361,503,201,34,55126853,7,0,0,0,0,0,0,0,0.000000,0,0,0,0,0,0,0,0,0,0,0,0,0,9139870,0.000000,0.000000
1732471159903,00012,111,2,139,139,1,83,0,2340,1583,342,922,1076,116,757,459976,325,17,922,30,721,325,0,1,1240,361,503,201,34,55126853,7,0,0,0,0,0,0,0,0.000000,0,0,0,0,0,0,0,0,0,0,0,0,0,9139870,0.000000,0.000000
1732471160003,00001,111,2,139,139,1,83,0,2337,1621,334,1023,980,116,716,446514,7,327,1005,57,493,448,0,0,1632,37,431,151,86,56707344,7,480,313,327,6,147,167,85194,24.722143,0,327,6,0,0,147,0,0,418,0,0,25,37,7847830,828.000000,209.000000
1732471160003,00002,111,2,139,139,1,83,0,2337,1621,334,1023,980,116,716,446514,7,327,1005,57,493,448,0,0,1632,37,431,151,86,56707344,7,454,331,0,343,111,123,59933,23.183214,0,0,325,57,72,0,0,0,381,37,36,0,0,8078044,1037.000000,1676.000000
1732471160003,00003,111,2,139,139,1,83,0,2337,1621,334,1023,980,116,716,446514,7,327,1005,57,493,448,0,0,1632,37,431,151,86,56707344,7,486,322,7,337,142,164,89503,24.523571,7,0,337,0,0,142,0,0,427,0,0,10,49,8076328,666.000000,524.000000
1732471160003,00006,111,2,139,139,1,83,0,2337,1621,334,1023,980,116,716,446514,7,327,1005,57,493,448,0,0,1632,37,431,151,86,56707344,7,475,316,0,337,138,159,74880,23.952679,0,0,337,0,138,0,0,0,406,0,32,37,0,7995050,1002.000000,1048.000000
1732471160003,00008,111,2,139,139,1,83,0,2337,1621,334,1023,980,116,716,446514,7,327,1005,57,493,448,0,0,1632,37,431,151,86,56707344,7,442,339,0,0,442,103,137004,22.215179,0,0,0,0,283,159,0,0,0,0,363,79,0,5906352,2682.000000,7440.000000
1732471160003,00009,111,2,139,139,1,83,0,2337,1621,334,1023,980,116,716,446514,7,327,1005,57,493,448,0,0,1632,37,431,151,86,56707344,7,0,0,0,0,0,0,0,0.000000,0,0,0,0,0,0,0,0,0,0,0,0,0,9401870,0.000000,0.000000
1732471160003,00012,111,2,139,139,1,83,0,2337,1621,334,1023,980,116,716,446514,7,327,1005,57,493,448,0,0,1632,37,431,151,86,56707344,7,0,0,0,0,0,0,0,0.000000,0,0,0,0,0,0,0,0,0,0,0,0,0,9401870,0.000000,0.000000
1732471160103,00001,111,2,139,139,1,83,0,2376,1571,717,641,1018,116,805,422194,377,340,641,19,677,322,0,443,805,410,527,151,40,58306567,7,471,317,8,308,155,154,101229,23.704464,0,8,308,0,0,155,0,0,5,398,0,29,39,8057120,896.000000,1991.000000
1732471160103,00002,111,2,139,139,1,83,0,2376,1571,717,641,1018,116,805,422194,377,340,641,19,677,322,0,443,805,410,527,151,40,58306567,7,449,326,0,316,133,123,70287,22.165536,0,0,316,19,114,0,0,0,374,12,63,0,0,8296752,1045.000000,2934.000000
1732471160103,00003,111,2,139,139,1,83,0,2376,1571,717,641,1018,116,805,422194,377,340,641,19,677,322,0,443,805,410,527,151,40,58306567,7,506,284,377,12,117,222,44422,25.888750,377,0,12,0,117,0,0,443,3,0,28,31,1,8322016,613.000000,0.000000
1732471160103,00006,111,2,139,139,1,83,0,2376,1571,717,641,1018,116,805,422194,377,340,641,19,677,322,0,443,805,410,527,151,40,58306567,7,513,309,332,5,176,204,68411,25.144107,0,332,5,0,176,0,0,0,423,0,90,0,0,8228082,947.000000,0.000000
1732471160103,00008,111,2,139,139,1,83,0,2376,1571,717,641,1018,116,805,422194,377,340,641,19,677,322,0,443,805,410,527,151,40,58306567,7,437,335,0,0,437,102,137845,21.743571,0,0,0,0,270,167,0,0,0,0,346,91,0,6074857,2656.000000,6392.000000
1732471160103,00009,111,2,139,139,1,83,0,2376,1571,717,641,1018,116,805,422194,377,340,641,19,677,322,0,443,805,410,527,151,40,58306567,7,0,0,0,0,0,0,0,0.000000,0,0,0,0,0,0,0,0,0,0,0,0,0,9663870,0.000000,0.000000
1732471160103,00012,111,2,139,139,1,83,0,2376,1571,717,641,1018,116,805,422194,377,340,641,19,677,322,0,443,805,410,527,151,40,58306567,7,0,0,0,0,0,0,0,0.000000,0,0,0,0,0,0,0,0,0,0,0,0,0,9663870,0.000000,0.000000
1732471160203,00001,111,2,139,139,1,76,0,1955,1270,609,441,905,107,685,429259,0,609,292,153,571,330,0,0,1179,86,442,223,25,51315794,6,508,317,0,286,222,191,127809,28.023393,0,0,286,0,0,222,0,0,398,5,0,80,25,8258224,962.000000,2200.000000
1732471160203,00002,111,2,139,139,1,76,0,1955,1270,609,441,905,107,685,429259,0,609,292,153,571,330,0,0,1179,86,442,223,25,51315794,6,490,310,281,155,54,180,65193,27.626250,0,281,6,153,50,0,0,0,389,81,20,0,0,8524557,1026.000000,1362.000000
1732471160203,00006,111,2,139,139,1,76,0,1955,1270,609,441,905,107,685,429259,0,609,292,153,571,330,0,0,1179,86,442,223,25,51315794,6,497,313,328,0,169,184,77129,27.378036,0,328,0,0,169,0,0,0,392,0,77,28,0,8450331,941.000000,943.000000
1732471160203,00008,111,2,139,139,1,76,0,1955,1270,609,441,905,107,685,429259,0,609,292,153,571,330,0,0,1179,86,442,223,25,51315794,6,460,330,0,0,460,130,159128,25.913571,0,0,0,0,352,108,0,0,0,0,345,115,0,6230942,2664.000000,8698.000000
1732471160203,00009,111,2,139,139,1,76,0,1955,1270,609,441,905,107,685,429259,0,609,292,153,571,330,0,0,1179,86,442,223,25,51315794,6,0,0,0,0,0,0,0,0.000000,0,0,0,0,0,0,0,0,0,0,0,0,0,9925870,0.000000,0.000000
1732471160203,00012,111,2,139,139,1,76,0,1955,1270,609,441,905,107,685,429259,0,609,292,153,571,330,0,0,1179,86,442,223,25,51315794,6,0,0,0,0,0,0,0,0.000000,0,0,0,0,0,0,0,0,0,0,0,0,0,9925870,0.000000,0.000000
1732471160303,00001,111,2,139,139,1,83,0,1990,1260,624,288,1078,116,730,471838,0,624,287,135,653,291,0,0,803,482,517,182,6,52625641,6,502,309,0,286,216,193,143596,29.909821,0,0,286,0,0,216,0,0,0,412,0,84,6,8449335,1648.000000,104.000000
1732471160303,00002,111,2,139,139,1,83,0,1990,1260,624,288,1078,116,730,471838,0,624,287,135,653,291,0,0,803,482,517,182,6,52625641,6,514,305,309,2,203,209,78482,30.902679,0,309,1,135,69,0,0,0,410,70,34,0,0,8748975,905.000000,0.000000
1732471160303,00006,111,2,139,139,1,83,0,1990,1260,624,288,1078,116,730,471838,0,624,287,135,653,291,0,0,803,482,517,182,6,52625641,6,510,306,315,0,195,204,85548,30.009107,0,315,0,0,195,0,0,0,393,0,117,0,0,8669199,850.000000,314.000000
1732471160303,00008,111,2,139,139,1,83,0,1990,1260,624,288,1078,116,730,471838,0,624,287,135,653,291,0,0,803,482,517,182,6,52625641,6,464,340,0,0,464,124,164212,27.477321,0,0,0,0,389,75,0,0,0,0,366,98,0,6382392,3853.000000,0.000000
1732471160303,00009,111,2,139,139,1,83,0,1990,1260,624,288,1078,116,730,471838,0,624,287,135,653,291,0,0,803,482,517,182,6,52625641,6,0,0,0,0,0,0,0,0.000000,0,0,0,0,0,0,0,0,0,0,0,0,0,10187870,0.000000,0.000000
1732471160303,00012,111,2,139,139,1,83,0,1990,1260,624,288,1078,116,730,471838,0,624,287,135,653,291,0,0,803,482,517,182,6,52625641,6,0,0,0,0,0,0,0,0.000000,0,0,0,0,0,0,0,0,0,0,0,0,0,10187870,0.000000,0.000000
1732471160403,00001,111,2,139,139,1,76,0,2168,1446,1128,11,1029,106,722,418149,3,1125,11,130,593,306,0,0,1450,42,473,187,16,62972011,7,511,314,328,11,172,197,86160,28.221964,0,328,11,0,94,78,0,0,420,5,0,86,0,8672250,780.000000,314.000000
1732471160403,00002,111,2,139,139,1,76,0,2168,1446,1128,11,1029,106,722,418149,3,1125,11,130,593,306,0,0,1450,42,473,187,16,62972011,7,491,315,323,0,168,176,64958,27.030536,0,323,0,130,38,0,0,0,414,37,40,0,0,8978300,800.000000,1048.000000
1732471160403,00006,111,2,139,139,1,76,0,2168,1446,1128,11,1029,106,722,418149,3,1125,11,130,593,306,0,0,1450,42,473,187,16,62972011,7,489,314,318,0,171,175,76983,27.129821,0,318,0,0,171,0,0,0,411,0,56,22,0,8894343,850.000000,943.000000
1732471160403,00008,111,2,139,139,1,76,0,2168,1446,1128,11,1029,106,722,418149,3,1125,11,130,593,306,0,0,1450,42,473,187,16,62972011,7,448,343,0,0,448,105,150653,24.498750,0,0,0,0,290,158,0,0,0,0,377,71,0,6541613,2689.000000,7755.000000
1732471160403,00009,111,2,139,139,1,76,0,2168,1446,1128,11,1029,106,722,418149,3,1125,11,130,593,306,0,0,1450,42,473,187,16,62972011,7,0,0,0,0,0,0,0,0.000000,0,0,0,0,0,0,0,0,0,0,0,0,0,10449870,0.000000,0.000000
1732471160403,00012,111,2,139,139,1,76,0,2168,1446,1128,11,1029,106,722,418149,3,1125,11,130,593,306,0,0,1450,42,473,187,16,62972011,7,0,0,0,0,0,0,0,0.000000,0,0,0,0,0,0,0,0,0,0,0,0,0,10449870,0.000000,0.000000
1732471160403,00003,111,2,139,139,1,76,0,2168,1446,1128,11,1029,106,722,418149,3,1125,11,130,593,306,0,0,1450,42,473,187,16,62972011,7,229,160,159,0,70,69,39395,0.281477,3,156,0,0,0,70,0,0,205,0,0,8,16,8985765,901.000000,314.000000
1732471160503,00001,111,2,139,139,1,84,0,2316,1668,1038,339,939,117,648,416333,0,1038,339,94,442,403,0,0,1610,14,484,130,78,64101838,7,481,328,5,339,137,153,90762,24.871071,0,5,339,0,1,136,0,0,407,0,0,30,44,8887185,955.000000,1991.000000
1732471160503,00002,111,2,139,139,1,84,0,2316,1668,1038,339,939,117,648,416333,0,1038,339,94,442,403,0,0,1610,14,484,130,78,64101838,7,478,330,340,0,138,148,59524,24.349821,0,340,0,46,92,0,0,0,399,7,72,0,0,9208918,764.000000,1048.000000
1732471160503,00006,111,2,139,139,1,84,0,2316,1668,1038,339,939,117,648,416333,0,1038,339,94,442,403,0,0,1610,14,484,130,78,64101838,7,455,333,354,0,101,122,40634,23.208036,0,354,0,48,53,0,0,0,396,7,52,0,0,9133815,681.000000,104.000000
1732471160503,00008,111,2,139,139,1,84,0,2316,1668,1038,339,939,117,648,416333,0,1038,339,94,442,403,0,0,1610,14,484,130,78,64101838,7,432,350,0,0,432,82,148184,22.066250,0,0,0,0,296,136,0,0,0,0,360,72,0,6691746,2825.000000,8907.000000
1732471160503,00009,111,2,139,139,1,84,0,2316,1668,1038,339,939,117,648,416333,0,1038,339,94,442,403,0,0,1610,14,484,130,78,64101838,7,0,0,0,0,0,0,0,0.000000,0,0,0,0,0,0,0,0,0,0,0,0,0,10485240,0.000000,0.000000
1732471160503,00012,111,2,139,139,1,84,0,2316,1668,1038,339,939,117,648,416333,0,1038,339,94,442,403,0,0,1610,14,484,130,78,64101838,7,0,0,0,0,0,0,0,0.000000,0,0,0,0,0,0,0,0,0,0,0,0,0,10485240,0.000000,0.000000
1732471160503,00003,111,2,139,139,1,84,0,2316,1668,1038,339,939,117,648,416333,0,1038,339,94,442,403,0,0,1610,14,484,130,78,64101838,7,470,327,339,0,131,143,77229,24.176071,0,339,0,0,0,131,0,0,408,0,0,28,34,9209694,835.000000,314.000000
1732471160603,00001,111,2,139,139,1,84,0,2359,1565,981,323,1055,117,794,441313,0,981,323,63,509,483,0,0,1608,8,502,201,40,65179510,7,491,302,315,4,172,189,89331,24.523571,0,315,4,0,13,159,0,0,412,0,0,78,1,9110926,903.000000,524.000000
1732471160603,00002,111,2,139,139,1,84,0,2359,1565,981,323,1055,117,794,441313,0,981,323,63,509,483,0,0,1608,8,502,201,40,65179510,7,475,326,5,319,151,149,66271,23.083929,0,5,319,63,88,0,0,0,398,8,69,0,0,9434636,805.000000,1676.000000
1732471160603,00006,111,2,139,139,1,84,0,2359,1565,981,323,1055,117,794,441313,0,981,323,63,509,483,0,0,1608,8,502,201,40,65179510,7,472,310,341,0,131,162,54502,24.101607,0,341,0,0,131,0,0,0,397,0,75,0,0,9370112,628.000000,209.000000
1732471160603,00008,111,2,139,139,1,84,0,2359,1565,981,323,1055,117,794,441313,0,981,323,63,509,483,0,0,1608,8,502,201,40,65179510,7,440,326,0,0,440,114,138949,22.215179,0,0,0,0,277,163,0,0,0,0,358,82,0,6862325,2710.000000,6287.000000
1732471160603,00009,111,2,139,139,1,84,0,2359,1565,981,323,1055,117,794,441313,0,981,323,63,509,483,0,0,1608,8,502,201,40,65179510,7,0,0,0,0,0,0,0,0.000000,0,0,0,0,0,0,0,0,0,0,0,0,0,10485240,0.000000,0.000000
1732471160603,00012,111,2,139,139,1,84,0,2359,1565,981,323,1055,117,794,441313,0,981,323,63,509,483,0,0,1608,8,502,201,40,65179510,7,0,0,0,0,0,0,0,0.000000,0,0,0,0,0,0,0,0,0,0,0,0,0,10485240,0.000000,0.000000
1732471160603,00003,111,2,139,139,1,84,0,2359,1565,981,323,1055,117,794,441313,0,981,323,63,509,483,0,0,1608,8,502,201,40,65179510,7,481,301,320,0,161,180,92260,24.325000,0,320,0,0,0,161,0,0,401,0,0,41,39,9431031,799.000000,314.000000
1732471160703,00001,111,2,139,139,1,82,0,2275,1587,926,321,1028,115,688,458584,0,926,321,20,610,398,0,0,1575,10,492,198,0,66231641,7,462,305,321,0,141,157,77779,23.853393,0,321,0,0,82,59,0,0,395,0,40,27,0,9336169,872.000000,524.000000
1732471160703,00002,111,2,139,139,1,82,0,2275,1587,926,321,1028,115,688,458584,0,926,321,20,610,398,0,0,1575,10,492,198,0,66231641,7,458,324,0,321,137,134,68687,23.704464,0,0,321,20,117,0,0,0,393,10,55,0,0,9659109,843.000000,1781.000000
1732471160703,00006,111,2,139,139,1,82,0,2275,1587,926,321,1028,115,688,458584,0,926,321,20,610,398,0,0,1575,10,492,198,0,66231641,7,460,307,281,0,179,153,80462,24.399464,0,281,0,0,130,49,0,0,389,0,46,25,0,9597370,687.000000,1781.000000
1732471160703,00008,111,2,139,139,1,82,0,2275,1587,926,321,1028,115,688,458584,0,926,321,20,610,398,0,0,1575,10,492,198,0,66231641,7,431,341,0,0,431,90,150758,22.388929,0,0,0,0,281,150,0,0,0,0,351,80,0,7013678,2774.000000,8279.000000
1732471160703,00009,111,2,139,139,1,82,0,2275,1587,926,321,1028,115,688,458584,0,926,321,20,610,398,0,0,1575,10,492,198,0,66231641,7,0,0,0,0,0,0,0,0.000000,0,0,0,0,0,0,0,0,0,0,0,0,0,10485240,0.000000,0.000000
1732471160703,00012,111,2,139,139,1,82,0,2275,1587,926,321,1028,115,688,458584,0,926,321,20,610,398,0,0,1575,10,492,198,0,66231641,7,0,0,0,0,0,0,0,0.000000,0,0,0,0,0,0,0,0,0,0,0,0,0,10485240,0.000000,0.000000
1732471160703,00003,111,2,139,139,1,82,0,2275,1587,926,321,1028,115,688,458584,0,926,321,20,610,398,0,0,1575,10,492,198,0,66231641,7,464,310,324,0,140,154,80898,23.729286,0,324,0,0,0,140,0,0,398,0,0,66,0,9654835,805.000000,733.000000
1732471160803,00001,111,2,139,139,1,82,0,2293,1578,648,705,940,115,715,462379,0,648,610,95,488,452,0,0,795,827,437,184,50,67279535,7,477,308,5,303,169,169,110956,24.821429,0,5,303,0,0,169,0,0,6,407,0,42,22,9544608,980.000000,2829.000000
1732471160803,00002,111,2,139,139,1,82,0,2293,1578,648,705,940,115,715,462379,0,648,610,95,488,452,0,0,795,827,437,184,50,67279535,7,484,293,310,106,68,191,58517,25.516429,0,310,11,95,68,0,0,0,409,48,27,0,0,9892879,814.000000,733.000000
1732471160803,00006,111,2,139,139,1,82,0,2293,1578,648,705,940,115,715,462379,0,648,610,95,488,452,0,0,795,827,437,184,50,67279535,7,437,335,8,296,133,102,75109,21.966964,0,8,296,0,133,0,0,0,4,372,39,22,0,9813763,788.000000,3772.000000
1732471160803,00008,111,2,139,139,1,82,0,2293,1578,648,705,940,115,715,462379,0,648,610,95,488,452,0,0,795,827,437,184,50,67279535,7,443,335,0,0,443,108,141358,22.587500,0,0,0,0,287,156,0,0,0,0,371,72,0,7180119,2728.000000,7440.000000
1732471160803,00009,111,2,139,139,1,82,0,2293,1578,648,705,940,115,715,462379,0,648,610,95,488,452,0,0,795,827,437,184,50,67279535,7,0,0,0,0,0,0,0,0.000000,0,0,0,0,0,0,0,0,0,0,0,0,0,10485240,0.000000,0.000000
1732471160803,00012,111,2,139,139,1,82,0,2293,1578,648,705,940,115,715,462379,0,648,610,95,488,452,0,0,795,827,437,184,50,67279535,7,0,0,0,0,0,0,0,0.000000,0,0,0,0,0,0,0,0,0,0,0,0,0,10485240,0.000000,0.000000
1732471160803,00003,111,2,139,139,1,82,0,2293,1578,648,705,940,115,715,462379,0,648,610,95,488,452,0,0,795,827,437,184,50,67279535,7,452,307,325,0,127,145,76439,23.431429,0,325,0,0,0,127,0,0,376,0,0,48,28,9877686,800.000000,314.000000
1732471160903,00001,111,2,139,139,1,84,0,2341,1633,689,667,985,117,708,433015,373,316,637,71,545,399,0,452,796,392,452,213,36,68343780,7,463,320,304,8,151,143,83512,23.481071,0,304,8,0,25,126,0,0,389,3,0,35,36,9767508,962.000000,838.000000
1732471160903,00002,111,2,139,139,1,84,0,2341,1633,689,667,985,117,708,433015,373,316,637,71,545,399,0,452,796,392,452,213,36,68343780,7,447,342,4,334,109,105,64815,22.289643,0,4,304,71,68,0,0,0,3,386,58,0,0,10112248,860.000000,3248.000000
1732471160903,00006,111,2,139,139,1,84,0,2341,1633,689,667,985,117,708,433015,373,316,637,71,545,399,0,452,796,392,452,213,36,68343780,7,466,326,0,325,141,140,76050,23.704464,0,0,325,0,141,0,0,0,400,3,32,31,0,10036416,821.000000,1886.000000
1732471160903,00008,111,2,139,139,1,84,0,2341,1633,689,667,985,117,708,433015,373,316,637,71,545,399,0,452,796,392,452,213,36,68343780,7,440,343,0,0,440,97,136946,22.140714,0,0,0,0,291,149,0,0,0,0,353,87,0,7346387,2693.000000,6812.000000
1732471160903,00009,111,2,139,139,1,84,0,2341,1633,689,667,985,117,708,433015,373,316,637,71,545,399,0,452,796,392,452,213,36,68343780,7,0,0,0,0,0,0,0,0.000000,0,0,0,0,0,0,0,0,0,0,0,0,0,10485240,0.000000,0.000000
1732471160903,00012,111,2,139,139,1,84,0,2341,1633,689,667,985,117,708,433015,373,316,637,71,545,399,0,452,796,392,452,213,36,68343780,7,0,0,0,0,0,0,0,0.000000,0,0,0,0,0,0,0,0,0,0,0,0,0,10485240,0.000000,0.000000
1732471160903,00003,111,2,139,139,1,84,0,2341,1633,689,667,985,117,708,433015,373,316,637,71,545,399,0,452,796,392,452,213,36,68343780,7,525,302,381,0,144,223,71692,27.129821,373,8,0,0,20,124,0,452,4,0,9,60,0,10110741,729.000000,0.000000
1732471161003,00001,111,2,139,139,1,83,0,2339,1577,1252,40,1047,116,762,435105,9,1243,17,75,573,422,0,7,1593,17,512,179,31,69424869,7,484,295,328,0,156,189,79230,25.119286,0,328,0,0,34,122,0,0,409,0,12,63,0,9996073,925.000000,419.000000
1732471161003,00002,111,2,139,139,1,83,0,2339,1577,1252,40,1047,116,762,435105,9,1243,17,75,573,422,0,7,1593,17,512,179,31,69424869,7,451,316,290,33,128,135,58579,22.786071,0,290,10,75,76,0,0,0,370,17,64,0,0,10343828,849.000000,1152.000000
1732471161003,00006,111,2,139,139,1,83,0,2339,1577,1252,40,1047,116,762,435105,9,1243,17,75,573,422,0,7,1593,17,512,179,31,69424869,7,493,327,312,7,174,166,70329,23.977500,0,312,7,0,174,0,0,0,424,0,68,1,0,10266505,809.000000,1362.000000
1732471161003,00008,111,2,139,139,1,83,0,2339,1577,1252,40,1047,116,762,435105,9,1243,17,75,573,422,0,7,1593,17,512,179,31,69424869,7,441,335,0,0,441,106,137920,22.240000,0,0,0,0,289,152,0,0,0,0,368,73,0,7515617,2657.000000,7650.000000
1732471161003,00009,111,2,139,139,1,83,0,2339,1577,1252,40,1047,116,762,435105,9,1243,17,75,573,422,0,7,1593,17,512,179,31,69424869,7,0,0,0,0,0,0,0,0.000000,0,0,0,0,0,0,0,0,0,0,0,0,0,10485240,0.000000,0.000000
1732471161003,00012,111,2,139,139,1,83,0,2339,1577,1252,40,1047,116,762,435105,9,1243,17,75,573,422,0,7,1593,17,512,179,31,69424869,7,0,0,0,0,0,0,0,0.000000,0,0,0,0,0,0,0,0,0,0,0,0,0,10485240,0.000000,0.000000
1732471161003,00003,111,2,139,139,1,83,0,2339,1577,1252,40,1047,116,762,435105,9,1243,17,75,573,422,0,7,1593,17,512,179,31,69424869,7,470,304,322,0,148,166,89047,24.374643,9,313,0,0,0,148,0,7,390,0,0,42,31,10332366,740.000000,0.000000
1732471161103,00001,111,2,139,139,1,83,0,2344,1632,1016,321,1007,116,712,411304,0,1016,309,333,355,331,0,0,1232,396,442,228,46,70345374,7,495,310,348,0,147,185,75887,25.367500,0,348,0,0,0,147,0,0,415,0,0,80,0,10222774,896.000000,209.000000
1732471161103,00002,111,2,139,139,1,83,0,2344,1632,1016,321,1007,116,712,411304,0,1016,309,333,355,331,0,0,1232,396,442,228,46,70345374,7,462,335,351,12,99,127,49450,23.456250,0,351,0,48,63,0,0,0,403,26,33,0,0,10485030,833.000000,838.000000
1732471161103,00006,111,2,139,139,1,83,0,2344,1632,1016,321,1007,116,712,411304,0,1016,309,333,355,331,0,0,1232,396,442,228,46,70345374,7,448,335,6,309,133,113,76410,22.810893,0,6,309,0,133,0,0,0,5,370,45,28,0,10481921,857.000000,3458.000000
1732471161103,00008,111,2,139,139,1,83,0,2344,1632,1016,321,1007,116,712,411304,0,1016,309,333,355,331,0,0,1232,396,442,228,46,70345374,7,446,338,0,0,446,108,112173,22.438571,0,0,0,285,159,2,0,0,0,0,364,82,0,7700330,2579.000000,5344.000000
1732471161103,00009,111,2,139,139,1,83,0,2344,1632,1016,321,1007,116,712,411304,0,1016,309,333,355,331,0,0,1232,396,442,228,46,70345374,7,0,0,0,0,0,0,0,0.000000,0,0,0,0,0,0,0,0,0,0,0,0,0,10485240,0.000000,0.000000
1732471161103,00012,111,2,139,139,1,83,0,2344,1632,1016,321,1007,116,712,411304,0,1016,309,333,355,331,0,0,1232,396,442,228,46,70345374,7,0,0,0,0,0,0,0,0.000000,0,0,0,0,0,0,0,0,0,0,0,0,0,10485240,0.000000,0.000000
1732471161103,00003,111,2,139,139,1,83,0,2344,1632,1016,321,1007,116,712,411304,0,1016,309,333,355,331,0,0,1232,396,442,228,46,70345374,7,493,314,311,0,182,179,97384,24.598036,0,311,0,0,0,182,0,0,409,0,0,38,46,10484839,759.000000,524.000000
1732471161203,00001,111,2,139,139,1,83,0,2354,1570,614,582,1158,116,784,513559,0,614,581,15,729,415,0,0,1206,16,878,211,43,70701931,7,446,328,7,258,181,118,96583,22.388929,0,7,258,0,95,86,0,0,4,0,350,92,0,10431449,954.000000,3668.000000
1732471161203,00002,111,2,139,139,1,83,0,2354,1570,614,582,1158,116,784,513559,0,614,581,15,729,415,0,0,1206,16,878,211,43,70701931,7,493,309,8,317,168,184,73999,24.449107,0,8,316,10,159,0,0,0,402,11,80,0,0,10485267,843.000000,943.000000
1732471161203,00006,111,2,139,139,1,83,0,2354,1570,614,582,1158,116,784,513559,0,614,581,15,729,415,0,0,1206,16,878,211,43,70701931,7,504,296,300,7,197,208,78889,25.640536,0,300,7,0,197,0,0,0,414,5,85,0,0,10485403,854.000000,1152.000000
1732471161203,00008,111,2,139,139,1,83,0,2354,1570,614,582,1158,116,784,513559,0,614,581,15,729,415,0,0,1206,16,878,211,43,70701931,7,452,333,0,0,452,119,169482,22.637143,0,0,0,5,278,169,0,0,0,0,363,89,0,7844048,2638.000000,9327.000000
1732471161203,00009,111,2,139,139,1,83,0,2354,1570,614,582,1158,116,784,513559,0,614,581,15,729,415,0,0,1206,16,878,211,43,70701931,7,0,0,0,0,0,0,0,0.000000,0,0,0,0,0,0,0,0,0,0,0,0,0,10485240,0.000000,0.000000
1732471161203,00012,111,2,139,139,1,83,0,2354,1570,614,582,1158,116,784,513559,0,614,581,15,729,415,0,0,1206,16,878,211,43,70701931,7,0,0,0,0,0,0,0,0.000000,0,0,0,0,0,0,0,0,0,0,0,0,0,10485240,0.000000,0.000000
1732471161203,00003,111,2,139,139,1,83,0,2354,1570,614,582,1158,116,784,513559,0,614,581,15,729,415,0,0,1206,16,878,211,43,70701931,7,459,304,299,0,160,155,94606,23.654821,0,299,0,0,0,160,0,0,386,0,0,30,43,10485284,758.000000,104.000000
