0.02 0 1 1 0
0.02 0 2 1 0
0.02 0 3 1 0
0.02 0 4 1 0
0.02 0 5 1 0
0.02 0 6 1 0
0.02 0 7 1 0
0.02 0 8 1 0
0.02 0 9 1 0
0.02 0 10 1 0
0.0232143 0 2 1 0
0.0232143 0 5 1 0
0.0232143 0 1 1 0
0.0232143 0 3 1 0
0.0232143 0 8 1 0
0.0232143 0 6 1 0
0.0232143 0 7 1 0
0.0232143 0 4 1 0
0.0232143 0 9 1 0
0.0232143 0 10 1 0
0.025 0 11 1 0
0.025 0 12 1 0
0.0282143 0 12 1 0
0.0282143 0 11 1 0
0.03 0 1 1 0
0.03 0 2 1 0
0.03 0 3 1 0
0.03 0 4 1 0
0.03 0 5 1 0
0.03 0 6 1 0
0.03 0 7 1 0
0.03 0 8 1 0
0.03 0 9 1 0
0.03 0 10 1 0
0.0332143 0 2 1 0
0.0332143 0 5 1 0
0.0332143 0 1 1 0
0.0332143 0 3 1 0
0.0332143 0 8 1 0
0.0332143 0 6 1 0
0.0332143 0 7 1 0
0.0332143 0 4 1 0
0.0332143 0 9 1 0
0.0332143 0 10 1 0
0.035 0 11 1 0
0.035 0 12 1 0
0.0382143 0 12 1 0
0.0382143 0 11 1 0
0.04 0 1 1 0
0.04 0 2 1 0
0.04 0 3 1 0
0.04 0 4 1 0
0.04 0 5 1 0
0.04 0 6 1 0
0.04 0 7 1 0
0.04 0 8 1 0
0.04 0 9 1 0
0.04 0 10 1 0
0.0432143 0 2 1 0
0.0432143 0 5 1 0
0.0432143 0 1 1 0
0.0432143 0 3 1 0
0.0432143 0 8 1 0
0.0432143 0 6 1 0
0.0432143 0 7 1 0
0.0432143 0 4 1 0
0.0432143 0 9 1 0
0.0432143 0 10 1 0
0.04475 0 1 1 0
0.04475 0 2 1 0
0.04475 0 3 1 0
0.04475 0 4 1 0
0.04475 0 5 1 0
0.04475 0 6 1 0
0.04475 0 7 1 0
0.04475 0 8 1 0
0.04475 0 9 1 0
0.04475 0 1 1 0
0.04475 0 2 1 0
0.04475 0 3 1 0
0.045 0 11 1 0
0.045 0 12 1 0
0.0462679 0 1 1 0
0.0462679 0 2 1 0
0.0462679 0 3 1 0
0.0462679 0 4 1 0
0.0462679 0 5 1 0
0.0462679 0 6 1 0
0.0462679 0 7 1 0
0.0462679 0 9 1 0
0.0462679 0 8 1 0
0.0462679 0 1 1 0
0.0462679 0 3 1 0
0.0462679 0 2 1 0
0.0482143 0 12 1 0
0.0482143 0 11 1 0
0.05 0 1 1 0
0.05 0 2 1 0
0.05 0 3 1 0
0.05 0 4 1 0
0.05 0 5 1 0
0.05 0 6 1 0
0.05 0 7 1 0
0.05 0 8 1 0
0.05 0 9 1 0
0.05 0 10 1 0
0.0532143 0 2 1 0
0.0532143 0 5 1 0
0.0532143 0 1 1 0
0.0532143 0 3 1 0
0.0532143 0 8 1 0
0.0532143 0 6 1 0
0.0532143 0 7 1 0
0.0532143 0 4 1 0
0.0532143 0 9 1 0
0.0532143 0 10 1 0
0.05475 0 1 1 0
0.05475 0 2 1 0
0.05475 0 3 1 0
0.05475 0 4 1 0
0.05475 0 5 1 0
0.05475 0 6 1 0
0.05475 0 7 1 0
0.05475 0 8 1 0
0.05475 0 9 1 0
0.05475 0 1 1 0
0.05475 0 2 1 0
0.05475 0 3 1 0
0.055 0 11 1 0
0.055 0 12 1 0
0.0562679 0 1 1 0
0.0562679 0 2 1 0
0.0562679 0 3 1 0
0.0562679 0 4 1 0
0.0562679 0 5 1 0
0.0562679 0 6 1 0
0.0562679 0 7 1 0
0.0562679 0 9 1 0
0.0562679 0 8 1 0
0.0562679 0 1 1 0
0.0562679 0 3 1 0
0.0562679 0 2 1 0
0.0582143 0 12 1 0
0.0582143 0 11 1 0
0.06 0 1 1 0
0.06 0 2 1 0
0.06 0 3 1 0
0.06 0 4 1 0
0.06 0 5 1 0
0.06 0 6 1 0
0.06 0 7 1 0
0.06 0 8 1 0
0.06 0 9 1 0
0.06 0 10 1 0
0.0632143 0 2 1 0
0.0632143 0 5 1 0
0.0632143 0 1 1 0
0.0632143 0 3 1 0
0.0632143 0 8 1 0
0.0632143 0 6 1 0
0.0632143 0 7 1 0
0.0632143 0 4 1 0
0.0632143 0 9 1 0
0.0632143 0 10 1 0
0.06475 0 1 1 0
0.06475 0 2 1 0
0.06475 0 3 1 0
0.06475 0 4 1 0
0.06475 0 5 1 0
0.06475 0 6 1 0
0.06475 0 7 1 0
0.06475 0 8 1 0
0.06475 0 9 1 0
0.06475 0 1 1 0
0.06475 0 2 1 0
0.06475 0 3 1 0
0.065 0 11 1 0
0.065 0 12 1 0
0.0662679 0 1 1 0
0.0662679 0 2 1 0
0.0662679 0 3 1 0
0.0662679 0 4 1 0
0.0662679 0 5 1 0
0.0662679 0 6 1 0
0.0662679 0 7 1 0
0.0662679 0 9 1 0
0.0662679 0 8 1 0
0.0662679 0 1 1 0
0.0662679 0 3 1 0
0.0662679 0 2 1 0
0.0682143 0 12 1 0
0.0682143 0 11 1 0
0.07 0 1 1 0
0.07 0 2 1 0
0.07 0 3 1 0
0.07 0 4 1 0
0.07 0 5 1 0
0.07 0 6 1 0
0.07 0 7 1 0
0.07 0 8 1 0
0.07 0 9 1 0
0.07 0 10 1 0
0.0732143 0 2 1 0
0.0732143 0 5 1 0
0.0732143 0 1 1 0
0.0732143 0 3 1 0
0.0732143 0 8 1 0
0.0732143 0 6 1 0
0.0732143 0 7 1 0
0.0732143 0 4 1 0
0.0732143 0 9 1 0
0.0732143 0 10 1 0
0.07475 0 1 1 0
0.07475 0 2 1 0
0.07475 0 3 1 0
0.07475 0 4 1 0
0.07475 0 5 1 0
0.07475 0 6 1 0
0.07475 0 7 1 0
0.07475 0 8 1 0
0.07475 0 9 1 0
0.07475 0 1 1 0
0.07475 0 2 1 0
0.07475 0 3 1 0
0.075 0 11 1 0
0.075 0 12 1 0
0.0762679 0 1 1 0
0.0762679 0 2 1 0
0.0762679 0 3 1 0
0.0762679 0 4 1 0
0.0762679 0 5 1 0
0.0762679 0 6 1 0
0.0762679 0 7 1 0
0.0762679 0 9 1 0
0.0762679 0 8 1 0
0.0762679 0 1 1 0
0.0762679 0 3 1 0
0.0762679 0 2 1 0
0.0782143 0 12 1 0
0.0782143 0 11 1 0
0.08 0 1 1 0
0.08 0 2 1 0
0.08 0 3 1 0
0.08 0 4 1 0
0.08 0 5 1 0
0.08 0 6 1 0
0.08 0 7 1 0
0.08 0 8 1 0
0.08 0 9 1 0
0.08 0 10 1 0
0.0832143 0 2 1 0
0.0832143 0 5 1 0
0.0832143 0 1 1 0
0.0832143 0 3 1 0
0.0832143 0 8 1 0
0.0832143 0 6 1 0
0.0832143 0 7 1 0
0.0832143 0 4 1 0
0.0832143 0 9 1 0
0.0832143 0 10 1 0
0.08475 0 1 1 0
0.08475 0 2 1 0
0.08475 0 3 1 0
0.08475 0 4 1 0
0.08475 0 5 1 0
0.08475 0 6 1 0
0.08475 0 7 1 0
0.08475 0 8 1 0
0.08475 0 9 1 0
0.08475 0 1 1 0
0.08475 0 2 1 0
0.08475 0 3 1 0
0.085 0 11 1 0
0.085 0 12 1 0
0.0862679 0 1 1 0
0.0862679 0 2 1 0
0.0862679 0 3 1 0
0.0862679 0 4 1 0
0.0862679 0 5 1 0
0.0862679 0 6 1 0
0.0862679 0 7 1 0
0.0862679 0 9 1 0
0.0862679 0 8 1 0
0.0862679 0 1 1 0
0.0862679 0 3 1 0
0.0862679 0 2 1 0
0.0882143 0 12 1 0
0.0882143 0 11 1 0
0.09 0 1 1 0
0.09 0 2 1 0
0.09 0 3 1 0
0.09 0 4 1 0
0.09 0 5 1 0
0.09 0 6 1 0
0.09 0 7 1 0
0.09 0 8 1 0
0.09 0 9 1 0
0.09 0 10 1 0
0.0932143 0 2 1 0
0.0932143 0 5 1 0
0.0932143 0 1 1 0
0.0932143 0 3 1 0
0.0932143 0 8 1 0
0.0932143 0 6 1 0
0.0932143 0 7 1 0
0.0932143 0 4 1 0
0.0932143 0 9 1 0
0.0932143 0 10 1 0
0.09475 0 1 1 0
0.09475 0 2 1 0
0.09475 0 3 1 0
0.09475 0 4 1 0
0.09475 0 5 1 0
0.09475 0 6 1 0
0.09475 0 7 1 0
0.09475 0 8 1 0
0.09475 0 9 1 0
0.09475 0 1 1 0
0.09475 0 2 1 0
0.09475 0 3 1 0
0.095 0 11 1 0
0.095 0 12 1 0
0.0962679 0 1 1 0
0.0962679 0 2 1 0
0.0962679 0 3 1 0
0.0962679 0 4 1 0
0.0962679 0 5 1 0
0.0962679 0 6 1 0
0.0962679 0 7 1 0
0.0962679 0 9 1 0
0.0962679 0 8 1 0
0.0962679 0 1 1 0
0.0962679 0 3 1 0
0.0962679 0 2 1 0
0.0982143 0 12 1 0
0.0982143 0 11 1 0
0.1 0 1 1 0
0.1 0 2 1 0
0.1 0 3 1 0
0.1 0 4 1 0
0.1 0 5 1 0
0.1 0 6 1 0
0.1 0 7 1 0
0.1 0 8 1 0
0.1 0 9 1 0
0.1 0 10 1 0
0.103214 0 2 1 0
0.103214 0 5 1 0
0.103214 0 1 1 0
0.103214 0 3 1 0
0.103214 0 8 1 0
0.103214 0 6 1 0
0.103214 0 7 1 0
0.103214 0 4 1 0
0.103214 0 9 1 0
0.103214 0 10 1 0
0.10475 0 1 1 0
0.10475 0 2 1 0
0.10475 0 3 1 0
0.10475 0 4 1 0
0.10475 0 5 1 0
0.10475 0 6 1 0
0.10475 0 7 1 0
0.10475 0 8 1 0
0.10475 0 9 1 0
0.10475 0 1 1 0
0.10475 0 2 1 0
0.10475 0 3 1 0
0.105 0 11 1 0
0.105 0 12 1 0
0.106268 0 1 1 0
0.106268 0 2 1 0
0.106268 0 3 1 0
0.106268 0 4 1 0
0.106268 0 5 1 0
0.106268 0 6 1 0
0.106268 0 7 1 0
0.106268 0 9 1 0
0.106268 0 8 1 0
0.106268 0 1 1 0
0.106268 0 3 1 0
0.106268 0 2 1 0
0.108214 0 12 1 0
0.108214 0 11 1 0
0.11 0 1 1 0
0.11 0 2 1 0
0.11 0 3 1 0
0.11 0 4 1 0
0.11 0 5 1 0
0.11 0 6 1 0
0.11 0 7 1 0
0.11 0 8 1 0
0.11 0 9 1 0
0.11 0 10 1 0
0.113214 0 2 1 0
0.113214 0 5 1 0
0.113214 0 1 1 0
0.113214 0 3 1 0
0.113214 0 8 1 0
0.113214 0 6 1 0
0.113214 0 7 1 0
0.113214 0 4 1 0
0.113214 0 9 1 0
0.113214 0 10 1 0
0.11475 0 1 1 0
0.11475 0 2 1 0
0.11475 0 3 1 0
0.11475 0 4 1 0
0.11475 0 5 1 0
0.11475 0 6 1 0
0.11475 0 7 1 0
0.11475 0 8 1 0
0.11475 0 9 1 0
0.11475 0 1 1 0
0.11475 0 2 1 0
0.11475 0 3 1 0
0.115 0 11 1 0
0.115 0 12 1 0
0.116268 0 1 1 0
0.116268 0 2 1 0
0.116268 0 3 1 0
0.116268 0 4 1 0
0.116268 0 5 1 0
0.116268 0 6 1 0
0.116268 0 7 1 0
0.116268 0 9 1 0
0.116268 0 8 1 0
0.116268 0 1 1 0
0.116268 0 3 1 0
0.116268 0 2 1 0
0.118214 0 12 1 0
0.118214 0 11 1 0
0.12 0 1 1 0
0.12 0 2 1 0
0.12 0 3 1 0
0.12 0 4 1 0
0.12 0 5 1 0
0.12 0 6 1 0
0.12 0 7 1 0
0.12 0 8 1 0
0.12 0 9 1 0
0.12 0 10 1 0
0.123214 0 2 1 0
0.123214 0 5 1 0
0.123214 0 1 1 0
0.123214 0 3 1 0
0.123214 0 8 1 0
0.123214 0 6 1 0
0.123214 0 7 1 0
0.123214 0 4 1 0
0.123214 0 9 1 0
0.123214 0 10 1 0
0.12475 0 1 1 0
0.12475 0 2 1 0
0.12475 0 3 1 0
0.12475 0 4 1 0
0.12475 0 5 1 0
0.12475 0 6 1 0
0.12475 0 7 1 0
0.12475 0 8 1 0
0.12475 0 9 1 0
0.12475 0 1 1 0
0.12475 0 2 1 0
0.12475 0 3 1 0
0.125 0 11 1 0
0.125 0 12 1 0
0.126268 0 1 1 0
0.126268 0 2 1 0
0.126268 0 3 1 0
0.126268 0 4 1 0
0.126268 0 5 1 0
0.126268 0 6 1 0
0.126268 0 7 1 0
0.126268 0 9 1 0
0.126268 0 8 1 0
0.126268 0 1 1 0
0.126268 0 3 1 0
0.126268 0 2 1 0
0.128214 0 12 1 0
0.128214 0 11 1 0
0.13 0 1 1 0
0.13 0 2 1 0
0.13 0 3 1 0
0.13 0 4 1 0
0.13 0 5 1 0
0.13 0 6 1 0
0.13 0 7 1 0
0.13 0 8 1 0
0.13 0 9 1 0
0.13 0 10 1 0
0.133214 0 2 1 0
0.133214 0 5 1 0
0.133214 0 1 1 0
0.133214 0 3 1 0
0.133214 0 8 1 0
0.133214 0 6 1 0
0.133214 0 7 1 0
0.133214 0 4 1 0
0.133214 0 9 1 0
0.133214 0 10 1 0
0.13475 0 1 1 0
0.13475 0 2 1 0
0.13475 0 3 1 0
0.13475 0 4 1 0
0.13475 0 5 1 0
0.13475 0 6 1 0
0.13475 0 7 1 0
0.13475 0 8 1 0
0.13475 0 9 1 0
0.13475 0 1 1 0
0.13475 0 2 1 0
0.13475 0 3 1 0
0.135 0 11 1 0
0.135 0 12 1 0
0.136268 0 1 1 0
0.136268 0 2 1 0
0.136268 0 3 1 0
0.136268 0 4 1 0
0.136268 0 5 1 0
0.136268 0 6 1 0
0.136268 0 7 1 0
0.136268 0 9 1 0
0.136268 0 8 1 0
0.136268 0 1 1 0
0.136268 0 3 1 0
0.136268 0 2 1 0
0.138214 0 12 1 0
0.138214 0 11 1 0
0.14 0 1 1 0
0.14 0 2 1 0
0.14 0 3 1 0
0.14 0 4 1 0
0.14 0 5 1 0
0.14 0 6 1 0
0.14 0 7 1 0
0.14 0 8 1 0
0.14 0 9 1 0
0.14 0 10 1 0
0.143214 0 2 1 0
0.143214 0 5 1 0
0.143214 0 1 1 0
0.143214 0 3 1 0
0.143214 0 8 1 0
0.143214 0 6 1 0
0.143214 0 7 1 0
0.143214 0 4 1 0
0.143214 0 9 1 0
0.143214 0 10 1 0
0.14475 0 1 1 0
0.14475 0 2 1 0
0.14475 0 3 1 0
0.14475 0 4 1 0
0.14475 0 5 1 0
0.14475 0 6 1 0
0.14475 0 7 1 0
0.14475 0 8 1 0
0.14475 0 9 1 0
0.14475 0 1 1 0
0.14475 0 2 1 0
0.14475 0 3 1 0
0.145 0 11 1 0
0.145 0 12 1 0
0.146268 0 1 1 0
0.146268 0 2 1 0
0.146268 0 3 1 0
0.146268 0 4 1 0
0.146268 0 5 1 0
0.146268 0 6 1 0
0.146268 0 7 1 0
0.146268 0 9 1 0
0.146268 0 8 1 0
0.146268 0 1 1 0
0.146268 0 3 1 0
0.146268 0 2 1 0
0.148214 0 12 1 0
0.148214 0 11 1 0
0.15 0 1 1 0
0.15 0 2 1 0
0.15 0 3 1 0
0.15 0 4 1 0
0.15 0 5 1 0
0.15 0 6 1 0
0.15 0 7 1 0
0.15 0 8 1 0
0.15 0 9 1 0
0.15 0 10 1 0
0.153214 0 2 1 0
0.153214 0 5 1 0
0.153214 0 1 1 0
0.153214 0 3 1 0
0.153214 0 8 1 0
0.153214 0 6 1 0
0.153214 0 7 1 0
0.153214 0 4 1 0
0.153214 0 9 1 0
0.153214 0 10 1 0
0.15475 0 1 1 0
0.15475 0 2 1 0
0.15475 0 3 1 0
0.15475 0 4 1 0
0.15475 0 5 1 0
0.15475 0 6 1 0
0.15475 0 7 1 0
0.15475 0 8 1 0
0.15475 0 9 1 0
0.15475 0 1 1 0
0.15475 0 2 1 0
0.15475 0 3 1 0
0.155 0 11 1 0
0.155 0 12 1 0
0.156268 0 1 1 0
0.156268 0 2 1 0
0.156268 0 3 1 0
0.156268 0 4 1 0
0.156268 0 5 1 0
0.156268 0 6 1 0
0.156268 0 7 1 0
0.156268 0 9 1 0
0.156268 0 8 1 0
0.156268 0 1 1 0
0.156268 0 3 1 0
0.156268 0 2 1 0
0.158214 0 12 1 0
0.158214 0 11 1 0
0.16 0 1 1 0
0.16 0 2 1 0
0.16 0 3 1 0
0.16 0 4 1 0
0.16 0 5 1 0
0.16 0 6 1 0
0.16 0 7 1 0
0.16 0 8 1 0
0.16 0 9 1 0
0.16 0 10 1 0
0.163214 0 2 1 0
0.163214 0 5 1 0
0.163214 0 1 1 0
0.163214 0 3 1 0
0.163214 0 8 1 0
0.163214 0 6 1 0
0.163214 0 7 1 0
0.163214 0 4 1 0
0.163214 0 9 1 0
0.163214 0 10 1 0
0.16475 0 1 1 0
0.16475 0 2 1 0
0.16475 0 3 1 0
0.16475 0 4 1 0
0.16475 0 5 1 0
0.16475 0 6 1 0
0.16475 0 7 1 0
0.16475 0 8 1 0
0.16475 0 9 1 0
0.16475 0 1 1 0
0.16475 0 2 1 0
0.16475 0 3 1 0
0.165 0 11 1 0
0.165 0 12 1 0
0.166268 0 1 1 0
0.166268 0 2 1 0
0.166268 0 3 1 0
0.166268 0 4 1 0
0.166268 0 5 1 0
0.166268 0 6 1 0
0.166268 0 7 1 0
0.166268 0 9 1 0
0.166268 0 8 1 0
0.166268 0 1 1 0
0.166268 0 3 1 0
0.166268 0 2 1 0
0.168214 0 12 1 0
0.168214 0 11 1 0
0.17 0 1 1 0
0.17 0 2 1 0
0.17 0 3 1 0
0.17 0 4 1 0
0.17 0 5 1 0
0.17 0 6 1 0
0.17 0 7 1 0
0.17 0 8 1 0
0.17 0 9 1 0
0.17 0 10 1 0
0.173214 0 2 1 0
0.173214 0 5 1 0
0.173214 0 1 1 0
0.173214 0 3 1 0
0.173214 0 8 1 0
0.173214 0 6 1 0
0.173214 0 7 1 0
0.173214 0 4 1 0
0.173214 0 9 1 0
0.173214 0 10 1 0
0.17475 0 1 1 0
0.17475 0 2 1 0
0.17475 0 3 1 0
0.17475 0 4 1 0
0.17475 0 5 1 0
0.17475 0 6 1 0
0.17475 0 7 1 0
0.17475 0 8 1 0
0.17475 0 9 1 0
0.17475 0 1 1 0
0.17475 0 2 1 0
0.17475 0 3 1 0
0.175 0 11 1 0
0.175 0 12 1 0
0.176268 0 1 1 0
0.176268 0 2 1 0
0.176268 0 3 1 0
0.176268 0 4 1 0
0.176268 0 5 1 0
0.176268 0 6 1 0
0.176268 0 7 1 0
0.176268 0 9 1 0
0.176268 0 8 1 0
0.176268 0 1 1 0
0.176268 0 3 1 0
0.176268 0 2 1 0
0.178214 0 12 1 0
0.178214 0 11 1 0
0.18 0 1 1 0
0.18 0 2 1 0
0.18 0 3 1 0
0.18 0 4 1 0
0.18 0 5 1 0
0.18 0 6 1 0
0.18 0 7 1 0
0.18 0 8 1 0
0.18 0 9 1 0
0.18 0 10 1 0
0.183214 0 2 1 0
0.183214 0 5 1 0
0.183214 0 1 1 0
0.183214 0 3 1 0
0.183214 0 8 1 0
0.183214 0 6 1 0
0.183214 0 7 1 0
0.183214 0 4 1 0
0.183214 0 9 1 0
0.183214 0 10 1 0
0.18475 0 1 1 0
0.18475 0 2 1 0
0.18475 0 3 1 0
0.18475 0 4 1 0
0.18475 0 5 1 0
0.18475 0 6 1 0
0.18475 0 7 1 0
0.18475 0 8 1 0
0.18475 0 9 1 0
0.18475 0 1 1 0
0.18475 0 2 1 0
0.18475 0 3 1 0
0.185 0 11 1 0
0.185 0 12 1 0
0.186268 0 1 1 0
0.186268 0 2 1 0
0.186268 0 3 1 0
0.186268 0 4 1 0
0.186268 0 5 1 0
0.186268 0 6 1 0
0.186268 0 7 1 0
0.186268 0 9 1 0
0.186268 0 8 1 0
0.186268 0 1 1 0
0.186268 0 3 1 0
0.186268 0 2 1 0
0.188214 0 12 1 0
0.188214 0 11 1 0
0.19 0 1 1 0
0.19 0 2 1 0
0.19 0 3 1 0
0.19 0 4 1 0
0.19 0 5 1 0
0.19 0 6 1 0
0.19 0 7 1 0
0.19 0 8 1 0
0.19 0 9 1 0
0.19 0 10 1 0
0.193214 0 2 1 0
0.193214 0 5 1 0
0.193214 0 1 1 0
0.193214 0 3 1 0
0.193214 0 8 1 0
0.193214 0 6 1 0
0.193214 0 7 1 0
0.193214 0 4 1 0
0.193214 0 9 1 0
0.193214 0 10 1 0
0.19475 0 1 1 0
0.19475 0 2 1 0
0.19475 0 3 1 0
0.19475 0 4 1 0
0.19475 0 5 1 0
0.19475 0 6 1 0
0.19475 0 7 1 0
0.19475 0 8 1 0
0.19475 0 9 1 0
0.19475 0 1 1 0
0.19475 0 2 1 0
0.19475 0 3 1 0
0.195 0 11 1 0
0.195 0 12 1 0
0.196268 0 1 1 0
0.196268 0 2 1 0
0.196268 0 3 1 0
0.196268 0 4 1 0
0.196268 0 5 1 0
0.196268 0 6 1 0
0.196268 0 7 1 0
0.196268 0 9 1 0
0.196268 0 8 1 0
0.196268 0 1 1 0
0.196268 0 3 1 0
0.196268 0 2 1 0
0.198214 0 12 1 0
0.198214 0 11 1 0
0.2 0 1 1 0
0.2 0 2 1 0
0.2 0 3 1 0
0.2 0 4 1 0
0.2 0 5 1 0
0.2 0 6 1 0
0.2 0 7 1 0
0.2 0 8 1 0
0.2 0 9 1 0
0.2 0 10 1 0
0.203214 0 2 1 0
0.203214 0 5 1 0
0.203214 0 1 1 0
0.203214 0 3 1 0
0.203214 0 8 1 0
0.203214 0 6 1 0
0.203214 0 7 1 0
0.203214 0 4 1 0
0.203214 0 9 1 0
0.203214 0 10 1 0
0.20475 0 1 1 0
0.20475 0 2 1 0
0.20475 0 3 1 0
0.20475 0 4 1 0
0.20475 0 5 1 0
0.20475 0 6 1 0
0.20475 0 7 1 0
0.20475 0 8 1 0
0.20475 0 9 1 0
0.20475 0 1 1 0
0.20475 0 2 1 0
0.20475 0 3 1 0
0.205 0 11 1 0
0.205 0 12 1 0
0.206268 0 1 1 0
0.206268 0 2 1 0
0.206268 0 3 1 0
0.206268 0 4 1 0
0.206268 0 5 1 0
0.206268 0 6 1 0
0.206268 0 7 1 0
0.206268 0 9 1 0
0.206268 0 8 1 0
0.206268 0 1 1 0
0.206268 0 3 1 0
0.206268 0 2 1 0
0.208214 0 12 1 0
0.208214 0 11 1 0
0.21 0 1 1 0
0.21 0 2 1 0
0.21 0 3 1 0
0.21 0 4 1 0
0.21 0 5 1 0
0.21 0 6 1 0
0.21 0 7 1 0
0.21 0 8 1 0
0.21 0 9 1 0
0.21 0 10 1 0
0.213214 0 2 1 0
0.213214 0 5 1 0
0.213214 0 1 1 0
0.213214 0 3 1 0
0.213214 0 8 1 0
0.213214 0 6 1 0
0.213214 0 7 1 0
0.213214 0 4 1 0
0.213214 0 9 1 0
0.213214 0 10 1 0
0.21475 0 1 1 0
0.21475 0 2 1 0
0.21475 0 3 1 0
0.21475 0 4 1 0
0.21475 0 5 1 0
0.21475 0 6 1 0
0.21475 0 7 1 0
0.21475 0 8 1 0
0.21475 0 9 1 0
0.21475 0 1 1 0
0.21475 0 2 1 0
0.21475 0 3 1 0
0.215 0 11 1 0
0.215 0 12 1 0
0.216268 0 1 1 0
0.216268 0 2 1 0
0.216268 0 3 1 0
0.216268 0 4 1 0
0.216268 0 5 1 0
0.216268 0 6 1 0
0.216268 0 7 1 0
0.216268 0 9 1 0
0.216268 0 8 1 0
0.216268 0 1 1 0
0.216268 0 3 1 0
0.216268 0 2 1 0
0.218214 0 12 1 0
0.218214 0 11 1 0
0.22 0 1 1 0
0.22 0 2 1 0
0.22 0 3 1 0
0.22 0 4 1 0
0.22 0 5 1 0
0.22 0 6 1 0
0.22 0 7 1 0
0.22 0 8 1 0
0.22 0 9 1 0
0.22 0 10 1 0
0.223214 0 2 1 0
0.223214 0 5 1 0
0.223214 0 1 1 0
0.223214 0 3 1 0
0.223214 0 8 1 0
0.223214 0 6 1 0
0.223214 0 7 1 0
0.223214 0 4 1 0
0.223214 0 9 1 0
0.223214 0 10 1 0
0.22475 0 1 1 0
0.22475 0 2 1 0
0.22475 0 3 1 0
0.22475 0 4 1 0
0.22475 0 5 1 0
0.22475 0 6 1 0
0.22475 0 7 1 0
0.22475 0 8 1 0
0.22475 0 9 1 0
0.22475 0 1 1 0
0.22475 0 2 1 0
0.22475 0 3 1 0
0.225 0 11 1 0
0.225 0 12 1 0
0.226268 0 1 1 0
0.226268 0 2 1 0
0.226268 0 3 1 0
0.226268 0 4 1 0
0.226268 0 5 1 0
0.226268 0 6 1 0
0.226268 0 7 1 0
0.226268 0 9 1 0
0.226268 0 8 1 0
0.226268 0 1 1 0
0.226268 0 3 1 0
0.226268 0 2 1 0
0.228214 0 12 1 0
0.228214 0 11 1 0
0.23 0 1 1 0
0.23 0 2 1 0
0.23 0 3 1 0
0.23 0 4 1 0
0.23 0 5 1 0
0.23 0 6 1 0
0.23 0 7 1 0
0.23 0 8 1 0
0.23 0 9 1 0
0.23 0 10 1 0
0.233214 0 2 1 0
0.233214 0 5 1 0
0.233214 0 1 1 0
0.233214 0 3 1 0
0.233214 0 8 1 0
0.233214 0 6 1 0
0.233214 0 7 1 0
0.233214 0 4 1 0
0.233214 0 9 1 0
0.233214 0 10 1 0
0.23475 0 1 1 0
0.23475 0 2 1 0
0.23475 0 3 1 0
0.23475 0 4 1 0
0.23475 0 5 1 0
0.23475 0 6 1 0
0.23475 0 7 1 0
0.23475 0 8 1 0
0.23475 0 9 1 0
0.23475 0 1 1 0
0.23475 0 2 1 0
0.23475 0 3 1 0
0.235 0 11 1 0
0.235 0 12 1 0
0.236268 0 1 1 0
0.236268 0 2 1 0
0.236268 0 3 1 0
0.236268 0 4 1 0
0.236268 0 5 1 0
0.236268 0 6 1 0
0.236268 0 7 1 0
0.236268 0 9 1 0
0.236268 0 8 1 0
0.236268 0 1 1 0
0.236268 0 3 1 0
0.236268 0 2 1 0
0.238214 0 12 1 0
0.238214 0 11 1 0
0.24 0 1 1 0
0.24 0 2 1 0
0.24 0 3 1 0
0.24 0 4 1 0
0.24 0 5 1 0
0.24 0 6 1 0
0.24 0 7 1 0
0.24 0 8 1 0
0.24 0 9 1 0
0.24 0 10 1 0
0.243214 0 2 1 0
0.243214 0 5 1 0
0.243214 0 1 1 0
0.243214 0 3 1 0
0.243214 0 8 1 0
0.243214 0 6 1 0
0.243214 0 7 1 0
0.243214 0 4 1 0
0.243214 0 9 1 0
0.243214 0 10 1 0
0.24475 0 1 1 0
0.24475 0 2 1 0
0.24475 0 3 1 0
0.24475 0 4 1 0
0.24475 0 5 1 0
0.24475 0 6 1 0
0.24475 0 7 1 0
0.24475 0 8 1 0
0.24475 0 9 1 0
0.24475 0 1 1 0
0.24475 0 2 1 0
0.24475 0 3 1 0
0.245 0 11 1 0
0.245 0 12 1 0
0.246268 0 1 1 0
0.246268 0 2 1 0
0.246268 0 3 1 0
0.246268 0 4 1 0
0.246268 0 5 1 0
0.246268 0 6 1 0
0.246268 0 7 1 0
0.246268 0 9 1 0
0.246268 0 8 1 0
0.246268 0 1 1 0
0.246268 0 3 1 0
0.246268 0 2 1 0
0.248214 0 12 1 0
0.248214 0 11 1 0
0.25 0 1 1 0
0.25 0 2 1 0
0.25 0 3 1 0
0.25 0 4 1 0
0.25 0 5 1 0
0.25 0 6 1 0
0.25 0 7 1 0
0.25 0 8 1 0
0.25 0 9 1 0
0.25 0 10 1 0
0.253214 0 2 1 0
0.253214 0 5 1 0
0.253214 0 1 1 0
0.253214 0 3 1 0
0.253214 0 8 1 0
0.253214 0 6 1 0
0.253214 0 7 1 0
0.253214 0 4 1 0
0.253214 0 9 1 0
0.253214 0 10 1 0
0.25475 0 1 1 0
0.25475 0 2 1 0
0.25475 0 3 1 0
0.25475 0 4 1 0
0.25475 0 5 1 0
0.25475 0 6 1 0
0.25475 0 7 1 0
0.25475 0 8 1 0
0.25475 0 9 1 0
0.25475 0 1 1 0
0.25475 0 2 1 0
0.25475 0 3 1 0
0.255 0 11 1 0
0.255 0 12 1 0
0.256268 0 1 1 0
0.256268 0 2 1 0
0.256268 0 3 1 0
0.256268 0 4 1 0
0.256268 0 5 1 0
0.256268 0 6 1 0
0.256268 0 7 1 0
0.256268 0 9 1 0
0.256268 0 8 1 0
0.256268 0 1 1 0
0.256268 0 3 1 0
0.256268 0 2 1 0
0.258214 0 12 1 0
0.258214 0 11 1 0
0.26 0 1 1 0
0.26 0 2 1 0
0.26 0 3 1 0
0.26 0 4 1 0
0.26 0 5 1 0
0.26 0 6 1 0
0.26 0 7 1 0
0.26 0 8 1 0
0.26 0 9 1 0
0.26 0 10 1 0
0.263214 0 2 1 0
0.263214 0 5 1 0
0.263214 0 1 1 0
0.263214 0 3 1 0
0.263214 0 8 1 0
0.263214 0 6 1 0
0.263214 0 7 1 0
0.263214 0 4 1 0
0.263214 0 9 1 0
0.263214 0 10 1 0
0.26475 0 1 1 0
0.26475 0 2 1 0
0.26475 0 3 1 0
0.26475 0 4 1 0
0.26475 0 5 1 0
0.26475 0 6 1 0
0.26475 0 7 1 0
0.26475 0 8 1 0
0.26475 0 9 1 0
0.26475 0 1 1 0
0.26475 0 2 1 0
0.26475 0 3 1 0
0.265 0 11 1 0
0.265 0 12 1 0
0.266268 0 1 1 0
0.266268 0 2 1 0
0.266268 0 3 1 0
0.266268 0 4 1 0
0.266268 0 5 1 0
0.266268 0 6 1 0
0.266268 0 7 1 0
0.266268 0 9 1 0
0.266268 0 8 1 0
0.266268 0 1 1 0
0.266268 0 3 1 0
0.266268 0 2 1 0
0.268214 0 12 1 0
0.268214 0 11 1 0
0.27 0 1 1 0
0.27 0 2 1 0
0.27 0 3 1 0
0.27 0 4 1 0
0.27 0 5 1 0
0.27 0 6 1 0
0.27 0 7 1 0
0.27 0 8 1 0
0.27 0 9 1 0
0.27 0 10 1 0
0.273214 0 2 1 0
0.273214 0 5 1 0
0.273214 0 1 1 0
0.273214 0 3 1 0
0.273214 0 8 1 0
0.273214 0 6 1 0
0.273214 0 7 1 0
0.273214 0 4 1 0
0.273214 0 9 1 0
0.273214 0 10 1 0
0.27475 0 1 1 0
0.27475 0 2 1 0
0.27475 0 3 1 0
0.27475 0 4 1 0
0.27475 0 5 1 0
0.27475 0 6 1 0
0.27475 0 7 1 0
0.27475 0 8 1 0
0.27475 0 9 1 0
0.27475 0 1 1 0
0.27475 0 2 1 0
0.27475 0 3 1 0
0.275 0 11 1 0
0.275 0 12 1 0
0.276268 0 1 1 0
0.276268 0 2 1 0
0.276268 0 3 1 0
0.276268 0 4 1 0
0.276268 0 5 1 0
0.276268 0 6 1 0
0.276268 0 7 1 0
0.276268 0 9 1 0
0.276268 0 8 1 0
0.276268 0 1 1 0
0.276268 0 3 1 0
0.276268 0 2 1 0
0.278214 0 12 1 0
0.278214 0 11 1 0
0.28 0 1 1 0
0.28 0 2 1 0
0.28 0 3 1 0
0.28 0 4 1 0
0.28 0 5 1 0
0.28 0 6 1 0
0.28 0 7 1 0
0.28 0 8 1 0
0.28 0 9 1 0
0.28 0 10 1 0
0.283214 0 2 1 0
0.283214 0 5 1 0
0.283214 0 1 1 0
0.283214 0 3 1 0
0.283214 0 8 1 0
0.283214 0 6 1 0
0.283214 0 7 1 0
0.283214 0 4 1 0
0.283214 0 9 1 0
0.283214 0 10 1 0
0.28475 0 1 1 0
0.28475 0 2 1 0
0.28475 0 3 1 0
0.28475 0 4 1 0
0.28475 0 5 1 0
0.28475 0 6 1 0
0.28475 0 7 1 0
0.28475 0 8 1 0
0.28475 0 9 1 0
0.28475 0 1 1 0
0.28475 0 2 1 0
0.28475 0 3 1 0
0.285 0 11 1 0
0.285 0 12 1 0
0.286268 0 1 1 0
0.286268 0 2 1 0
0.286268 0 3 1 0
0.286268 0 4 1 0
0.286268 0 5 1 0
0.286268 0 6 1 0
0.286268 0 7 1 0
0.286268 0 9 1 0
0.286268 0 8 1 0
0.286268 0 1 1 0
0.286268 0 3 1 0
0.286268 0 2 1 0
0.288214 0 12 1 0
0.288214 0 11 1 0
0.29 0 1 1 0
0.29 0 2 1 0
0.29 0 3 1 0
0.29 0 4 1 0
0.29 0 5 1 0
0.29 0 6 1 0
0.29 0 7 1 0
0.29 0 8 1 0
0.29 0 9 1 0
0.29 0 10 1 0
0.293214 0 2 1 0
0.293214 0 5 1 0
0.293214 0 1 1 0
0.293214 0 3 1 0
0.293214 0 8 1 0
0.293214 0 6 1 0
0.293214 0 7 1 0
0.293214 0 4 1 0
0.293214 0 9 1 0
0.293214 0 10 1 0
0.29475 0 1 1 0
0.29475 0 2 1 0
0.29475 0 3 1 0
0.29475 0 4 1 0
0.29475 0 5 1 0
0.29475 0 6 1 0
0.29475 0 7 1 0
0.29475 0 8 1 0
0.29475 0 9 1 0
0.29475 0 1 1 0
0.29475 0 2 1 0
0.29475 0 3 1 0
0.295 0 11 1 0
0.295 0 12 1 0
0.296268 0 1 1 0
0.296268 0 2 1 0
0.296268 0 3 1 0
0.296268 0 4 1 0
0.296268 0 5 1 0
0.296268 0 6 1 0
0.296268 0 7 1 0
0.296268 0 9 1 0
0.296268 0 8 1 0
0.296268 0 1 1 0
0.296268 0 3 1 0
0.296268 0 2 1 0
0.298214 0 12 1 0
0.298214 0 11 1 0
0.3 0 1 1 0
0.3 0 2 1 0
0.3 0 3 1 0
0.3 0 4 1 0
0.3 0 5 1 0
0.3 0 6 1 0
0.3 0 7 1 0
0.3 0 8 1 0
0.3 0 9 1 0
0.3 0 10 1 0
0.303214 0 2 1 0
0.303214 0 5 1 0
0.303214 0 1 1 0
0.303214 0 3 1 0
0.303214 0 8 1 0
0.303214 0 6 1 0
0.303214 0 7 1 0
0.303214 0 4 1 0
0.303214 0 9 1 0
0.303214 0 10 1 0
0.30475 0 1 1 0
0.30475 0 2 1 0
0.30475 0 3 1 0
0.30475 0 4 1 0
0.30475 0 5 1 0
0.30475 0 6 1 0
0.30475 0 7 1 0
0.30475 0 8 1 0
0.30475 0 9 1 0
0.30475 0 1 1 0
0.30475 0 2 1 0
0.30475 0 3 1 0
0.305 0 11 1 0
0.305 0 12 1 0
0.306268 0 1 1 0
0.306268 0 2 1 0
0.306268 0 3 1 0
0.306268 0 4 1 0
0.306268 0 5 1 0
0.306268 0 6 1 0
0.306268 0 7 1 0
0.306268 0 9 1 0
0.306268 0 8 1 0
0.306268 0 1 1 0
0.306268 0 3 1 0
0.306268 0 2 1 0
0.308214 0 12 1 0
0.308214 0 11 1 0
0.31 0 1 1 0
0.31 0 2 1 0
0.31 0 3 1 0
0.31 0 4 1 0
0.31 0 5 1 0
0.31 0 6 1 0
0.31 0 7 1 0
0.31 0 8 1 0
0.31 0 9 1 0
0.31 0 10 1 0
0.313214 0 2 1 0
0.313214 0 5 1 0
0.313214 0 1 1 0
0.313214 0 3 1 0
0.313214 0 8 1 0
0.313214 0 6 1 0
0.313214 0 7 1 0
0.313214 0 4 1 0
0.313214 0 9 1 0
0.313214 0 10 1 0
0.31475 0 1 1 0
0.31475 0 2 1 0
0.31475 0 3 1 0
0.31475 0 4 1 0
0.31475 0 5 1 0
0.31475 0 6 1 0
0.31475 0 7 1 0
0.31475 0 8 1 0
0.31475 0 9 1 0
0.31475 0 1 1 0
0.31475 0 2 1 0
0.31475 0 3 1 0
0.315 0 11 1 0
0.315 0 12 1 0
0.316268 0 1 1 0
0.316268 0 2 1 0
0.316268 0 3 1 0
0.316268 0 4 1 0
0.316268 0 5 1 0
0.316268 0 6 1 0
0.316268 0 7 1 0
0.316268 0 9 1 0
0.316268 0 8 1 0
0.316268 0 1 1 0
0.316268 0 3 1 0
0.316268 0 2 1 0
0.318214 0 12 1 0
0.318214 0 11 1 0
0.32 0 1 1 0
0.32 0 2 1 0
0.32 0 3 1 0
0.32 0 4 1 0
0.32 0 5 1 0
0.32 0 6 1 0
0.32 0 7 1 0
0.32 0 8 1 0
0.32 0 9 1 0
0.32 0 10 1 0
0.323214 0 2 1 0
0.323214 0 5 1 0
0.323214 0 1 1 0
0.323214 0 3 1 0
0.323214 0 8 1 0
0.323214 0 6 1 0
0.323214 0 7 1 0
0.323214 0 4 1 0
0.323214 0 9 1 0
0.323214 0 10 1 0
0.32475 0 1 1 0
0.32475 0 2 1 0
0.32475 0 3 1 0
0.32475 0 4 1 0
0.32475 0 5 1 0
0.32475 0 6 1 0
0.32475 0 7 1 0
0.32475 0 8 1 0
0.32475 0 9 1 0
0.32475 0 1 1 0
0.32475 0 2 1 0
0.32475 0 3 1 0
0.325 0 11 1 0
0.325 0 12 1 0
0.326268 0 1 1 0
0.326268 0 2 1 0
0.326268 0 3 1 0
0.326268 0 4 1 0
0.326268 0 5 1 0
0.326268 0 6 1 0
0.326268 0 7 1 0
0.326268 0 9 1 0
0.326268 0 8 1 0
0.326268 0 1 1 0
0.326268 0 3 1 0
0.326268 0 2 1 0
0.328214 0 12 1 0
0.328214 0 11 1 0
0.33 0 1 1 0
0.33 0 2 1 0
0.33 0 3 1 0
0.33 0 4 1 0
0.33 0 5 1 0
0.33 0 6 1 0
0.33 0 7 1 0
0.33 0 8 1 0
0.33 0 9 1 0
0.33 0 10 1 0
0.333214 0 2 1 0
0.333214 0 5 1 0
0.333214 0 1 1 0
0.333214 0 3 1 0
0.333214 0 8 1 0
0.333214 0 6 1 0
0.333214 0 7 1 0
0.333214 0 4 1 0
0.333214 0 9 1 0
0.333214 0 10 1 0
0.33475 0 1 1 0
0.33475 0 2 1 0
0.33475 0 3 1 0
0.33475 0 4 1 0
0.33475 0 5 1 0
0.33475 0 6 1 0
0.33475 0 7 1 0
0.33475 0 8 1 0
0.33475 0 9 1 0
0.33475 0 1 1 0
0.33475 0 2 1 0
0.33475 0 3 1 0
0.335 0 11 1 0
0.335 0 12 1 0
0.336268 0 1 1 0
0.336268 0 2 1 0
0.336268 0 3 1 0
0.336268 0 4 1 0
0.336268 0 5 1 0
0.336268 0 6 1 0
0.336268 0 7 1 0
0.336268 0 9 1 0
0.336268 0 8 1 0
0.336268 0 1 1 0
0.336268 0 3 1 0
0.336268 0 2 1 0
0.338214 0 12 1 0
0.338214 0 11 1 0
0.34 0 1 1 0
0.34 0 2 1 0
0.34 0 3 1 0
0.34 0 4 1 0
0.34 0 5 1 0
0.34 0 6 1 0
0.34 0 7 1 0
0.34 0 8 1 0
0.34 0 9 1 0
0.34 0 10 1 0
0.343214 0 2 1 0
0.343214 0 5 1 0
0.343214 0 1 1 0
0.343214 0 3 1 0
0.343214 0 8 1 0
0.343214 0 6 1 0
0.343214 0 7 1 0
0.343214 0 4 1 0
0.343214 0 9 1 0
0.343214 0 10 1 0
0.34475 0 1 1 0
0.34475 0 2 1 0
0.34475 0 3 1 0
0.34475 0 4 1 0
0.34475 0 5 1 0
0.34475 0 6 1 0
0.34475 0 7 1 0
0.34475 0 8 1 0
0.34475 0 9 1 0
0.34475 0 1 1 0
0.34475 0 2 1 0
0.34475 0 3 1 0
0.345 0 11 1 0
0.345 0 12 1 0
0.346268 0 1 1 0
0.346268 0 2 1 0
0.346268 0 3 1 0
0.346268 0 4 1 0
0.346268 0 5 1 0
0.346268 0 6 1 0
0.346268 0 7 1 0
0.346268 0 9 1 0
0.346268 0 8 1 0
0.346268 0 1 1 0
0.346268 0 3 1 0
0.346268 0 2 1 0
0.348214 0 12 1 0
0.348214 0 11 1 0
0.35 0 1 1 0
0.35 0 2 1 0
0.35 0 3 1 0
0.35 0 4 1 0
0.35 0 5 1 0
0.35 0 6 1 0
0.35 0 7 1 0
0.35 0 8 1 0
0.35 0 9 1 0
0.35 0 10 1 0
0.353214 0 2 1 0
0.353214 0 5 1 0
0.353214 0 1 1 0
0.353214 0 3 1 0
0.353214 0 8 1 0
0.353214 0 6 1 0
0.353214 0 7 1 0
0.353214 0 4 1 0
0.353214 0 9 1 0
0.353214 0 10 1 0
0.35475 0 1 1 0
0.35475 0 2 1 0
0.35475 0 3 1 0
0.35475 0 4 1 0
0.35475 0 5 1 0
0.35475 0 6 1 0
0.35475 0 7 1 0
0.35475 0 8 1 0
0.35475 0 9 1 0
0.35475 0 1 1 0
0.35475 0 2 1 0
0.35475 0 3 1 0
0.355 0 11 1 0
0.355 0 12 1 0
0.356268 0 1 1 0
0.356268 0 2 1 0
0.356268 0 3 1 0
0.356268 0 4 1 0
0.356268 0 5 1 0
0.356268 0 6 1 0
0.356268 0 7 1 0
0.356268 0 9 1 0
0.356268 0 8 1 0
0.356268 0 1 1 0
0.356268 0 3 1 0
0.356268 0 2 1 0
0.358214 0 12 1 0
0.358214 0 11 1 0
